-2.4183e+06
-2.40284e+06
-2.3766e+06
-2.33869e+06
-2.28793e+06
-2.22304e+06
-2.14386e+06
-2.04711e+06
-1.93376e+06
-1.80243e+06
-1.65424e+06
-1.49092e+06
-1.31648e+06
-1.13645e+06
-960940
-797967
-655825
-540469
-455778
-401694
-374729
-371833
-385909
-413116
-447661
-485981
-523859
-560521
-592000
-619383
-641449
-657681
-668667
-674860
-676274
-671660
-661306
-646720
-628660
-608230
-587769
-569306
-553969
-544555
-541371
-544384
-554891
-568920
-585498
-602460
-617909
-630353
-638875
-642579
-642264
-639141
-633806
-626871
-620676
-616106
-613998
-614172
-616797
-620939
-625681
-630469
-634465
-637151
-638329
-636971
-632887
-626286
-617234
-605482
-591530
-577138
-562985
-550297
-540801
-533618
-528942
-525320
-522234
-519339
-516103
-512471
-506932
-500263
-493100
-484840
-477196
-471550
-469258
-470732
-476388
-484887
-495266
-507017
-519363
-530422
-539046
-545325
-547724
-546579
-541335
-533092
-522357
-511542
-501246
-493277
-486956
-484079
-484068
-486098
-489297
-495266
-502533
-511396
-520344
-529494
-537745
-544507
-548579
-550104
-549964
-549366
-551673
-558053
-570565
-588525
-610809
-634682
-656847
-677382
-692046
-702445
-708205
-710166
-710006
-708701
-706913
-705097
-702628
-698838
-693732
-686572
-677156
-665270
-651648
-637664
-624215
-613034
-603350
-595940
-591107
-587367
-583975
-580748
-577857
-575509
-574714
-575990
-578848
-584909
-593267
-603347
-614230
-623964
-630426
-633097
-631202
-623686
-611279
-595859
-578511
-562828
-549486
-539505
-531490
-525323
-520051
-516454
-514280
-514803
-519869
-529147
-542387
-558235
-574112
-588368
-599507
-605992
-609289
-608355
-604310
-598532
-591260
-583320
-576400
-568052
-560555
-553804
-549808
-548854
-552143
-560705
-574059
-591537
-612040
-634720
-656032
-674411
-688607
-698067
-701634
-699616
-692651
-680650
-664936
-647454
-629175
-610782
-594670
-581810
-571667
-563665
-558114
-554125
-550940
-547973
-545937
-544047
-542991
-542611
-543953
-545157
-546599
-547227
-546421
-543668
-539208
-533136
-525764
-517919
-510883
-505216
-500420
-497735
-496901
-496946
-484485
-443002
-373593
-277265
-157458
-21443.2
122549
267038
404372
527917
634824
719941
781555
821618
843287
850956
851091
846695
840609
830710
815118
794145
767977
740339
713841
693471
680477
673391
669363
666387
659238
644527
617862
580189
533726
485266
440420
402355
371933
349490
337907
338040
351336
380351
425150
484439
551478
615245
662705
685504
684323
668871
652566
644166
649074
665113
689809
717892
745498
771888
796162
818783
839445
859288
879009
900854
924302
946522
962725
965419
947958
906863
848310
778707
707824
642932
588042
545758
514054
492826
482821
482363
489414
501722
515530
530700
545552
560566
573478
581510
580933
570038
550000
522571
492082
461827
432960
405367
381611
365329
360771
372127
399897
440998
488109
532721
572752
608655
639455
664728
686718
709279
737729
772594
810667
847743
877364
895947
900848
888051
860053
817449
763862
701333
630647
555032
478224
405147
341743
293346
263110
252731
263678
292960
336220
386867
436784
477843
507457
526643
538784
546644
552371
552599
547941
541580
540491
549869
570353
602702
644740
692094
740570
784667
818377
839821
849148
848175
841622
832808
826992
829230
839731
854039
865253
865055
849279
822737
798269
787197
798005
821702
836450
822914
783029
736089
697538
673953
663464
662739
668733
679677
694492
711333
727030
741180
749315
753500
755707
757206
756673
749122
734768
714397
690102
665876
642445
620139
598653
578252
559197
543101
530331
519505
512335
506996
504802
505559
508939
512510
516045
518140
518294
516356
512874
511005
514048
525703
547149
578430
614642
653497
687490
710382
716238
703507
677344
645243
614694
591724
576475
568356
564625
563964
564138
565732
569913
579156
592590
614591
643864
678878
715312
749735
776976
794048
800383
797176
785889
772346
756977
737660
719892
705999
698370
695584
694184
690964
685853
680472
674845
670539
665439
656626
643117
624350
600123
571947
542905
515049
492725
476657
470704
473156
483044
498112
518274
540277
562928
583680
598820
606729
608745
607191
604356
600675
596899
593063
589429
586375
585181
585462
586592
587665
587430
586355
583718
578350
571578
564215
557905
553231
552369
552213
554547
557770
561228
565753
570523
577255
586445
601079
622769
651371
684763
719934
752773
779087
794895
798408
787986
767350
741789
716417
694484
678041
666474
657500
652019
648221
647339
651095
657262
663925
666371
661748
647971
626213
598952
567941
535027
502706
470586
441511
414710
390530
368195
347916
331179
317190
309335
306244
308649
316362
328401
337431
342312
341058
334903
327868
323844
324291
330626
341292
353932
366200
376171
381377
379862
371827
359040
343533
331214
326205
332126
349625
376797
408355
436897
455616
460305
451832
432166
407578
381879
359187
343165
337236
341263
356664
379878
408455
438332
464272
483609
494384
494755
486811
471214
449322
421833
391373
361214
334101
314555
303774
304041
315439
335384
362091
390673
417957
442141
462036
478032
489936
498381
505314
511074
516980
524504
536555
550826
566312
579884
585848
580738
565928
543853
519710
497287
480163
470528
470995
480493
497911
517795
533065
536309
524421
499589
467107
434419
406174
386655
376059
372022
371463
371413
370403
368188
366900
368163
373953
384938
399801
419597
439556
459771
478495
495629
511111
526645
545216
567403
590595
610692
622473
624411
619918
613562
605616
596858
585761
572050
558479
547657
543849
549947
564951
587199
611443
632692
642741
637231
614976
579209
537910
498228
465131
443526
436203
442426
460222
485155
514159
545672
577410
610956
643618
677579
710992
740667
763598
776697
779685
772021
752250
723240
688122
654204
627419
612312
612760
628444
657197
692735
729905
762447
784362
793257
786076
758782
708811
642167
568540
498921
442135
401268
376203
365882
368308
380727
401587
426711
454292
480409
502629
521492
536147
547561
555444
559984
563300
564843
566248
567124
565051
560395
553223
545767
539138
535661
535591
536706
537458
536346
533351
529963
527332
525137
521137
514442
505957
500023
500949
511902
533819
563067
598172
632569
663208
686588
697161
694443
677183
647602
610567
572903
540890
517860
505127
502257
509000
523818
545138
571037
599442
629191
657858
680131
692560
692567
678917
654702
626181
598211
573901
552391
531220
506882
477388
443761
410176
380041
357077
343251
339478
344343
356288
371337
385962
398477
411051
422382
431737
435351
431242
418476
398522
375615
353272
333394
316321
302123
292562
291746
303263
328186
363995
404265
439986
464953
478293
483799
485337
489048
498452
514389
536945
565860
598706
630422
660072
682978
696342
700325
693096
678459
658664
637574
615340
592816
570459
550823
532448
513772
488704
455383
414493
370563
330417
296974
272083
255509
247349
248761
259586
277604
301173
324025
347148
369353
389282
407413
422567
435893
450132
467321
489109
515265
545580
575468
603258
626019
639771
642745
632672
611460
586701
562234
540591
522415
506887
491722
474786
455283
436030
420338
412586
415860
431213
459079
498324
546102
597164
646934
689114
721840
739393
742152
731303
708904
678554
645619
613676
586894
569193
562174
565457
576628
591894
604697
608222
597401
571792
535037
493079
452852
417278
388216
365036
348469
337089
331495
331019
337110
349833
373054
405266
448348
500400
556611
611255
656946
689881
710190
721586
727557
732506
737979
741961
743486
743790
742817
744235
751044
765615
788033
812963
833334
843119
836127
813909
779255
737015
690893
646107
609600
586927
582236
595793
625385
666107
710481
751404
781354
794623
792009
773869
744865
712821
684681
668828
670725
690086
720903
754690
785821
811183
832272
854634
880815
912616
947816
983799
1.01198e+06
1.02436e+06
1.01875e+06
995181
959797
917994
873957
828580
783380
737888
691741
646821
607359
576737
559555
558953
571375
587875
595840
584916
556395
519453
483345
452065
429656
415321
410290
413119
426253
450264
485021
528587
577790
630120
679543
721473
751776
767102
766976
750003
718551
677571
633455
592544
557058
529999
513049
505308
505804
515072
531549
556347
585047
612278
628746
625854
602064
559049
504673
446041
387706
335355
291870
259416
238900
233220
242015
261581
291155
324879
357406
383052
397938
402523
399033
392091
387752
388004
393323
403517
418505
440683
470170
507851
554018
606316
661313
716422
767924
808303
831683
830906
804214
755299
692515
628051
569924
525154
496485
484813
487606
501819
522660
546870
572251
598820
626576
652548
676858
699747
725089
756009
794956
837386
876467
903818
914424
907400
886587
857690
826730
796834
766752
736091
703776
671200
640505
613735
591578
571070
551932
531665
512639
495685
486400
486494
499023
522277
554026
589281
622418
648603
663757
669594
668509
661574
651468
636946
622049
609784
601870
600874
608949
624844
648888
677547
707617
734954
754027
762899
759991
746755
727793
706248
686063
667696
649470
629461
607249
583956
565469
556683
562799
584173
618838
661919
707692
749869
783475
803149
812946
814372
812221
809296
808207
809375
811845
816667
821851
828159
834789
842310
850656
859964
867768
871584
869118
857244
837040
812274
782535
751257
720110
690462
664540
644628
630948
619082
603569
580222
546091
501030
447957
394875
344691
304052
273932
255258
247372
247666
255328
269307
288481
312686
340766
370358
398819
424567
444174
456244
459383
454374
444108
430873
422053
420896
431658
454101
485597
516235
538749
549170
553175
555995
557932
553203
531678
494076
449871
413456
395007
396940
419296
461097
518971
592004
675259
761278
842963
911996
961287
989541
997473
986337
962210
930688
896528
863497
835157
814190
800051
792335
787861
777927
753401
708605
648050
583175
526683
484912
460272
449754
449916
455175
462053
465560
463251
455989
445081
433326
424120
420898
425397
438256
458068
484102
515740
554252
601113
654471
709825
757203
787254
793390
774407
735535
684231
630733
581638
540686
508943
487093
474030
468155
468329
471494
476265
482992
490041
498471
508641
521213
535272
551803
569176
586054
602954
617634
628855
634652
634636
629031
618577
610328
608406
616231
633480
658390
688658
722981
759418
794828
829312
861370
887150
903527
907536
898054
876785
847981
812983
775318
735552
692175
645904
599673
558028
527107
511538
513566
532742
564138
603635
645335
682942
712267
731607
741518
741927
734678
719969
698238
669845
639622
609725
584331
561764
539805
517045
490976
462373
433240
408175
390613
379997
376094
378714
384866
393881
404446
416221
428804
445730
468495
498610
536366
579712
625336
669323
706560
733475
748197
749565
740230
723263
700639
674215
646655
620238
599484
587461
587702
601402
627916
665423
711787
762340
810576
850865
875594
880772
864777
832975
792020
751130
716218
689659
672556
661262
653845
651479
653987
663025
674961
687069
694651
696034
690105
677780
659996
636828
609676
579197
547297
519853
500325
492043
495434
507328
523632
540770
555940
565360
570115
570545
563774
548209
523240
492913
460801
433588
415634
408204
412473
427233
449230
474254
498531
519928
533458
537944
533290
519729
499131
473327
446784
424477
409827
406128
414393
434111
461424
489601
513246
527221
530579
523720
509558
489520
464004
436187
408684
385964
372855
372508
384448
407030
436002
468738
502868
538696
573917
606837
632136
645745
646233
634863
618892
607092
606526
622591
653757
697031
744673
790995
832119
866236
888749
898890
896877
886307
865684
831940
782217
714802
639770
568229
507333
461169
429666
409243
396477
390802
389494
392964
401157
413971
430202
448850
469437
491010
510511
524794
529167
520269
496425
460156
412806
360718
308542
262181
227181
204412
196333
202194
221654
253234
294573
343048
395016
445982
495155
540547
580703
614521
641436
662616
675985
683554
684381
677176
661054
637849
608375
578573
552464
534240
526805
530489
543034
560300
576183
586641
587184
579743
565868
549183
533200
521813
514552
512459
514563
519138
525625
532127
536047
534336
521750
499234
469056
437603
411214
395952
393811
407237
433984
468450
503063
530409
546547
551659
547781
538799
524913
508735
490522
473119
456375
441102
429428
420985
418475
422080
433611
451365
475179
504261
534288
564172
590377
611052
624436
629118
625560
617001
609475
606034
609086
621229
644073
677658
720758
767959
812436
846552
865678
871344
866335
855590
841693
826114
808630
787917
763016
733241
700773
664449
624620
579732
529979
476068
421440
368184
321896
284559
257495
242258
239425
249119
269702
299749
333812
367085
393447
411246
419555
421107
420121
422130
430587
447433
471450
500386
529810
559261
586491
610839
632028
651881
670940
691735
713726
736021
754857
766659
768697
760136
740591
710796
676639
642790
613596
591050
574302
561542
550414
543429
541734
548821
567776
596679
632290
666517
693610
708675
709449
697495
675177
645974
616693
591558
573862
564992
564307
569690
575770
576971
571091
558654
543217
528689
516530
506934
498383
490976
482203
473420
464350
453941
441135
426696
411340
396924
385226
377800
373524
373800
376648
380591
383103
386472
390444
399148
415062
439749
471194
505701
539261
569962
597958
625967
654996
688706
726022
765657
803371
835030
854455
857691
841929
809058
764853
718039
676211
642738
620575
606075
595623
583186
567771
549807
533253
524114
525866
541280
568136
600598
624288
627253
603728
562221
515833
472205
435857
409318
394938
393437
403223
425412
458082
498221
541841
582818
615695
637481
648998
654401
658277
662721
671468
685353
704482
726273
748166
766532
777027
776825
766708
747229
720704
692552
664901
640519
618228
596191
572173
546150
518888
494512
478245
473373
480005
497305
520306
541737
552891
552200
539525
521781
503678
490929
489176
499030
517319
540281
559334
565192
553775
528470
498938
475398
464300
467712
481830
499581
515197
523643
526708
526818
529345
537517
553514
576414
602582
628405
649246
664038
672878
677798
683452
692560
706287
724129
743056
762555
780133
797532
811379
818292
812891
792271
756556
711769
663699
621460
591083
575698
575409
587764
609880
635000
657477
669488
665508
644278
606468
556335
503050
450822
405380
369673
346322
337834
342891
358404
377710
396150
409446
415271
419439
425448
435284
451158
470499
490661
509252
525030
536061
545296
553314
563566
576935
594503
615903
640186
660946
668286
655729
624767
588564
560529
548828
554821
577301
610208
643652
665133
664231
640234
601981
561111
525102
501100
492041
499251
521635
557421
599696
640567
674861
696080
704741
698748
680067
651413
616388
576019
535031
493704
455743
425204
404419
394567
395897
402900
413340
421269
425879
425931
424359
423758
428303
439547
457505
481082
508744
538867
570419
603557
634979
663461
686682
701629
705754
696876
672949
636187
591538
546237
507014
476197
454723
441169
435090
432352
431961
431071
429002
422473
412487
397850
379835
361539
345729
334324
329678
330514
335991
344619
354669
365574
377722
391939
408967
427257
444437
456857
464103
468966
474073
486050
505857
534460
571491
616181
662828
709688
751966
785530
810195
824246
830620
827966
815952
791363
749955
690902
617533
534298
451116
373699
305939
250895
210550
183083
169035
166280
177401
200486
236689
283200
339332
401418
466374
528433
581401
619066
638058
638635
623817
600632
575323
551828
530557
509979
489264
469958
454678
447122
450853
468639
501716
548839
607413
670099
728636
775940
807447
821566
818277
798271
762603
715881
662589
607137
555647
511118
477469
457993
456865
472690
502560
542297
585995
627991
667391
701944
730219
750693
758354
749197
721687
677844
620761
558146
497177
444083
402255
370125
347414
331989
322729
318094
319868
327690
343052
365591
394198
423668
446864
458235
456324
446002
433700
424381
418030
416705
422740
438168
465640
504249
551681
604704
657712
704010
737791
754973
752298
731332
695377
647638
594531
541020
490032
445951
409528
382718
366368
356173
351365
350004
352932
361074
373671
386565
396875
401691
401594
399209
399725
406979
424117
451286
487801
534076
588117
646090
702342
752551
793710
827130
852740
872692
885228
887578
875798
850504
810783
761748
709215
659431
617531
584738
559184
537749
520814
503872
487813
469911
450670
429086
405163
380622
356585
335597
316247
299088
284430
275303
274105
281470
298527
325558
360479
401307
444733
483979
511642
524376
520776
506516
486397
464925
446361
432663
426004
426875
433993
445337
456401
465457
469955
467520
459606
449178
441189
441118
451330
471579
499414
527616
545025
540978
509865
458165
400644
351183
315312
294671
288219
293212
308167
329711
359260
392597
428288
463023
494282
523096
551502
577981
598633
612030
618702
618866
615364
610470
604277
595947
582414
563756
542184
519272
496288
473787
452297
431927
412450
397127
386683
383711
389460
404464
427607
455928
487326
519434
551420
581226
606789
623900
630457
625190
613167
600403
591507
588470
589499
593766
600151
609724
620009
631800
640652
641842
631831
609348
574831
533870
492899
459581
440658
438881
452085
474852
502759
527913
550855
570396
586483
599628
609682
613814
610437
599341
581984
563113
546359
535388
532826
536998
548200
563107
577336
586182
586356
577779
561533
540263
515696
490332
467112
446045
431209
424400
428002
443200
468510
503812
543927
585446
624563
657527
682478
698711
705731
702589
691251
671831
647192
619424
591769
568052
549414
535038
526374
522953
522132
523293
526074
527577
525237
517254
501313
477421
445899
407953
363965
319359
276031
237392
208867
193465
193579
208067
233758
266287
300143
333633
362447
387813
410467
432940
455357
480158
508260
538504
568421
594877
612620
616953
604738
579092
546396
514537
492651
485730
494637
520241
562948
620139
688340
761356
832500
893232
938203
965420
974835
969037
948092
911747
859754
793649
720636
646886
580191
527742
491561
475084
473605
483103
498641
514282
526406
532952
532915
528060
518671
509242
501555
497706
497319
502114
508646
516581
524418
531176
536822
544187
553472
563555
574845
584379
589664
589267
580509
565202
546107
528782
517350
514226
516858
522339
529572
541001
558493
581397
607066
631394
650154
659887
659684
650284
633034
612992
596223
586456
587829
603647
634434
674532
717826
756534
780984
787456
775006
748042
712483
675178
639750
609064
582341
560160
539225
519126
498064
477276
456835
439288
426068
418601
418153
424757
437047
455394
476031
496900
515159
528081
535235
538024
539020
542872
553526
573793
605147
649146
702542
759284
809183
843491
857265
850178
826345
792025
752339
709865
667490
625620
585333
547541
512857
482834
460252
447748
447912
462453
489683
523742
560016
594043
623617
650079
676795
705441
735921
766761
792843
809012
814705
813375
811722
813283
819442
824670
816237
785789
734759
670835
606687
553450
519079
507113
516575
540701
572460
600634
616006
611295
589199
557096
524912
501384
487995
484831
489223
496953
503806
509153
513242
518686
527099
539508
554909
571541
585211
594782
600164
602801
603513
602852
604271
605731
604099
599465
593316
589422
594741
612917
647471
697582
760203
828790
894157
943243
964021
949919
908500
854844
802499
759215
729122
711139
703835
707951
725909
755221
790585
826774
855232
867448
860724
835420
796005
746956
691224
630336
566657
502856
442759
391918
357434
342528
349125
374625
417032
472150
533116
594747
651150
696169
724098
733608
722937
695722
658464
621207
592264
577796
580761
600903
633887
676389
722637
767327
806332
834796
850521
851476
838928
815153
785629
752673
720254
693250
674420
667157
672968
690103
715280
743812
768839
784998
789376
780631
760534
734783
708281
685057
670627
666374
674612
694920
724864
758329
790136
814871
828673
832016
827095
817322
802971
782947
757509
729014
702509
681424
666645
655421
643932
629364
612310
595076
579025
564577
549711
531126
506459
476825
445742
416335
390629
367887
349695
