2.73153e-21
2.72393e-21
2.71035e-21
2.68996e-21
2.66165e-21
2.62398e-21
2.57521e-21
2.51334e-21
2.43653e-21
2.34314e-21
2.23246e-21
2.10529e-21
1.96472e-21
1.81646e-21
1.6686e-21
1.5306e-21
1.41134e-21
1.31747e-21
1.2524e-21
1.21609e-21
1.20575e-21
1.21677e-21
1.24374e-21
1.28113e-21
1.32399e-21
1.36819e-21
1.41054e-21
1.44883e-21
1.48178e-21
1.50886e-21
1.53005e-21
1.54563e-21
1.5559e-21
1.56099e-21
1.56086e-21
1.55547e-21
1.5449e-21
1.52964e-21
1.51063e-21
1.48936e-21
1.46761e-21
1.44738e-21
1.43074e-21
1.4196e-21
1.41538e-21
1.41855e-21
1.42839e-21
1.44305e-21
1.46014e-21
1.47734e-21
1.49269e-21
1.50484e-21
1.51292e-21
1.51659e-21
1.516e-21
1.51185e-21
1.5053e-21
1.49781e-21
1.49095e-21
1.48602e-21
1.48388e-21
1.48477e-21
1.48838e-21
1.49399e-21
1.5007e-21
1.50759e-21
1.51387e-21
1.51888e-21
1.52209e-21
1.52308e-21
1.52147e-21
1.517e-21
1.50953e-21
1.49918e-21
1.48647e-21
1.47243e-21
1.45851e-21
1.44628e-21
1.43681e-21
1.4304e-21
1.42649e-21
1.42407e-21
1.42223e-21
1.42038e-21
1.41816e-21
1.41519e-21
1.411e-21
1.40515e-21
1.3977e-21
1.38931e-21
1.38118e-21
1.37474e-21
1.37122e-21
1.37136e-21
1.37527e-21
1.38247e-21
1.39209e-21
1.40305e-21
1.41417e-21
1.42432e-21
1.43242e-21
1.4375e-21
1.43883e-21
1.43602e-21
1.42925e-21
1.41924e-21
1.40722e-21
1.39469e-21
1.3831e-21
1.3736e-21
1.36689e-21
1.36311e-21
1.3621e-21
1.36352e-21
1.36699e-21
1.37222e-21
1.37894e-21
1.38689e-21
1.39572e-21
1.40474e-21
1.41295e-21
1.41909e-21
1.42206e-21
1.4215e-21
1.41821e-21
1.41418e-21
1.41216e-21
1.41482e-21
1.42374e-21
1.43896e-21
1.4589e-21
1.48096e-21
1.50223e-21
1.5203e-21
1.5337e-21
1.54206e-21
1.54597e-21
1.54664e-21
1.54549e-21
1.54377e-21
1.54225e-21
1.54114e-21
1.54009e-21
1.53852e-21
1.53572e-21
1.53104e-21
1.52413e-21
1.51504e-21
1.50423e-21
1.49263e-21
1.48136e-21
1.47161e-21
1.46419e-21
1.45934e-21
1.45664e-21
1.4552e-21
1.45409e-21
1.45268e-21
1.45093e-21
1.44926e-21
1.44847e-21
1.44943e-21
1.4529e-21
1.45925e-21
1.4684e-21
1.47964e-21
1.49175e-21
1.50315e-21
1.51215e-21
1.51718e-21
1.51708e-21
1.51133e-21
1.50037e-21
1.48562e-21
1.46925e-21
1.45353e-21
1.44017e-21
1.42972e-21
1.42167e-21
1.41499e-21
1.40883e-21
1.40312e-21
1.39864e-21
1.39672e-21
1.39869e-21
1.40531e-21
1.41624e-21
1.43009e-21
1.44472e-21
1.45791e-21
1.46791e-21
1.47374e-21
1.47528e-21
1.47305e-21
1.468e-21
1.46114e-21
1.45336e-21
1.44516e-21
1.4368e-21
1.42852e-21
1.42066e-21
1.41387e-21
1.40911e-21
1.40746e-21
1.40995e-21
1.41728e-21
1.42954e-21
1.44614e-21
1.4658e-21
1.48677e-21
1.50714e-21
1.52504e-21
1.53899e-21
1.54794e-21
1.55131e-21
1.54895e-21
1.54116e-21
1.52863e-21
1.51245e-21
1.4941e-21
1.47523e-21
1.45749e-21
1.44229e-21
1.43047e-21
1.42226e-21
1.41731e-21
1.41483e-21
1.41396e-21
1.41397e-21
1.41448e-21
1.41542e-21
1.41696e-21
1.41937e-21
1.42285e-21
1.42738e-21
1.4326e-21
1.43792e-21
1.44258e-21
1.44585e-21
1.44724e-21
1.44655e-21
1.44395e-21
1.43996e-21
1.43539e-21
1.43115e-21
1.42807e-21
1.42679e-21
1.42758e-21
1.43028e-21
1.43437e-21
4.1148e-21
4.08547e-21
4.02835e-21
3.94435e-21
3.83693e-21
3.71232e-21
3.57889e-21
3.44538e-21
3.31925e-21
3.20611e-21
3.11019e-21
3.0348e-21
2.9816e-21
2.94972e-21
2.93538e-21
2.93276e-21
2.93588e-21
2.94055e-21
2.94558e-21
2.95245e-21
2.96397e-21
2.98206e-21
3.00595e-21
3.03217e-21
3.05592e-21
3.07315e-21
3.0822e-21
3.08378e-21
3.08036e-21
3.07549e-21
3.07376e-21
3.08073e-21
3.10105e-21
3.13552e-21
3.17976e-21
3.22678e-21
3.27069e-21
3.30838e-21
3.33866e-21
3.36065e-21
3.37305e-21
3.3741e-21
3.3615e-21
3.33263e-21
3.28584e-21
3.22255e-21
3.14944e-21
3.07896e-21
3.02625e-21
3.0018e-21
3.0051e-21
3.02543e-21
3.04861e-21
3.06323e-21
3.06378e-21
3.0507e-21
3.02865e-21
3.0035e-21
2.97944e-21
2.95801e-21
2.93899e-21
2.922e-21
2.90663e-21
2.89185e-21
2.8757e-21
2.85631e-21
2.8331e-21
2.80831e-21
2.78765e-21
2.77955e-21
2.79204e-21
2.82861e-21
2.88607e-21
2.95554e-21
3.02638e-21
3.0901e-21
3.14213e-21
3.18123e-21
3.20783e-21
3.2226e-21
3.22642e-21
3.22072e-21
3.20786e-21
3.19073e-21
3.17197e-21
3.15332e-21
3.13554e-21
3.11903e-21
3.10488e-21
3.09559e-21
3.09469e-21
3.10491e-21
3.12595e-21
3.15438e-21
3.18563e-21
3.21645e-21
3.24557e-21
3.27286e-21
3.29724e-21
3.31526e-21
3.32153e-21
3.31102e-21
3.28225e-21
3.23923e-21
3.19044e-21
3.14409e-21
3.10373e-21
3.06915e-21
3.04037e-21
3.01808e-21
3.00036e-21
2.98162e-21
2.9563e-21
2.92273e-21
2.88373e-21
2.84486e-21
2.81198e-21
2.79e-21
2.78271e-21
2.7925e-21
2.81923e-21
2.86018e-21
2.91209e-21
2.97286e-21
3.0412e-21
3.11505e-21
3.19066e-21
3.26272e-21
3.32523e-21
3.37277e-21
3.40133e-21
3.40869e-21
3.39467e-21
3.36129e-21
3.31289e-21
3.25661e-21
3.2018e-21
3.15749e-21
3.12864e-21
3.11388e-21
3.10754e-21
3.10495e-21
3.10584e-21
3.11273e-21
3.12626e-21
3.14224e-21
3.1536e-21
3.15422e-21
3.14126e-21
3.11491e-21
3.07744e-21
3.03257e-21
2.98557e-21
2.94271e-21
2.90974e-21
2.88987e-21
2.88301e-21
2.88653e-21
2.89647e-21
2.90784e-21
2.91492e-21
2.91258e-21
2.89914e-21
2.87826e-21
2.85878e-21
2.85086e-21
2.86002e-21
2.88216e-21
2.90377e-21
2.90863e-21
2.88787e-21
2.84921e-21
2.81809e-21
2.8199e-21
2.85515e-21
2.90218e-21
2.94101e-21
2.96473e-21
2.97517e-21
2.97635e-21
2.97127e-21
2.96164e-21
2.94873e-21
2.93431e-21
2.92107e-21
2.91191e-21
2.90834e-21
2.90957e-21
2.91331e-21
2.91812e-21
2.92509e-21
2.93728e-21
2.95707e-21
2.98377e-21
3.01392e-21
3.04356e-21
3.07063e-21
3.09523e-21
3.11852e-21
3.14096e-21
3.16196e-21
3.1804e-21
3.19557e-21
3.20745e-21
3.21631e-21
3.22226e-21
3.22506e-21
3.22452e-21
3.22102e-21
3.21574e-21
3.21036e-21
3.2065e-21
3.20528e-21
3.2068e-21
3.20991e-21
3.21188e-21
3.20882e-21
3.1967e-21
3.17323e-21
3.1388e-21
3.09673e-21
3.05248e-21
3.01281e-21
2.98519e-21
2.97609e-21
2.98776e-21
3.01611e-21
3.05213e-21
3.08648e-21
3.11328e-21
3.13113e-21
3.14171e-21
3.14786e-21
3.15205e-21
3.15558e-21
3.15837e-21
3.15926e-21
3.15646e-21
3.14778e-21
3.13121e-21
3.10598e-21
3.07362e-21
3.0379e-21
3.00403e-21
2.97692e-21
2.95998e-21
2.95486e-21
2.96123e-21
2.97638e-21
2.99554e-21
2.34382e-21
2.3675e-21
2.38975e-21
2.40602e-21
2.41433e-21
2.41617e-21
2.41573e-21
2.4168e-21
2.42018e-21
2.42414e-21
2.42695e-21
2.42854e-21
2.43052e-21
2.43511e-21
2.44432e-21
2.45915e-21
2.47955e-21
2.50433e-21
2.53115e-21
2.55681e-21
2.57771e-21
2.59089e-21
2.59481e-21
2.58986e-21
2.57762e-21
2.55992e-21
2.53822e-21
2.51404e-21
2.48961e-21
2.46805e-21
2.45255e-21
2.44475e-21
2.44391e-21
2.44759e-21
2.45322e-21
2.4592e-21
2.46508e-21
2.47093e-21
2.47655e-21
2.4813e-21
2.48449e-21
2.48592e-21
2.48599e-21
2.48546e-21
2.48519e-21
2.48603e-21
2.48871e-21
2.4936e-21
2.50027e-21
2.50744e-21
2.51345e-21
2.51704e-21
2.51789e-21
2.51647e-21
2.51332e-21
2.50905e-21
2.50413e-21
2.49916e-21
2.49428e-21
2.48864e-21
2.48028e-21
2.46668e-21
2.44575e-21
2.41692e-21
2.38168e-21
2.34334e-21
2.30644e-21
2.27596e-21
2.25667e-21
2.25204e-21
2.26244e-21
2.28428e-21
2.31157e-21
2.33845e-21
2.36091e-21
2.37719e-21
2.38763e-21
2.39395e-21
2.39794e-21
2.39987e-21
2.39853e-21
2.39278e-21
2.38332e-21
2.37335e-21
2.36744e-21
2.36961e-21
2.38168e-21
2.40303e-21
2.4314e-21
2.46404e-21
2.4984e-21
2.5324e-21
2.56464e-21
2.59429e-21
2.62126e-21
2.6457e-21
2.66773e-21
2.68718e-21
2.7036e-21
2.71629e-21
2.72435e-21
2.72672e-21
2.72258e-21
2.71224e-21
2.69824e-21
2.68536e-21
2.6785e-21
2.67963e-21
2.6864e-21
2.69413e-21
2.69857e-21
2.69742e-21
2.6902e-21
2.67784e-21
2.66238e-21
2.64647e-21
2.63311e-21
2.62518e-21
2.62475e-21
2.63237e-21
2.64654e-21
2.66381e-21
2.67924e-21
2.68747e-21
2.68404e-21
2.66697e-21
2.63804e-21
2.60332e-21
2.57147e-21
2.55042e-21
2.54473e-21
2.55456e-21
2.57636e-21
2.60467e-21
2.63393e-21
2.65946e-21
2.67769e-21
2.68592e-21
2.6825e-21
2.66745e-21
2.64276e-21
2.61214e-21
2.58027e-21
2.55195e-21
2.53115e-21
2.52031e-21
2.52016e-21
2.52999e-21
2.54856e-21
2.57455e-21
2.60658e-21
2.64259e-21
2.67957e-21
2.71374e-21
2.74116e-21
2.75855e-21
2.764e-21
2.75739e-21
2.74055e-21
2.71694e-21
2.69075e-21
2.66577e-21
2.64453e-21
2.62812e-21
2.61635e-21
2.6085e-21
2.60351e-21
2.60028e-21
2.59757e-21
2.59371e-21
2.58679e-21
2.57516e-21
2.55841e-21
2.53843e-21
2.51964e-21
2.50772e-21
2.50692e-21
2.51762e-21
2.53639e-21
2.55821e-21
2.57843e-21
2.59339e-21
2.6003e-21
2.59715e-21
2.58342e-21
2.56118e-21
2.53577e-21
2.51511e-21
2.50719e-21
2.51638e-21
2.54138e-21
2.57601e-21
2.61222e-21
2.64317e-21
2.66494e-21
2.67698e-21
2.68167e-21
2.68304e-21
2.68509e-21
2.68996e-21
2.69717e-21
2.70452e-21
2.70943e-21
2.70981e-21
2.70461e-21
2.69383e-21
2.67867e-21
2.66104e-21
2.64309e-21
2.62664e-21
2.61249e-21
2.60017e-21
2.5877e-21
2.5723e-21
2.55207e-21
2.52874e-21
2.50827e-21
2.49723e-21
2.49729e-21
2.50459e-21
2.51414e-21
2.52369e-21
2.53387e-21
2.5461e-21
2.56071e-21
2.57575e-21
2.58732e-21
2.59098e-21
2.5836e-21
2.56466e-21
2.53655e-21
2.5044e-21
2.47533e-21
2.45712e-21
2.45583e-21
2.47333e-21
2.50616e-21
2.54704e-21
2.58761e-21
2.62082e-21
2.64194e-21
2.64871e-21
2.64137e-21
2.62239e-21
2.59574e-21
2.56562e-21
2.53484e-21
2.50424e-21
2.47358e-21
2.44324e-21
2.76766e-21
2.73542e-21
2.70707e-21
2.68548e-21
2.67249e-21
2.66945e-21
2.67775e-21
2.69799e-21
2.72884e-21
2.76607e-21
2.80308e-21
2.83259e-21
2.84846e-21
2.84716e-21
2.82824e-21
2.7944e-21
2.75101e-21
2.70515e-21
2.66402e-21
2.63323e-21
2.61647e-21
2.61697e-21
2.63921e-21
2.68641e-21
2.75505e-21
2.83347e-21
2.90783e-21
2.96866e-21
3.01234e-21
3.039e-21
3.05046e-21
3.0489e-21
3.03661e-21
3.01633e-21
2.99135e-21
2.96534e-21
2.94138e-21
2.92133e-21
2.90578e-21
2.89463e-21
2.88759e-21
2.88416e-21
2.88338e-21
2.88401e-21
2.88497e-21
2.88593e-21
2.88739e-21
2.89033e-21
2.89545e-21
2.90237e-21
2.90924e-21
2.91352e-21
2.91323e-21
2.90837e-21
2.90117e-21
2.89473e-21
2.89093e-21
2.8895e-21
2.88871e-21
2.88724e-21
2.88569e-21
2.88658e-21
2.89212e-21
2.90138e-21
2.90966e-21
2.91098e-21
2.90126e-21
2.87957e-21
2.8477e-21
2.80934e-21
2.76933e-21
2.73297e-21
2.70493e-21
2.68894e-21
2.68769e-21
2.70245e-21
2.73159e-21
2.76961e-21
2.8089e-21
2.84268e-21
2.86702e-21
2.88071e-21
2.88414e-21
2.87829e-21
2.86421e-21
2.84325e-21
2.81698e-21
2.78705e-21
2.7554e-21
2.72491e-21
2.69961e-21
2.68431e-21
2.68293e-21
2.69639e-21
2.72154e-21
2.75208e-21
2.78143e-21
2.80597e-21
2.8265e-21
2.84681e-21
2.87081e-21
2.90019e-21
2.9337e-21
2.96796e-21
2.99866e-21
3.02173e-21
3.0343e-21
3.03546e-21
3.02649e-21
3.01051e-21
2.99136e-21
2.97211e-21
2.95403e-21
2.93706e-21
2.92119e-21
2.90789e-21
2.90018e-21
2.90114e-21
2.91192e-21
2.93056e-21
2.95303e-21
2.97544e-21
2.99584e-21
3.01414e-21
3.03029e-21
3.04238e-21
3.04627e-21
3.0373e-21
3.0133e-21
2.97685e-21
2.9354e-21
2.89863e-21
2.87411e-21
2.8639e-21
2.86443e-21
2.86938e-21
2.87264e-21
2.86975e-21
2.85815e-21
2.83732e-21
2.80882e-21
2.77561e-21
2.74104e-21
2.70844e-21
2.68142e-21
2.66357e-21
2.65717e-21
2.66196e-21
2.67516e-21
2.693e-21
2.71267e-21
2.73316e-21
2.7541e-21
2.77421e-21
2.79158e-21
2.80587e-21
2.82027e-21
2.84041e-21
2.87046e-21
2.90967e-21
2.95283e-21
2.99352e-21
3.02723e-21
3.05248e-21
3.0695e-21
3.07822e-21
3.0777e-21
3.06748e-21
3.04907e-21
3.02596e-21
3.00192e-21
2.9794e-21
2.95911e-21
2.94126e-21
2.92648e-21
2.91507e-21
2.90602e-21
2.89672e-21
2.88425e-21
2.86665e-21
2.84365e-21
2.81664e-21
2.78813e-21
2.76116e-21
2.73933e-21
2.72671e-21
2.7271e-21
2.74202e-21
2.76874e-21
2.80102e-21
2.83263e-21
2.85989e-21
2.88184e-21
2.89977e-21
2.91646e-21
2.93485e-21
2.95589e-21
2.97768e-21
2.99603e-21
3.00632e-21
3.00489e-21
2.98972e-21
2.96076e-21
2.91967e-21
2.86962e-21
2.8152e-21
2.76189e-21
2.71541e-21
2.68075e-21
2.66114e-21
2.65763e-21
2.66915e-21
2.69289e-21
2.72477e-21
2.76e-21
2.7937e-21
2.82141e-21
2.83956e-21
2.84605e-21
2.84064e-21
2.82544e-21
2.80508e-21
2.78633e-21
2.7771e-21
2.78378e-21
2.80793e-21
2.84511e-21
2.88753e-21
2.92812e-21
2.96267e-21
2.98988e-21
3.01002e-21
3.02388e-21
3.0322e-21
3.03552e-21
3.03396e-21
3.02702e-21
3.01335e-21
2.99096e-21
2.95799e-21
2.91382e-21
2.86016e-21
2.80154e-21
2.74496e-21
2.6979e-21
2.66538e-21
2.64771e-21
2.64099e-21
2.63981e-21
2.64003e-21
2.64012e-21
2.64066e-21
2.64307e-21
2.64798e-21
2.65408e-21
2.65809e-21
2.65579e-21
2.64394e-21
2.62252e-21
2.59615e-21
2.57331e-21
2.56274e-21
2.56935e-21
2.59298e-21
2.63049e-21
2.67795e-21
2.73079e-21
2.78315e-21
2.82794e-21
2.85828e-21
2.86923e-21
2.85917e-21
2.83027e-21
2.78803e-21
2.74025e-21
2.69554e-21
2.66174e-21
2.64448e-21
2.64611e-21
2.66536e-21
2.69749e-21
2.73502e-21
2.76905e-21
2.7909e-21
2.79451e-21
2.779e-21
2.75004e-21
2.71783e-21
2.69122e-21
2.67249e-21
2.658e-21
2.64245e-21
2.62157e-21
2.59291e-21
2.55675e-21
2.5173e-21
2.48293e-21
2.46282e-21
2.46211e-21
2.47924e-21
2.50827e-21
2.54299e-21
2.57935e-21
2.61554e-21
2.65152e-21
2.68817e-21
2.72588e-21
2.76323e-21
2.79642e-21
2.82018e-21
2.82947e-21
2.82156e-21
2.79865e-21
2.77042e-21
2.75242e-21
2.75708e-21
2.78427e-21
2.82345e-21
2.86324e-21
2.89715e-21
2.92299e-21
2.9406e-21
2.95003e-21
2.95088e-21
2.94217e-21
2.92295e-21
2.89298e-21
2.85337e-21
2.80673e-21
2.7573e-21
2.7101e-21
2.67021e-21
2.64205e-21
2.62894e-21
2.63289e-21
2.65401e-21
2.68991e-21
2.73558e-21
2.78446e-21
2.83033e-21
2.86868e-21
2.89718e-21
2.91525e-21
2.92335e-21
2.92201e-21
2.91134e-21
2.89127e-21
2.86246e-21
2.82796e-21
2.79448e-21
2.77173e-21
2.76899e-21
2.79049e-21
2.83338e-21
2.89001e-21
2.95208e-21
3.01302e-21
3.06835e-21
3.1149e-21
3.15018e-21
3.17211e-21
3.17936e-21
3.17187e-21
3.15126e-21
3.1209e-21
3.08572e-21
3.05182e-21
3.02548e-21
3.01133e-21
3.01021e-21
3.01864e-21
3.03065e-21
3.04074e-21
3.046e-21
3.046e-21
3.04123e-21
3.03146e-21
3.01536e-21
2.99118e-21
2.95786e-21
2.91573e-21
2.86642e-21
2.81244e-21
2.75712e-21
2.70499e-21
2.66247e-21
2.63743e-21
2.63725e-21
2.6654e-21
2.71855e-21
2.78713e-21
2.85879e-21
2.92268e-21
2.97147e-21
3.00173e-21
3.01338e-21
3.00894e-21
2.99282e-21
2.97006e-21
2.94484e-21
2.91916e-21
2.89337e-21
2.86776e-21
2.84392e-21
2.82354e-21
2.80569e-21
2.78575e-21
2.75829e-21
2.72131e-21
2.67831e-21
2.63719e-21
2.60723e-21
2.59532e-21
2.60303e-21
2.62619e-21
2.65736e-21
2.68979e-21
2.71999e-21
2.74819e-21
2.7764e-21
2.80596e-21
2.83585e-21
2.86334e-21
2.88605e-21
2.90372e-21
2.91827e-21
2.93249e-21
2.94796e-21
2.96389e-21
2.97718e-21
2.9837e-21
2.97975e-21
2.96316e-21
2.93408e-21
2.89525e-21
2.85205e-21
2.81144e-21
2.77975e-21
2.76028e-21
2.75249e-21
2.75368e-21
2.76119e-21
2.77346e-21
2.7895e-21
2.80756e-21
2.82469e-21
2.83742e-21
2.84284e-21
2.83927e-21
2.82647e-21
2.80558e-21
2.77905e-21
2.75059e-21
2.72482e-21
2.70651e-21
2.69925e-21
2.70436e-21
2.72018e-21
2.74272e-21
2.76707e-21
2.78934e-21
2.80845e-21
2.82629e-21
2.84607e-21
2.8695e-21
2.89456e-21
2.91583e-21
2.92669e-21
2.92214e-21
2.90047e-21
2.86369e-21
2.81669e-21
2.76621e-21
2.71959e-21
2.68318e-21
2.66055e-21
2.65137e-21
2.65214e-21
2.65797e-21
2.66445e-21
2.66869e-21
2.66965e-21
2.66777e-21
2.66422e-21
2.65992e-21
2.65502e-21
2.64923e-21
2.64233e-21
2.63423e-21
2.62503e-21
2.6159e-21
2.60985e-21
2.61074e-21
2.62095e-21
2.63987e-21
2.66493e-21
2.69346e-21
2.72364e-21
2.75401e-21
2.78232e-21
2.8055e-21
2.82122e-21
2.82979e-21
2.83464e-21
2.84154e-21
2.85652e-21
2.88356e-21
2.92304e-21
2.97135e-21
3.02236e-21
3.06959e-21
3.10798e-21
3.1349e-21
3.14999e-21
3.15452e-21
3.15044e-21
3.13948e-21
3.1227e-21
3.10052e-21
3.07335e-21
3.04215e-21
3.0087e-21
2.97523e-21
2.94444e-21
2.9192e-21
2.90211e-21
2.89457e-21
2.89616e-21
2.90454e-21
2.91582e-21
2.92476e-21
2.92552e-21
2.91344e-21
2.88746e-21
2.85209e-21
2.81683e-21
2.79132e-21
2.77911e-21
2.77601e-21
2.77492e-21
2.77373e-21
2.77994e-21
2.80537e-21
2.85296e-21
2.91116e-21
2.96333e-21
2.99811e-21
3.01128e-21
3.00283e-21
2.97414e-21
2.92699e-21
2.86393e-21
2.7891e-21
2.7089e-21
2.63165e-21
2.56623e-21
2.5198e-21
2.49587e-21
2.49379e-21
2.50975e-21
2.53826e-21
2.57356e-21
2.61036e-21
2.64409e-21
2.6712e-21
2.68925e-21
2.69704e-21
2.69534e-21
2.68821e-21
2.68436e-21
2.69559e-21
2.72974e-21
2.78326e-21
2.84276e-21
2.89402e-21
2.92869e-21
2.945e-21
2.94561e-21
2.93553e-21
2.92055e-21
2.90604e-21
2.89611e-21
2.89341e-21
2.89865e-21
2.91019e-21
2.92434e-21
2.93657e-21
2.94313e-21
2.94191e-21
2.93264e-21
2.91649e-21
2.89505e-21
2.86854e-21
2.83497e-21
2.79184e-21
2.73943e-21
2.68334e-21
2.63365e-21
2.60132e-21
2.59427e-21
2.61437e-21
2.65646e-21
2.71069e-21
2.76692e-21
2.81768e-21
2.85868e-21
2.88832e-21
2.90693e-21
2.91605e-21
2.91778e-21
2.91439e-21
2.90791e-21
2.8999e-21
2.8913e-21
2.88242e-21
2.87295e-21
2.8622e-21
2.84933e-21
2.83403e-21
2.81677e-21
2.79861e-21
2.78061e-21
2.76366e-21
2.74861e-21
2.73692e-21
2.73082e-21
2.73251e-21
2.74234e-21
2.75739e-21
2.772e-21
2.78016e-21
2.77831e-21
2.76619e-21
2.74577e-21
2.71948e-21
2.68939e-21
2.65703e-21
2.62372e-21
2.59083e-21
2.56013e-21
2.53438e-21
2.51742e-21
2.51276e-21
2.52182e-21
2.54304e-21
2.57289e-21
2.6077e-21
2.64507e-21
2.68456e-21
2.7272e-21
2.77361e-21
2.82189e-21
2.867e-21
2.90217e-21
2.92167e-21
2.92274e-21
2.90608e-21
2.87523e-21
2.83566e-21
2.79387e-21
2.75615e-21
2.72694e-21
2.70825e-21
2.69972e-21
2.69986e-21
2.70728e-21
2.72144e-21
2.74217e-21
2.76834e-21
2.79689e-21
2.82366e-21
2.84559e-21
2.86251e-21
2.87721e-21
2.89389e-21
2.91533e-21
2.94096e-21
2.96727e-21
2.99006e-21
3.00652e-21
3.01571e-21
3.01801e-21
3.01443e-21
3.00652e-21
2.99623e-21
2.98548e-21
2.97532e-21
2.96497e-21
2.95194e-21
2.93299e-21
2.9059e-21
2.87039e-21
2.82838e-21
2.78333e-21
2.73962e-21
2.70202e-21
2.67489e-21
2.66096e-21
2.66027e-21
2.67053e-21
2.68872e-21
2.71254e-21
2.74038e-21
2.77024e-21
2.79872e-21
2.82155e-21
2.83466e-21
2.83518e-21
2.82182e-21
2.7949e-21
2.75601e-21
2.70801e-21
2.65514e-21
2.60324e-21
2.55967e-21
2.53219e-21
2.52649e-21
2.54361e-21
2.57903e-21
2.62424e-21
2.66997e-21
2.70902e-21
2.7379e-21
2.75693e-21
2.76884e-21
2.77608e-21
2.7787e-21
2.77501e-21
2.76424e-21
2.74855e-21
2.73251e-21
2.72072e-21
2.71584e-21
2.71829e-21
2.72727e-21
2.74195e-21
2.76179e-21
2.78656e-21
2.81524e-21
2.84535e-21
2.87262e-21
2.89188e-21
2.89922e-21
2.89395e-21
2.87892e-21
2.85874e-21
2.83785e-21
2.81983e-21
2.80686e-21
2.79901e-21
2.79593e-21
2.79907e-21
2.81124e-21
2.83372e-21
2.86414e-21
2.89695e-21
2.92568e-21
2.9451e-21
2.9524e-21
2.94734e-21
2.93173e-21
2.9087e-21
2.88211e-21
2.85615e-21
2.83493e-21
2.82176e-21
2.81866e-21
2.82628e-21
2.84394e-21
2.86993e-21
2.9014e-21
2.93414e-21
2.96314e-21
2.98337e-21
2.99103e-21
2.98447e-21
2.9648e-21
2.93614e-21
2.90499e-21
2.87872e-21
2.86296e-21
2.85959e-21
2.86694e-21
2.88204e-21
2.90297e-21
2.929e-21
2.95897e-21
2.98965e-21
3.01577e-21
3.032e-21
3.03498e-21
3.02444e-21
3.00289e-21
2.97433e-21
2.94243e-21
2.90921e-21
2.87504e-21
2.8405e-21
2.80823e-21
2.78318e-21
2.77081e-21
2.7741e-21
2.79113e-21
2.81495e-21
2.83563e-21
2.84366e-21
2.83319e-21
2.80385e-21
2.76049e-21
2.71078e-21
2.662e-21
2.61858e-21
2.58282e-21
2.55697e-21
2.54318e-21
2.54093e-21
2.54724e-21
2.56138e-21
2.58777e-21
2.63217e-21
2.69459e-21
2.7668e-21
2.83652e-21
2.89377e-21
2.93427e-21
2.95897e-21
2.97149e-21
2.97575e-21
2.97455e-21
2.96924e-21
2.96019e-21
2.94754e-21
2.93168e-21
2.91314e-21
2.8924e-21
2.86998e-21
2.84713e-21
2.82616e-21
2.81054e-21
2.8044e-21
2.81162e-21
2.83444e-21
2.87252e-21
2.92264e-21
2.97926e-21
3.03581e-21
3.08616e-21
3.12578e-21
3.15201e-21
3.16389e-21
3.16158e-21
3.14587e-21
3.11814e-21
3.08049e-21
3.03589e-21
2.98782e-21
2.93957e-21
2.89358e-21
2.85127e-21
2.81353e-21
2.78116e-21
2.75501e-21
2.73551e-21
2.72255e-21
2.71583e-21
2.7156e-21
2.72311e-21
2.73976e-21
2.76547e-21
2.79758e-21
2.83132e-21
2.86106e-21
2.88204e-21
2.89134e-21
2.88832e-21
2.87506e-21
2.85625e-21
2.83827e-21
2.82711e-21
2.82611e-21
2.83517e-21
2.85151e-21
2.87108e-21
2.88983e-21
2.90462e-21
2.91384e-21
2.91738e-21
2.91603e-21
2.91088e-21
2.90307e-21
2.89434e-21
2.88774e-21
2.88751e-21
2.89765e-21
2.91942e-21
2.9499e-21
2.98277e-21
3.01083e-21
3.02788e-21
3.02969e-21
3.01456e-21
2.98427e-21
2.94473e-21
2.90469e-21
2.8725e-21
2.85287e-21
2.846e-21
2.84909e-21
2.85868e-21
2.87204e-21
2.8873e-21
2.90332e-21
2.91943e-21
2.93503e-21
2.94928e-21
2.96094e-21
2.9685e-21
2.97055e-21
2.96589e-21
2.95375e-21
2.93407e-21
2.90786e-21
2.87702e-21
2.84413e-21
2.81198e-21
2.78339e-21
2.76121e-21
2.74826e-21
2.74616e-21
2.75399e-21
2.76794e-21
2.78275e-21
2.79364e-21
2.79741e-21
2.79189e-21
2.77533e-21
2.74663e-21
2.70719e-21
2.66219e-21
2.61987e-21
2.58861e-21
2.5731e-21
2.57279e-21
2.58321e-21
2.59896e-21
2.61615e-21
2.63306e-21
2.64999e-21
2.66834e-21
2.68958e-21
2.71429e-21
2.74205e-21
2.77243e-21
2.80611e-21
2.84475e-21
2.88943e-21
2.93923e-21
2.99104e-21
3.04081e-21
3.08473e-21
3.11974e-21
3.14378e-21
3.15567e-21
3.155e-21
3.14189e-21
3.11717e-21
3.08305e-21
3.04385e-21
3.00596e-21
2.97605e-21
2.95844e-21
2.95338e-21
2.95753e-21
2.96537e-21
2.97091e-21
2.96935e-21
2.95844e-21
2.93899e-21
2.91406e-21
2.88717e-21
2.86087e-21
2.83641e-21
2.81447e-21
2.79516e-21
2.77742e-21
2.75906e-21
2.73806e-21
2.71413e-21
2.68924e-21
2.66684e-21
2.65092e-21
2.64516e-21
2.65205e-21
2.67192e-21
2.70241e-21
2.7388e-21
2.77547e-21
2.80752e-21
2.83236e-21
2.85047e-21
2.86442e-21
2.87646e-21
2.88624e-21
2.89051e-21
2.88492e-21
2.86651e-21
2.83585e-21
2.79775e-21
2.76002e-21
2.73052e-21
2.71437e-21
2.71342e-21
2.72687e-21
2.75154e-21
2.78229e-21
2.81326e-21
2.83897e-21
2.85532e-21
2.86029e-21
2.85449e-21
2.84145e-21
2.82712e-21
2.81786e-21
2.81744e-21
2.8253e-21
2.83746e-21
2.84949e-21
2.8591e-21
2.86666e-21
2.87394e-21
2.88223e-21
2.89169e-21
2.90203e-21
2.91358e-21
2.92721e-21
2.94341e-21
2.9617e-21
2.98061e-21
2.9983e-21
3.01308e-21
3.02356e-21
3.02891e-21
3.02948e-21
3.02688e-21
3.02348e-21
3.02132e-21
3.02065e-21
3.01946e-21
3.01415e-21
3.00123e-21
2.97945e-21
2.95073e-21
2.91941e-21
2.8898e-21
2.86412e-21
2.84182e-21
2.82041e-21
2.79683e-21
2.76861e-21
2.73495e-21
2.69723e-21
2.65912e-21
2.62613e-21
2.60468e-21
2.6004e-21
2.61619e-21
2.65057e-21
2.69713e-21
2.74651e-21
2.78967e-21
2.82056e-21
2.83758e-21
2.84359e-21
2.84445e-21
2.84627e-21
2.8525e-21
2.86209e-21
2.87037e-21
2.87154e-21
2.86089e-21
2.83575e-21
2.79657e-21
2.75011e-21
2.71162e-21
2.69854e-21
2.7169e-21
2.75746e-21
2.80578e-21
2.8516e-21
2.88989e-21
2.91815e-21
2.93471e-21
2.93849e-21
2.92934e-21
2.90796e-21
2.87592e-21
2.83601e-21
2.79281e-21
2.75256e-21
2.72132e-21
2.7023e-21
2.69432e-21
2.69302e-21
2.69342e-21
2.69147e-21
2.68437e-21
2.67049e-21
2.64979e-21
2.62415e-21
2.59746e-21
2.57467e-21
2.56031e-21
2.55737e-21
2.5665e-21
2.58602e-21
2.61261e-21
2.64208e-21
2.67045e-21
2.69529e-21
2.71673e-21
2.73717e-21
2.75964e-21
2.78546e-21
2.81318e-21
2.83871e-21
2.85664e-21
2.86226e-21
2.85344e-21
2.83201e-21
2.80393e-21
2.77784e-21
2.76191e-21
2.76041e-21
2.77205e-21
2.79118e-21
2.81046e-21
2.82322e-21
2.82479e-21
2.81308e-21
2.78944e-21
2.75982e-21
2.73427e-21
2.72359e-21
2.73363e-21
2.76146e-21
2.79665e-21
2.82677e-21
2.84317e-21
2.84351e-21
2.83165e-21
2.81511e-21
2.80166e-21
2.79597e-21
2.79813e-21
2.80429e-21
2.8087e-21
2.80646e-21
2.79525e-21
2.77596e-21
2.75219e-21
2.7289e-21
2.7105e-21
2.69939e-21
2.69537e-21
2.69573e-21
2.69633e-21
2.69326e-21
2.68453e-21
2.67083e-21
2.65445e-21
2.63728e-21
2.61997e-21
2.60298e-21
2.58823e-21
2.58005e-21
2.58426e-21
2.60526e-21
2.64331e-21
2.69347e-21
2.74724e-21
2.79568e-21
2.8318e-21
2.8517e-21
2.85448e-21
2.84201e-21
2.81833e-21
2.78934e-21
2.76232e-21
2.74509e-21
2.74412e-21
2.7626e-21
2.79913e-21
2.8483e-21
2.90285e-21
2.95585e-21
3.00185e-21
3.03689e-21
3.0581e-21
3.06392e-21
3.05492e-21
3.03453e-21
3.00886e-21
2.98493e-21
2.96794e-21
2.95897e-21
2.95479e-21
2.9502e-21
2.94126e-21
2.92681e-21
2.90827e-21
2.8885e-21
2.87046e-21
2.85626e-21
2.84661e-21
2.84045e-21
2.83536e-21
2.82858e-21
2.81799e-21
2.80232e-21
2.78101e-21
2.7555e-21
2.73177e-21
2.7212e-21
2.73403e-21
2.76884e-21
2.81188e-21
2.84732e-21
2.86534e-21
2.86235e-21
2.83944e-21
2.80258e-21
2.76333e-21
2.73682e-21
2.73509e-21
2.75998e-21
2.80261e-21
2.84995e-21
2.89136e-21
2.92026e-21
2.93312e-21
2.92819e-21
2.90572e-21
2.86877e-21
2.82368e-21
2.77892e-21
2.74227e-21
2.71866e-21
2.7099e-21
2.71587e-21
2.73494e-21
2.76427e-21
2.80044e-21
2.84043e-21
2.88177e-21
2.92198e-21
2.95787e-21
2.98575e-21
3.00244e-21
3.00654e-21
2.99933e-21
2.98457e-21
2.96732e-21
2.95242e-21
2.94292e-21
2.9392e-21
2.93901e-21
2.93848e-21
2.93384e-21
2.92273e-21
2.90476e-21
2.88098e-21
2.85289e-21
2.82177e-21
2.78856e-21
2.75418e-21
2.71992e-21
2.68761e-21
2.65967e-21
2.63899e-21
2.6288e-21
2.63225e-21
2.65108e-21
2.68355e-21
2.72405e-21
2.7649e-21
2.79957e-21
2.82449e-21
2.83907e-21
2.84474e-21
2.84384e-21
2.83892e-21
2.8326e-21
2.82754e-21
2.82616e-21
2.83026e-21
2.84081e-21
2.85749e-21
2.87865e-21
2.90152e-21
2.92285e-21
2.93979e-21
2.95055e-21
2.95483e-21
2.9538e-21
2.94952e-21
2.94395e-21
2.93822e-21
2.93215e-21
2.92444e-21
2.91405e-21
2.90179e-21
2.89086e-21
2.88535e-21
2.88692e-21
2.89314e-21
2.89877e-21
2.8986e-21
2.88913e-21
2.86883e-21
2.83791e-21
2.79823e-21
2.75312e-21
2.70696e-21
2.66439e-21
2.62908e-21
2.60287e-21
2.58581e-21
2.57675e-21
2.57487e-21
2.58116e-21
2.59928e-21
2.63394e-21
2.6877e-21
2.75834e-21
2.83923e-21
2.92213e-21
2.99966e-21
3.06664e-21
3.12019e-21
3.15972e-21
3.18611e-21
3.20054e-21
3.20357e-21
3.19509e-21
3.17495e-21
3.1435e-21
3.10154e-21
3.05033e-21
2.99217e-21
2.93081e-21
2.87192e-21
2.82238e-21
2.78879e-21
2.77538e-21
2.78241e-21
2.80556e-21
2.8373e-21
2.8702e-21
2.89997e-21
2.92637e-21
2.95153e-21
2.97703e-21
3.00202e-21
3.02344e-21
3.03732e-21
3.03976e-21
3.02752e-21
2.99851e-21
2.95283e-21
2.89383e-21
2.82846e-21
2.76575e-21
2.71386e-21
2.67782e-21
2.65942e-21
2.65888e-21
2.67583e-21
2.70884e-21
2.75472e-21
2.80855e-21
2.86482e-21
2.9187e-21
2.9662e-21
3.00345e-21
3.02632e-21
3.03143e-21
3.01795e-21
2.98855e-21
2.94877e-21
2.90491e-21
2.86175e-21
2.82152e-21
2.78472e-21
2.75224e-21
2.72694e-21
2.71332e-21
2.71579e-21
2.73677e-21
2.77525e-21
2.82665e-21
2.88376e-21
2.93875e-21
2.98536e-21
3.02028e-21
3.04326e-21
3.05625e-21
3.06191e-21
3.06245e-21
3.05894e-21
3.05114e-21
3.0379e-21
3.01779e-21
2.99008e-21
2.95631e-21
2.92153e-21
2.89376e-21
2.88032e-21
2.88281e-21
2.89601e-21
2.91235e-21
2.92694e-21
2.93822e-21
2.94509e-21
2.94484e-21
2.93392e-21
2.91015e-21
2.87357e-21
2.82614e-21
2.7716e-21
2.71523e-21
2.66355e-21
2.62339e-21
2.60035e-21
2.59725e-21
2.61363e-21
2.64623e-21
2.69009e-21
2.7398e-21
2.79051e-21
2.83818e-21
2.87957e-21
2.91225e-21
2.93509e-21
2.94886e-21
2.9563e-21
2.96066e-21
2.96323e-21
2.96303e-21
2.95864e-21
2.9506e-21
2.94211e-21
2.93763e-21
2.94042e-21
2.95066e-21
2.96487e-21
2.97749e-21
2.98342e-21
2.97933e-21
2.9637e-21
2.93611e-21
2.8972e-21
2.84905e-21
2.79552e-21
2.74197e-21
2.69373e-21
2.65378e-21
2.622e-21
2.5964e-21
2.57585e-21
2.56152e-21
2.55674e-21
2.56522e-21
2.58908e-21
2.62757e-21
2.67655e-21
2.72934e-21
2.77877e-21
2.81965e-21
2.8501e-21
2.87127e-21
2.88589e-21
2.89697e-21
2.90665e-21
2.91625e-21
2.9267e-21
2.93901e-21
2.95413e-21
2.97207e-21
2.99135e-21
3.00979e-21
3.02627e-21
3.04134e-21
3.05568e-21
3.0682e-21
3.07614e-21
3.07681e-21
3.06848e-21
3.05034e-21
3.02221e-21
2.98471e-21
2.93994e-21
2.89217e-21
2.8482e-21
2.8159e-21
2.80088e-21
2.80348e-21
2.81948e-21
2.84303e-21
2.86873e-21
2.89216e-21
2.90987e-21
2.91965e-21
2.92097e-21
2.91496e-21
2.90419e-21
2.892e-21
2.88209e-21
2.87756e-21
2.88009e-21
2.88896e-21
2.90069e-21
2.90987e-21
2.91091e-21
2.89994e-21
2.8763e-21
2.84324e-21
2.80822e-21
2.78318e-21
2.78199e-21
2.81234e-21
2.86793e-21
2.93198e-21
2.9887e-21
3.02975e-21
3.05353e-21
3.06213e-21
3.05875e-21
3.04606e-21
3.02573e-21
2.99891e-21
2.96733e-21
2.93405e-21
2.90233e-21
2.87357e-21
2.8468e-21
2.82063e-21
2.79558e-21
2.77442e-21
2.75997e-21
2.75303e-21
2.75191e-21
2.7536e-21
2.75574e-21
2.7583e-21
2.76332e-21
2.77311e-21
2.78854e-21
2.80861e-21
2.83136e-21
2.85507e-21
2.87896e-21
2.90311e-21
2.92767e-21
2.952e-21
2.97419e-21
2.99143e-21
3.00088e-21
3.00092e-21
2.99136e-21
2.97332e-21
2.94888e-21
2.92049e-21
2.89026e-21
2.85969e-21
2.83023e-21
2.80435e-21
2.78598e-21
2.77893e-21
2.78374e-21
2.79617e-21
2.80944e-21
2.81807e-21
2.82023e-21
2.817e-21
2.81022e-21
2.80099e-21
2.78917e-21
2.77447e-21
2.75814e-21
2.74391e-21
2.7372e-21
2.74289e-21
2.76323e-21
2.79686e-21
2.83879e-21
2.88137e-21
2.91602e-21
2.93547e-21
2.93609e-21
2.91924e-21
2.89064e-21
2.85774e-21
2.82642e-21
2.79927e-21
2.7762e-21
2.75615e-21
2.73851e-21
2.72409e-21
2.71534e-21
2.71503e-21
2.72396e-21
2.7398e-21
2.75822e-21
2.77467e-21
2.78561e-21
2.78877e-21
2.78321e-21
2.76995e-21
2.75244e-21
2.73602e-21
2.72617e-21
2.72642e-21
2.73736e-21
2.75738e-21
2.78384e-21
2.81388e-21
2.84491e-21
2.87479e-21
2.90149e-21
2.92274e-21
2.93585e-21
2.9383e-21
2.92857e-21
2.9068e-21
2.87506e-21
2.83706e-21
2.79732e-21
2.76022e-21
2.72929e-21
2.70673e-21
2.69367e-21
2.69046e-21
2.69712e-21
2.71321e-21
2.73751e-21
2.76766e-21
2.80044e-21
2.8324e-21
2.86058e-21
2.88299e-21
2.89883e-21
2.90837e-21
2.91253e-21
2.91245e-21
2.90925e-21
2.90424e-21
2.89933e-21
2.89724e-21
2.9009e-21
2.91257e-21
2.93316e-21
2.96225e-21
2.99856e-21
3.04019e-21
3.08455e-21
3.12808e-21
3.16624e-21
3.19438e-21
3.20863e-21
3.20695e-21
3.19002e-21
3.1613e-21
3.12611e-21
3.09006e-21
3.05735e-21
3.02998e-21
3.00779e-21
2.98918e-21
2.97181e-21
2.95327e-21
2.93144e-21
2.9051e-21
2.8744e-21
2.84154e-21
2.81088e-21
2.78806e-21
2.779e-21
2.78754e-21
2.81281e-21
2.84801e-21
2.88308e-21
2.90902e-21
2.92027e-21
2.9144e-21
2.89069e-21
2.84952e-21
2.79253e-21
2.72324e-21
2.64741e-21
2.57297e-21
2.50864e-21
2.46103e-21
2.4324e-21
2.42113e-21
2.42477e-21
2.44261e-21
2.47569e-21
2.52487e-21
2.58859e-21
2.66174e-21
2.73638e-21
2.80382e-21
2.85684e-21
2.89132e-21
2.90668e-21
2.90554e-21
2.893e-21
2.87516e-21
2.85767e-21
2.84472e-21
2.83866e-21
2.84012e-21
2.84804e-21
2.85981e-21
2.87207e-21
2.8817e-21
2.8867e-21
2.88631e-21
2.88092e-21
2.87171e-21
2.86037e-21
2.84877e-21
2.83826e-21
2.82891e-21
2.81972e-21
2.80925e-21
2.79693e-21
2.7839e-21
2.77274e-21
2.76662e-21
2.76828e-21
2.77946e-21
2.79969e-21
2.82521e-21
2.84948e-21
2.86668e-21
2.87519e-21
2.87751e-21
2.87692e-21
2.87399e-21
2.8665e-21
2.85201e-21
2.83041e-21
2.80448e-21
2.7789e-21
2.75877e-21
2.74803e-21
2.74852e-21
2.75968e-21
2.77886e-21
2.80184e-21
2.82336e-21
2.83772e-21
2.83989e-21
2.82647e-21
2.79699e-21
2.7549e-21
2.70748e-21
2.66452e-21
2.63568e-21
2.62718e-21
2.63965e-21
2.66836e-21
2.70581e-21
2.74498e-21
2.78111e-21
2.81186e-21
2.8367e-21
2.8566e-21
2.87356e-21
2.88986e-21
2.90695e-21
2.92491e-21
2.94271e-21
2.95878e-21
2.97141e-21
2.97894e-21
2.97993e-21
2.97378e-21
2.96082e-21
2.94254e-21
2.92139e-21
2.90054e-21
2.88322e-21
2.87182e-21
2.86704e-21
2.86766e-21
2.87063e-21
2.87181e-21
2.86698e-21
2.85231e-21
2.82486e-21
2.7836e-21
2.73091e-21
2.67361e-21
2.62184e-21
2.586e-21
2.5729e-21
2.58289e-21
2.61051e-21
2.64843e-21
2.69082e-21
2.73429e-21
2.7772e-21
2.81884e-21
2.85898e-21
2.89729e-21
2.93304e-21
2.96457e-21
2.98899e-21
3.00259e-21
3.00211e-21
2.98637e-21
2.95725e-21
2.91944e-21
2.879e-21
2.84133e-21
2.80905e-21
2.78132e-21
2.7548e-21
2.72603e-21
2.69396e-21
2.66118e-21
2.63295e-21
2.61437e-21
2.60705e-21
2.60737e-21
2.60797e-21
2.60206e-21
2.58833e-21
2.57394e-21
2.57243e-21
2.59556e-21
2.64484e-21
2.71078e-21
2.77898e-21
2.83618e-21
2.87319e-21
2.88587e-21
2.87503e-21
2.84616e-21
2.80865e-21
2.77441e-21
2.75507e-21
2.75773e-21
2.78152e-21
2.81788e-21
2.85521e-21
2.88431e-21
2.90098e-21
2.90577e-21
2.90233e-21
2.89547e-21
2.88927e-21
2.88575e-21
2.88426e-21
2.88223e-21
2.87671e-21
2.86632e-21
2.85216e-21
2.83701e-21
2.82373e-21
2.81421e-21
2.80905e-21
2.80758e-21
2.808e-21
2.80826e-21
2.80743e-21
2.8068e-21
2.80922e-21
2.81656e-21
2.82753e-21
2.83723e-21
2.83883e-21
2.82613e-21
2.79538e-21
2.74614e-21
2.68132e-21
2.60732e-21
2.53441e-21
2.47699e-21
2.45045e-21
2.463e-21
2.50863e-21
2.57039e-21
2.6311e-21
2.68082e-21
2.71707e-21
2.74093e-21
2.75316e-21
2.75262e-21
2.73774e-21
2.70894e-21
2.67023e-21
2.62948e-21
2.59627e-21
2.57891e-21
2.58164e-21
2.60362e-21
2.64063e-21
2.68798e-21
2.74248e-21
2.80239e-21
2.86617e-21
2.93117e-21
2.99312e-21
3.04631e-21
3.08458e-21
3.10287e-21
3.09876e-21
3.07298e-21
3.02898e-21
2.97201e-21
2.90794e-21
2.84285e-21
2.78298e-21
2.73469e-21
2.70379e-21
2.69427e-21
2.70683e-21
2.7381e-21
2.7806e-21
2.82429e-21
2.85925e-21
2.87817e-21
2.87773e-21
2.8584e-21
2.82349e-21
2.77801e-21
2.7277e-21
2.67834e-21
2.63516e-21
2.60271e-21
2.58436e-21
2.58161e-21
2.59361e-21
2.61759e-21
2.64952e-21
2.68509e-21
2.71993e-21
2.7497e-21
2.77029e-21
2.7785e-21
2.77293e-21
2.75457e-21
2.72704e-21
2.69598e-21
2.66789e-21
2.64881e-21
2.643e-21
2.65189e-21
2.67347e-21
2.7028e-21
2.73375e-21
2.76053e-21
2.7786e-21
2.7846e-21
2.77668e-21
2.75508e-21
2.72282e-21
2.68522e-21
2.64896e-21
2.62052e-21
2.60403e-21
2.59994e-21
2.60528e-21
2.61642e-21
2.6322e-21
2.65399e-21
2.68232e-21
2.71414e-21
2.74401e-21
2.76749e-21
2.78365e-21
2.79516e-21
2.80632e-21
2.82031e-21
2.83725e-21
2.85471e-21
2.86998e-21
2.88258e-21
2.89514e-21
2.91188e-21
2.93564e-21
2.96545e-21
2.99753e-21
3.02822e-21
3.05552e-21
3.07881e-21
3.09788e-21
