-1.44078e-20
-1.43967e-20
-1.43772e-20
-1.43477e-20
-1.43054e-20
-1.42477e-20
-1.41763e-20
-1.40813e-20
-1.39677e-20
-1.38305e-20
-1.36718e-20
-1.34921e-20
-1.32961e-20
-1.30889e-20
-1.28883e-20
-1.27027e-20
-1.25436e-20
-1.24184e-20
-1.23342e-20
-1.22904e-20
-1.22798e-20
-1.23008e-20
-1.23391e-20
-1.23926e-20
-1.24516e-20
-1.2513e-20
-1.25694e-20
-1.26241e-20
-1.2667e-20
-1.27045e-20
-1.27337e-20
-1.27533e-20
-1.27656e-20
-1.27725e-20
-1.27743e-20
-1.27666e-20
-1.27498e-20
-1.2728e-20
-1.27016e-20
-1.26713e-20
-1.26417e-20
-1.26157e-20
-1.25933e-20
-1.25807e-20
-1.25762e-20
-1.25792e-20
-1.25958e-20
-1.26153e-20
-1.26388e-20
-1.26632e-20
-1.26855e-20
-1.27033e-20
-1.27151e-20
-1.27185e-20
-1.27161e-20
-1.27111e-20
-1.27033e-20
-1.2692e-20
-1.26828e-20
-1.26764e-20
-1.26743e-20
-1.26752e-20
-1.26805e-20
-1.2688e-20
-1.26962e-20
-1.27049e-20
-1.27127e-20
-1.2719e-20
-1.27241e-20
-1.27251e-20
-1.27218e-20
-1.27153e-20
-1.27058e-20
-1.26916e-20
-1.26733e-20
-1.2655e-20
-1.26365e-20
-1.26194e-20
-1.26082e-20
-1.25996e-20
-1.25952e-20
-1.25916e-20
-1.25888e-20
-1.25866e-20
-1.25838e-20
-1.2581e-20
-1.25733e-20
-1.25641e-20
-1.25551e-20
-1.25426e-20
-1.25302e-20
-1.25204e-20
-1.25157e-20
-1.25164e-20
-1.2524e-20
-1.25345e-20
-1.25466e-20
-1.25606e-20
-1.25764e-20
-1.25897e-20
-1.25987e-20
-1.26059e-20
-1.26072e-20
-1.26045e-20
-1.25954e-20
-1.25824e-20
-1.25648e-20
-1.25484e-20
-1.25324e-20
-1.25212e-20
-1.25107e-20
-1.25069e-20
-1.25079e-20
-1.25112e-20
-1.25142e-20
-1.25232e-20
-1.25336e-20
-1.2547e-20
-1.25588e-20
-1.25708e-20
-1.25808e-20
-1.25888e-20
-1.2592e-20
-1.25912e-20
-1.25874e-20
-1.25813e-20
-1.25801e-20
-1.25835e-20
-1.25966e-20
-1.26175e-20
-1.26455e-20
-1.26761e-20
-1.27028e-20
-1.27307e-20
-1.27473e-20
-1.27594e-20
-1.27649e-20
-1.27648e-20
-1.27627e-20
-1.276e-20
-1.27577e-20
-1.27569e-20
-1.27558e-20
-1.27528e-20
-1.27491e-20
-1.27428e-20
-1.27334e-20
-1.27196e-20
-1.2703e-20
-1.26864e-20
-1.26708e-20
-1.26602e-20
-1.265e-20
-1.26427e-20
-1.26399e-20
-1.26377e-20
-1.26348e-20
-1.26315e-20
-1.26284e-20
-1.26255e-20
-1.26252e-20
-1.26282e-20
-1.26316e-20
-1.26411e-20
-1.26539e-20
-1.26698e-20
-1.26881e-20
-1.27048e-20
-1.27156e-20
-1.27215e-20
-1.27217e-20
-1.27127e-20
-1.26961e-20
-1.26755e-20
-1.26507e-20
-1.26302e-20
-1.2613e-20
-1.26015e-20
-1.25911e-20
-1.25827e-20
-1.2574e-20
-1.25677e-20
-1.25615e-20
-1.25579e-20
-1.25619e-20
-1.25716e-20
-1.25874e-20
-1.26076e-20
-1.26272e-20
-1.26445e-20
-1.26577e-20
-1.2663e-20
-1.26662e-20
-1.26627e-20
-1.26549e-20
-1.26456e-20
-1.26342e-20
-1.26223e-20
-1.2615e-20
-1.26023e-20
-1.25914e-20
-1.25799e-20
-1.25731e-20
-1.25696e-20
-1.25719e-20
-1.25826e-20
-1.26e-20
-1.26232e-20
-1.26511e-20
-1.26842e-20
-1.27139e-20
-1.27382e-20
-1.2756e-20
-1.27675e-20
-1.27699e-20
-1.27649e-20
-1.27543e-20
-1.27362e-20
-1.27134e-20
-1.26898e-20
-1.26658e-20
-1.26405e-20
-1.26198e-20
-1.26055e-20
-1.25951e-20
-1.2587e-20
-1.25835e-20
-1.25828e-20
-1.25833e-20
-1.25834e-20
-1.25857e-20
-1.25872e-20
-1.259e-20
-1.25932e-20
-1.26009e-20
-1.2607e-20
-1.26143e-20
-1.26201e-20
-1.26237e-20
-1.26239e-20
-1.2622e-20
-1.26179e-20
-1.26117e-20
-1.26047e-20
-1.26e-20
-1.25981e-20
-1.25959e-20
-1.25976e-20
-1.26026e-20
-1.26083e-20
-1.26031e-20
-1.25575e-20
-1.2476e-20
-1.23584e-20
-1.22081e-20
-1.20371e-20
-1.18569e-20
-1.16757e-20
-1.15045e-20
-1.13537e-20
-1.12228e-20
-1.11224e-20
-1.10545e-20
-1.10133e-20
-1.09946e-20
-1.09939e-20
-1.09993e-20
-1.10084e-20
-1.10147e-20
-1.10249e-20
-1.10428e-20
-1.10661e-20
-1.10969e-20
-1.1129e-20
-1.11614e-20
-1.11829e-20
-1.11914e-20
-1.11906e-20
-1.11862e-20
-1.11786e-20
-1.11785e-20
-1.11886e-20
-1.12177e-20
-1.12624e-20
-1.13233e-20
-1.13885e-20
-1.14481e-20
-1.1497e-20
-1.15352e-20
-1.15644e-20
-1.15772e-20
-1.15742e-20
-1.15542e-20
-1.15117e-20
-1.14473e-20
-1.13607e-20
-1.12616e-20
-1.11664e-20
-1.10961e-20
-1.10644e-20
-1.10717e-20
-1.11024e-20
-1.11329e-20
-1.11511e-20
-1.11475e-20
-1.11294e-20
-1.10981e-20
-1.1063e-20
-1.10308e-20
-1.10008e-20
-1.09755e-20
-1.09525e-20
-1.09327e-20
-1.09128e-20
-1.08924e-20
-1.08654e-20
-1.08329e-20
-1.07998e-20
-1.07724e-20
-1.0763e-20
-1.0783e-20
-1.08406e-20
-1.09211e-20
-1.10179e-20
-1.11149e-20
-1.12012e-20
-1.12716e-20
-1.13202e-20
-1.13553e-20
-1.1377e-20
-1.13818e-20
-1.13736e-20
-1.13555e-20
-1.13307e-20
-1.13078e-20
-1.12834e-20
-1.12613e-20
-1.12376e-20
-1.1217e-20
-1.12039e-20
-1.12047e-20
-1.1221e-20
-1.12489e-20
-1.12884e-20
-1.13319e-20
-1.13739e-20
-1.14134e-20
-1.14532e-20
-1.14876e-20
-1.1511e-20
-1.15179e-20
-1.15013e-20
-1.14611e-20
-1.14002e-20
-1.13303e-20
-1.12684e-20
-1.12154e-20
-1.11689e-20
-1.11312e-20
-1.11022e-20
-1.10776e-20
-1.10524e-20
-1.10156e-20
-1.0967e-20
-1.09123e-20
-1.08566e-20
-1.08125e-20
-1.07839e-20
-1.07731e-20
-1.07903e-20
-1.08266e-20
-1.08846e-20
-1.09568e-20
-1.10403e-20
-1.1136e-20
-1.12378e-20
-1.1341e-20
-1.14392e-20
-1.15232e-20
-1.15848e-20
-1.16207e-20
-1.16291e-20
-1.16051e-20
-1.15554e-20
-1.1487e-20
-1.141e-20
-1.13367e-20
-1.12805e-20
-1.12422e-20
-1.12201e-20
-1.12105e-20
-1.12097e-20
-1.12099e-20
-1.12196e-20
-1.12371e-20
-1.12591e-20
-1.12728e-20
-1.12695e-20
-1.12512e-20
-1.12142e-20
-1.11614e-20
-1.11008e-20
-1.1037e-20
-1.09781e-20
-1.09354e-20
-1.09101e-20
-1.0902e-20
-1.09093e-20
-1.09224e-20
-1.09384e-20
-1.09485e-20
-1.09424e-20
-1.09213e-20
-1.08936e-20
-1.0869e-20
-1.08611e-20
-1.08776e-20
-1.09105e-20
-1.09373e-20
-1.09438e-20
-1.09117e-20
-1.08577e-20
-1.08181e-20
-1.08254e-20
-1.08775e-20
-1.0942e-20
-1.09955e-20
-1.10259e-20
-1.10376e-20
-1.10365e-20
-1.10282e-20
-1.10152e-20
-1.09979e-20
-1.09785e-20
-1.09628e-20
-1.09469e-20
-1.09442e-20
-1.0948e-20
-1.09544e-20
-1.09597e-20
-1.0966e-20
-1.09857e-20
-1.10141e-20
-1.105e-20
-1.10917e-20
-1.11312e-20
-1.11695e-20
-1.12056e-20
-1.12397e-20
-1.1271e-20
-1.13001e-20
-1.13235e-20
-1.13413e-20
-1.13589e-20
-1.13692e-20
-1.13787e-20
-1.13824e-20
-1.13808e-20
-1.1374e-20
-1.13684e-20
-1.13618e-20
-1.13569e-20
-1.13539e-20
-1.13539e-20
-1.13578e-20
-1.13598e-20
-1.13549e-20
-1.13365e-20
-1.13039e-20
-1.12552e-20
-1.12015e-20
-1.11405e-20
-1.10868e-20
-1.10495e-20
-1.10396e-20
-1.10599e-20
-1.11003e-20
-1.11499e-20
-1.11977e-20
-1.12325e-20
-1.12564e-20
-1.12694e-20
-1.1277e-20
-1.12802e-20
-1.1285e-20
-1.12893e-20
-1.12908e-20
-1.12836e-20
-1.12742e-20
-1.12494e-20
-1.12138e-20
-1.11688e-20
-1.11219e-20
-1.10756e-20
-1.10398e-20
-1.10196e-20
-1.10149e-20
-1.10233e-20
-1.10456e-20
-1.10698e-20
-1.10965e-20
-1.11281e-20
-1.11546e-20
-1.11756e-20
-1.11856e-20
-1.11873e-20
-1.11869e-20
-1.11891e-20
-1.11942e-20
-1.11988e-20
-1.1205e-20
-1.12064e-20
-1.12075e-20
-1.12143e-20
-1.12289e-20
-1.125e-20
-1.12801e-20
-1.13158e-20
-1.13523e-20
-1.13868e-20
-1.1414e-20
-1.14337e-20
-1.14366e-20
-1.14278e-20
-1.1409e-20
-1.13849e-20
-1.13523e-20
-1.13187e-20
-1.12853e-20
-1.12535e-20
-1.12323e-20
-1.12238e-20
-1.1225e-20
-1.12293e-20
-1.12375e-20
-1.12448e-20
-1.12527e-20
-1.12612e-20
-1.12689e-20
-1.12761e-20
-1.12794e-20
-1.12797e-20
-1.12787e-20
-1.12783e-20
-1.12804e-20
-1.12827e-20
-1.12859e-20
-1.12936e-20
-1.13036e-20
-1.1313e-20
-1.13208e-20
-1.13253e-20
-1.13225e-20
-1.13194e-20
-1.13127e-20
-1.13064e-20
-1.13004e-20
-1.12946e-20
-1.12881e-20
-1.12799e-20
-1.12684e-20
-1.12502e-20
-1.12207e-20
-1.11793e-20
-1.11273e-20
-1.10788e-20
-1.10276e-20
-1.09881e-20
-1.09621e-20
-1.09547e-20
-1.09698e-20
-1.10011e-20
-1.10392e-20
-1.10779e-20
-1.11108e-20
-1.11345e-20
-1.11472e-20
-1.11561e-20
-1.11609e-20
-1.11609e-20
-1.11592e-20
-1.11511e-20
-1.11395e-20
-1.11273e-20
-1.11222e-20
-1.11257e-20
-1.11455e-20
-1.11763e-20
-1.12146e-20
-1.12584e-20
-1.13026e-20
-1.13493e-20
-1.1391e-20
-1.14296e-20
-1.14658e-20
-1.14963e-20
-1.15255e-20
-1.15532e-20
-1.15774e-20
-1.15971e-20
-1.16082e-20
-1.16104e-20
-1.1607e-20
-1.15954e-20
-1.15769e-20
-1.15615e-20
-1.15511e-20
-1.15485e-20
-1.15587e-20
-1.15687e-20
-1.15722e-20
-1.15707e-20
-1.156e-20
-1.15415e-20
-1.15213e-20
-1.1502e-20
-1.14873e-20
-1.14822e-20
-1.14876e-20
-1.15026e-20
-1.15255e-20
-1.15474e-20
-1.15652e-20
-1.15729e-20
-1.15644e-20
-1.15327e-20
-1.14871e-20
-1.14329e-20
-1.13858e-20
-1.1356e-20
-1.13506e-20
-1.13684e-20
-1.14043e-20
-1.1446e-20
-1.14893e-20
-1.15295e-20
-1.15576e-20
-1.15694e-20
-1.15649e-20
-1.15443e-20
-1.15092e-20
-1.14644e-20
-1.14218e-20
-1.13833e-20
-1.13577e-20
-1.1345e-20
-1.13471e-20
-1.13635e-20
-1.13896e-20
-1.14288e-20
-1.14711e-20
-1.15187e-20
-1.1565e-20
-1.16066e-20
-1.16402e-20
-1.16592e-20
-1.1663e-20
-1.16516e-20
-1.1628e-20
-1.15994e-20
-1.15645e-20
-1.15332e-20
-1.15013e-20
-1.14769e-20
-1.14556e-20
-1.14384e-20
-1.14256e-20
-1.14158e-20
-1.14076e-20
-1.13986e-20
-1.1389e-20
-1.13729e-20
-1.13524e-20
-1.13289e-20
-1.1312e-20
-1.13068e-20
-1.13194e-20
-1.13424e-20
-1.13696e-20
-1.13945e-20
-1.14138e-20
-1.14271e-20
-1.1434e-20
-1.14295e-20
-1.14165e-20
-1.13968e-20
-1.13727e-20
-1.13449e-20
-1.13278e-20
-1.13198e-20
-1.1328e-20
-1.13514e-20
-1.13813e-20
-1.14105e-20
-1.14315e-20
-1.14494e-20
-1.14656e-20
-1.1485e-20
-1.15099e-20
-1.15418e-20
-1.15726e-20
-1.15983e-20
-1.16135e-20
-1.16223e-20
-1.1619e-20
-1.1606e-20
-1.15879e-20
-1.1563e-20
-1.15315e-20
-1.14954e-20
-1.14611e-20
-1.14245e-20
-1.13883e-20
-1.13519e-20
-1.13186e-20
-1.12849e-20
-1.12588e-20
-1.12466e-20
-1.12504e-20
-1.12742e-20
-1.13089e-20
-1.13467e-20
-1.13826e-20
-1.14191e-20
-1.14497e-20
-1.14707e-20
-1.14799e-20
-1.14738e-20
-1.14516e-20
-1.1412e-20
-1.13608e-20
-1.13034e-20
-1.125e-20
-1.12064e-20
-1.11822e-20
-1.11805e-20
-1.11988e-20
-1.12315e-20
-1.12699e-20
-1.13029e-20
-1.133e-20
-1.1349e-20
-1.13599e-20
-1.13671e-20
-1.13733e-20
-1.1378e-20
-1.13743e-20
-1.13636e-20
-1.1345e-20
-1.13235e-20
-1.12944e-20
-1.12628e-20
-1.12297e-20
-1.11979e-20
-1.11673e-20
-1.11386e-20
-1.11146e-20
-1.11016e-20
-1.10995e-20
-1.1114e-20
-1.11425e-20
-1.11782e-20
-1.12218e-20
-1.12675e-20
-1.13108e-20
-1.13401e-20
-1.13481e-20
-1.13309e-20
-1.1289e-20
-1.12245e-20
-1.11509e-20
-1.10826e-20
-1.10386e-20
-1.10276e-20
-1.1056e-20
-1.11196e-20
-1.12046e-20
-1.12958e-20
-1.13828e-20
-1.14507e-20
-1.14964e-20
-1.15135e-20
-1.14931e-20
-1.14401e-20
-1.13673e-20
-1.12915e-20
-1.12266e-20
-1.11905e-20
-1.11757e-20
-1.11784e-20
-1.11934e-20
-1.12129e-20
-1.12324e-20
-1.12455e-20
-1.12493e-20
-1.12408e-20
-1.12203e-20
-1.12008e-20
-1.11874e-20
-1.11933e-20
-1.12152e-20
-1.12509e-20
-1.12892e-20
-1.13137e-20
-1.13244e-20
-1.13209e-20
-1.13092e-20
-1.12951e-20
-1.12754e-20
-1.12535e-20
-1.12265e-20
-1.12003e-20
-1.11719e-20
-1.11441e-20
-1.11192e-20
-1.10981e-20
-1.10814e-20
-1.10688e-20
-1.10624e-20
-1.10624e-20
-1.107e-20
-1.10821e-20
-1.10953e-20
-1.11079e-20
-1.11192e-20
-1.11318e-20
-1.1147e-20
-1.11639e-20
-1.11833e-20
-1.12001e-20
-1.12122e-20
-1.1211e-20
-1.11993e-20
-1.11787e-20
-1.1151e-20
-1.11281e-20
-1.11169e-20
-1.11265e-20
-1.1158e-20
-1.11855e-20
-1.11959e-20
-1.11801e-20
-1.11361e-20
-1.10804e-20
-1.10295e-20
-1.10063e-20
-1.10211e-20
-1.10739e-20
-1.1159e-20
-1.12563e-20
-1.13552e-20
-1.14377e-20
-1.14967e-20
-1.15237e-20
-1.15239e-20
-1.15012e-20
-1.14626e-20
-1.14121e-20
-1.13577e-20
-1.12993e-20
-1.1243e-20
-1.11951e-20
-1.11515e-20
-1.11186e-20
-1.10923e-20
-1.10747e-20
-1.1066e-20
-1.10649e-20
-1.10749e-20
-1.10928e-20
-1.11259e-20
-1.11664e-20
-1.12196e-20
-1.12795e-20
-1.13482e-20
-1.14179e-20
-1.14839e-20
-1.15442e-20
-1.15931e-20
-1.16218e-20
-1.1626e-20
-1.16027e-20
-1.15524e-20
-1.14743e-20
-1.13768e-20
-1.1271e-20
-1.11762e-20
-1.10959e-20
-1.1038e-20
-1.10057e-20
-1.09997e-20
-1.10135e-20
-1.1043e-20
-1.1086e-20
-1.11397e-20
-1.12032e-20
-1.12704e-20
-1.1344e-20
-1.14166e-20
-1.14758e-20
-1.15142e-20
-1.15217e-20
-1.15001e-20
-1.14504e-20
-1.13842e-20
-1.13079e-20
-1.12273e-20
-1.11469e-20
-1.10718e-20
-1.10039e-20
-1.09375e-20
-1.08796e-20
-1.08318e-20
-1.07983e-20
-1.07876e-20
-1.08047e-20
-1.085e-20
-1.09151e-20
-1.09862e-20
-1.10496e-20
-1.10992e-20
-1.11294e-20
-1.11547e-20
-1.11785e-20
-1.12083e-20
-1.12482e-20
-1.12861e-20
-1.13182e-20
-1.1339e-20
-1.13531e-20
-1.13628e-20
-1.13761e-20
-1.13922e-20
-1.14135e-20
-1.1436e-20
-1.14557e-20
-1.1473e-20
-1.14864e-20
-1.15006e-20
-1.15176e-20
-1.15403e-20
-1.15622e-20
-1.15758e-20
-1.15755e-20
-1.15569e-20
-1.15107e-20
-1.14322e-20
-1.13264e-20
-1.11955e-20
-1.10504e-20
-1.09046e-20
-1.07903e-20
-1.0723e-20
-1.0712e-20
-1.07519e-20
-1.08144e-20
-1.08777e-20
-1.09316e-20
-1.09686e-20
-1.09913e-20
-1.10054e-20
-1.1017e-20
-1.10301e-20
-1.10483e-20
-1.1065e-20
-1.10815e-20
-1.10949e-20
-1.11014e-20
-1.11079e-20
-1.11189e-20
-1.1132e-20
-1.11499e-20
-1.11668e-20
-1.11841e-20
-1.11948e-20
-1.11987e-20
-1.1196e-20
-1.11779e-20
-1.11535e-20
-1.11267e-20
-1.10983e-20
-1.10739e-20
-1.10561e-20
-1.10534e-20
-1.10619e-20
-1.10802e-20
-1.11071e-20
-1.11451e-20
-1.11959e-20
-1.12575e-20
-1.13188e-20
-1.13737e-20
-1.14088e-20
-1.14236e-20
-1.14144e-20
-1.13778e-20
-1.13239e-20
-1.12595e-20
-1.11962e-20
-1.11482e-20
-1.11219e-20
-1.11237e-20
-1.11499e-20
-1.11957e-20
-1.12419e-20
-1.12791e-20
-1.12986e-20
-1.12928e-20
-1.12634e-20
-1.12166e-20
-1.11606e-20
-1.1099e-20
-1.10436e-20
-1.09942e-20
-1.09597e-20
-1.09358e-20
-1.09338e-20
-1.09547e-20
-1.09988e-20
-1.10642e-20
-1.11477e-20
-1.12368e-20
-1.13196e-20
-1.13964e-20
-1.14532e-20
-1.14872e-20
-1.14966e-20
-1.14885e-20
-1.14586e-20
-1.14146e-20
-1.13579e-20
-1.12877e-20
-1.12078e-20
-1.11304e-20
-1.10653e-20
-1.10179e-20
-1.09906e-20
-1.0979e-20
-1.09745e-20
-1.09699e-20
-1.09683e-20
-1.09752e-20
-1.09948e-20
-1.10326e-20
-1.10795e-20
-1.11236e-20
-1.11641e-20
-1.11906e-20
-1.12038e-20
-1.12043e-20
-1.11979e-20
-1.11885e-20
-1.11896e-20
-1.12037e-20
-1.12296e-20
-1.12678e-20
-1.13081e-20
-1.13459e-20
-1.13818e-20
-1.14137e-20
-1.14464e-20
-1.14801e-20
-1.1513e-20
-1.15408e-20
-1.15635e-20
-1.15728e-20
-1.1574e-20
-1.15641e-20
-1.15405e-20
-1.15044e-20
-1.14594e-20
-1.14108e-20
-1.13552e-20
-1.13055e-20
-1.1263e-20
-1.12358e-20
-1.12256e-20
-1.12299e-20
-1.12432e-20
-1.12614e-20
-1.12786e-20
-1.1292e-20
-1.12993e-20
-1.13007e-20
-1.12965e-20
-1.12917e-20
-1.12946e-20
-1.13032e-20
-1.13188e-20
-1.13348e-20
-1.13444e-20
-1.13416e-20
-1.1322e-20
-1.12853e-20
-1.12348e-20
-1.118e-20
-1.11264e-20
-1.10822e-20
-1.10459e-20
-1.1018e-20
-1.09917e-20
-1.09678e-20
-1.09498e-20
-1.09354e-20
-1.09229e-20
-1.09153e-20
-1.09166e-20
-1.09301e-20
-1.09606e-20
-1.09998e-20
-1.10454e-20
-1.10807e-20
-1.11089e-20
-1.11286e-20
-1.11436e-20
-1.116e-20
-1.11692e-20
-1.11797e-20
-1.11911e-20
-1.11986e-20
-1.12038e-20
-1.12074e-20
-1.12147e-20
-1.12216e-20
-1.12271e-20
-1.12245e-20
-1.12106e-20
-1.11817e-20
-1.11421e-20
-1.10941e-20
-1.10532e-20
-1.10273e-20
-1.10214e-20
-1.10311e-20
-1.10542e-20
-1.10857e-20
-1.11297e-20
-1.11779e-20
-1.12273e-20
-1.12695e-20
-1.13001e-20
-1.1321e-20
-1.13393e-20
-1.13622e-20
-1.13974e-20
-1.1439e-20
-1.14866e-20
-1.15273e-20
-1.15485e-20
-1.15486e-20
-1.15213e-20
-1.14677e-20
-1.13976e-20
-1.13225e-20
-1.12562e-20
-1.12033e-20
-1.11685e-20
-1.11476e-20
-1.11377e-20
-1.11408e-20
-1.11541e-20
-1.11806e-20
-1.12145e-20
-1.12461e-20
-1.12717e-20
-1.12914e-20
-1.13088e-20
-1.13303e-20
-1.13533e-20
-1.13716e-20
-1.13793e-20
-1.13764e-20
-1.13697e-20
-1.13578e-20
-1.13469e-20
-1.13418e-20
-1.13395e-20
-1.1338e-20
-1.13345e-20
-1.13221e-20
-1.1306e-20
-1.12881e-20
-1.12796e-20
-1.12802e-20
-1.1294e-20
-1.13125e-20
-1.13352e-20
-1.13499e-20
-1.13531e-20
-1.13496e-20
-1.13363e-20
-1.13212e-20
-1.13061e-20
-1.12946e-20
-1.12847e-20
-1.12791e-20
-1.12755e-20
-1.12676e-20
-1.12529e-20
-1.12343e-20
-1.12235e-20
-1.12239e-20
-1.12375e-20
-1.12617e-20
-1.12879e-20
-1.13128e-20
-1.13325e-20
-1.13547e-20
-1.1373e-20
-1.13903e-20
-1.14005e-20
-1.14005e-20
-1.13871e-20
-1.13618e-20
-1.13259e-20
-1.12818e-20
-1.12336e-20
-1.11841e-20
-1.11402e-20
-1.11123e-20
-1.11152e-20
-1.11514e-20
-1.12091e-20
-1.12771e-20
-1.13271e-20
-1.13603e-20
-1.13713e-20
-1.13655e-20
-1.13535e-20
-1.1345e-20
-1.13475e-20
-1.13634e-20
-1.13847e-20
-1.14059e-20
-1.14172e-20
-1.14132e-20
-1.13905e-20
-1.1362e-20
-1.13406e-20
-1.13364e-20
-1.13453e-20
-1.13607e-20
-1.13759e-20
-1.13955e-20
-1.14109e-20
-1.14322e-20
-1.14481e-20
-1.14596e-20
-1.14572e-20
-1.14374e-20
-1.14008e-20
-1.13446e-20
-1.12834e-20
-1.12336e-20
-1.12107e-20
-1.12291e-20
-1.12871e-20
-1.13644e-20
-1.14462e-20
-1.15184e-20
-1.15736e-20
-1.16111e-20
-1.16277e-20
-1.16378e-20
-1.16388e-20
-1.16275e-20
-1.16112e-20
-1.15815e-20
-1.15328e-20
-1.14764e-20
-1.14106e-20
-1.1345e-20
-1.12756e-20
-1.12091e-20
-1.11474e-20
-1.10924e-20
-1.10508e-20
-1.1031e-20
-1.10323e-20
-1.10539e-20
-1.10903e-20
-1.11319e-20
-1.11684e-20
-1.11936e-20
-1.12011e-20
-1.11917e-20
-1.11664e-20
-1.11346e-20
-1.11046e-20
-1.10767e-20
-1.10548e-20
-1.10422e-20
-1.10367e-20
-1.1051e-20
-1.10768e-20
-1.1115e-20
-1.11526e-20
-1.11872e-20
-1.12096e-20
-1.12201e-20
-1.12172e-20
-1.12058e-20
-1.11926e-20
-1.11843e-20
-1.11907e-20
-1.12118e-20
-1.1245e-20
-1.12925e-20
-1.1344e-20
-1.13936e-20
-1.14323e-20
-1.14585e-20
-1.14733e-20
-1.14837e-20
-1.14977e-20
-1.15193e-20
-1.15425e-20
-1.15649e-20
-1.15789e-20
-1.15796e-20
-1.15692e-20
-1.15532e-20
-1.15263e-20
-1.14988e-20
-1.14736e-20
-1.14517e-20
-1.14333e-20
-1.14241e-20
-1.14201e-20
-1.14271e-20
-1.14386e-20
-1.14426e-20
-1.14439e-20
-1.1436e-20
-1.14254e-20
-1.14097e-20
-1.13997e-20
-1.13943e-20
-1.13931e-20
-1.1389e-20
-1.13783e-20
-1.13548e-20
-1.13164e-20
-1.1273e-20
-1.12205e-20
-1.1169e-20
-1.11268e-20
-1.11016e-20
-1.10985e-20
-1.11221e-20
-1.11644e-20
-1.12173e-20
-1.12697e-20
-1.13071e-20
-1.13196e-20
-1.13082e-20
-1.12815e-20
-1.12404e-20
-1.11977e-20
-1.11604e-20
-1.11261e-20
-1.10994e-20
-1.10766e-20
-1.10548e-20
-1.10401e-20
-1.1033e-20
-1.10328e-20
-1.1037e-20
-1.10391e-20
-1.1048e-20
-1.10628e-20
-1.10982e-20
-1.11424e-20
-1.11974e-20
-1.12525e-20
-1.13064e-20
-1.13545e-20
-1.13917e-20
-1.14233e-20
-1.14418e-20
-1.14487e-20
-1.14412e-20
-1.14214e-20
-1.1394e-20
-1.13617e-20
-1.13335e-20
-1.13119e-20
-1.13035e-20
-1.13057e-20
-1.13208e-20
-1.13362e-20
-1.13509e-20
-1.13633e-20
-1.13673e-20
-1.13622e-20
-1.13528e-20
-1.13399e-20
-1.13238e-20
-1.13048e-20
-1.12872e-20
-1.12667e-20
-1.12417e-20
-1.12169e-20
-1.1191e-20
-1.11675e-20
-1.11532e-20
-1.11452e-20
-1.11433e-20
-1.11509e-20
-1.11657e-20
-1.11849e-20
-1.12112e-20
-1.12321e-20
-1.12441e-20
-1.12423e-20
-1.12197e-20
-1.11829e-20
-1.11353e-20
-1.10907e-20
-1.10587e-20
-1.10489e-20
-1.10566e-20
-1.10856e-20
-1.11192e-20
-1.11559e-20
-1.11785e-20
-1.11865e-20
-1.11761e-20
-1.1148e-20
-1.11113e-20
-1.10784e-20
-1.10541e-20
-1.10433e-20
-1.10438e-20
-1.10522e-20
-1.10633e-20
-1.10675e-20
-1.10714e-20
-1.10718e-20
-1.10667e-20
-1.10578e-20
-1.10442e-20
-1.10315e-20
-1.10161e-20
-1.1005e-20
-1.10027e-20
-1.10163e-20
-1.10397e-20
-1.10731e-20
-1.11073e-20
-1.11411e-20
-1.11687e-20
-1.11921e-20
-1.12167e-20
-1.12327e-20
-1.12442e-20
-1.12508e-20
-1.12468e-20
-1.12388e-20
-1.12368e-20
-1.12458e-20
-1.12667e-20
-1.12975e-20
-1.13249e-20
-1.13487e-20
-1.13672e-20
-1.13811e-20
-1.13905e-20
-1.13984e-20
-1.14013e-20
-1.14024e-20
-1.13928e-20
-1.13734e-20
-1.13482e-20
-1.13159e-20
-1.12824e-20
-1.1253e-20
-1.12222e-20
-1.11925e-20
-1.11618e-20
-1.11297e-20
-1.11011e-20
-1.10734e-20
-1.10562e-20
-1.10528e-20
-1.10595e-20
-1.10789e-20
-1.11026e-20
-1.11298e-20
-1.11528e-20
-1.11675e-20
-1.11705e-20
-1.11585e-20
-1.1129e-20
-1.10842e-20
-1.10312e-20
-1.09882e-20
-1.09673e-20
-1.09714e-20
-1.09948e-20
-1.10292e-20
-1.10691e-20
-1.11025e-20
-1.11223e-20
-1.11284e-20
-1.11182e-20
-1.10991e-20
-1.10902e-20
-1.11002e-20
-1.11298e-20
-1.11738e-20
-1.12204e-20
-1.12591e-20
-1.1288e-20
-1.13072e-20
-1.13217e-20
-1.13283e-20
-1.13292e-20
-1.13273e-20
-1.13217e-20
-1.13103e-20
-1.12911e-20
-1.12626e-20
-1.12244e-20
-1.11758e-20
-1.11261e-20
-1.10755e-20
-1.1034e-20
-1.10117e-20
-1.10174e-20
-1.10474e-20
-1.10956e-20
-1.11605e-20
-1.1234e-20
-1.13084e-20
-1.13703e-20
-1.14117e-20
-1.14254e-20
-1.14122e-20
-1.13751e-20
-1.13176e-20
-1.12511e-20
-1.11782e-20
-1.11105e-20
-1.10464e-20
-1.09914e-20
-1.09566e-20
-1.09469e-20
-1.09693e-20
-1.10208e-20
-1.10851e-20
-1.11407e-20
-1.11806e-20
-1.11959e-20
-1.11904e-20
-1.11783e-20
-1.11715e-20
-1.1175e-20
-1.11854e-20
-1.11905e-20
-1.11846e-20
-1.11669e-20
-1.11456e-20
-1.11296e-20
-1.11133e-20
-1.11037e-20
-1.10968e-20
-1.10897e-20
-1.10886e-20
-1.10895e-20
-1.10989e-20
-1.11213e-20
-1.11518e-20
-1.11867e-20
-1.12211e-20
-1.1245e-20
-1.12616e-20
-1.12668e-20
-1.12605e-20
-1.12425e-20
-1.12132e-20
-1.11729e-20
-1.11306e-20
-1.10909e-20
-1.10619e-20
-1.1052e-20
-1.10606e-20
-1.10839e-20
-1.11211e-20
-1.11582e-20
-1.11899e-20
-1.12126e-20
-1.12174e-20
-1.1207e-20
-1.11821e-20
-1.11514e-20
-1.11258e-20
-1.11091e-20
-1.10954e-20
-1.10761e-20
-1.10444e-20
-1.10027e-20
-1.09609e-20
-1.09338e-20
-1.0933e-20
-1.09561e-20
-1.10013e-20
-1.10615e-20
-1.11283e-20
-1.11962e-20
-1.12571e-20
-1.13066e-20
-1.13441e-20
-1.13662e-20
-1.13766e-20
-1.137e-20
-1.13502e-20
-1.13193e-20
-1.12854e-20
-1.12576e-20
-1.12412e-20
-1.12408e-20
-1.1252e-20
-1.12658e-20
-1.12824e-20
-1.12943e-20
-1.12984e-20
-1.12958e-20
-1.12801e-20
-1.12518e-20
-1.12076e-20
-1.11498e-20
-1.10892e-20
-1.10296e-20
-1.09851e-20
-1.09682e-20
-1.09844e-20
-1.10381e-20
-1.11183e-20
-1.12024e-20
-1.12735e-20
-1.13214e-20
-1.13409e-20
-1.13341e-20
-1.13066e-20
-1.12654e-20
-1.12266e-20
-1.11923e-20
-1.11611e-20
-1.11333e-20
-1.11061e-20
-1.10875e-20
-1.10852e-20
-1.11015e-20
-1.1133e-20
-1.11706e-20
-1.12026e-20
-1.12358e-20
-1.12719e-20
-1.13054e-20
-1.13358e-20
-1.136e-20
-1.1373e-20
-1.13778e-20
-1.13779e-20
-1.13728e-20
-1.13661e-20
-1.13545e-20
-1.13432e-20
-1.13306e-20
-1.13185e-20
-1.13037e-20
-1.12886e-20
-1.12676e-20
-1.12516e-20
-1.12469e-20
-1.12576e-20
-1.12745e-20
-1.12971e-20
-1.13157e-20
-1.13291e-20
-1.13351e-20
-1.13318e-20
-1.13232e-20
-1.13096e-20
-1.12935e-20
-1.12768e-20
-1.12583e-20
-1.12429e-20
-1.12303e-20
-1.12258e-20
-1.12274e-20
-1.1237e-20
-1.12518e-20
-1.12651e-20
-1.12793e-20
-1.12878e-20
-1.12964e-20
-1.13042e-20
-1.13159e-20
-1.1334e-20
-1.13575e-20
-1.13823e-20
-1.14008e-20
-1.1409e-20
-1.13986e-20
-1.13637e-20
-1.13059e-20
-1.12332e-20
-1.1159e-20
-1.11071e-20
-1.10965e-20
-1.11252e-20
-1.11828e-20
-1.12461e-20
-1.13001e-20
-1.13363e-20
-1.1345e-20
-1.13321e-20
-1.12958e-20
-1.12539e-20
-1.12169e-20
-1.11964e-20
-1.12016e-20
-1.12298e-20
-1.12756e-20
-1.13258e-20
-1.13725e-20
-1.13966e-20
-1.13946e-20
-1.13714e-20
-1.13426e-20
-1.1333e-20
-1.13584e-20
-1.14133e-20
-1.14746e-20
-1.15275e-20
-1.15649e-20
-1.15875e-20
-1.16004e-20
-1.16052e-20
-1.1602e-20
-1.15928e-20
-1.15774e-20
-1.15617e-20
-1.15536e-20
-1.15524e-20
-1.15635e-20
-1.15776e-20
-1.15918e-20
-1.16012e-20
-1.15977e-20
-1.1585e-20
-1.15571e-20
-1.15249e-20
-1.14881e-20
-1.14512e-20
-1.14161e-20
-1.13875e-20
-1.13622e-20
-1.13485e-20
-1.13465e-20
-1.13572e-20
-1.13816e-20
-1.14141e-20
-1.14437e-20
-1.14683e-20
-1.14921e-20
-1.15154e-20
-1.15402e-20
-1.15711e-20
-1.16061e-20
-1.16386e-20
-1.16618e-20
-1.16717e-20
-1.16616e-20
-1.16324e-20
-1.15909e-20
-1.15419e-20
-1.14883e-20
-1.14396e-20
-1.1398e-20
-1.13681e-20
-1.13416e-20
-1.13169e-20
-1.12823e-20
-1.12365e-20
-1.11819e-20
-1.11203e-20
-1.10664e-20
-1.1021e-20
-1.09937e-20
-1.09856e-20
-1.10005e-20
-1.1028e-20
-1.1049e-20
-1.10562e-20
-1.10499e-20
-1.10426e-20
-1.10416e-20
-1.10518e-20
-1.10771e-20
-1.1121e-20
-1.11847e-20
-1.12617e-20
-1.13419e-20
-1.14175e-20
-1.14887e-20
-1.15478e-20
-1.15938e-20
-1.16222e-20
-1.16334e-20
-1.16211e-20
-1.15885e-20
-1.15421e-20
-1.14802e-20
-1.1425e-20
-1.13764e-20
-1.13406e-20
-1.1313e-20
-1.12884e-20
-1.12646e-20
-1.12411e-20
-1.12219e-20
-1.12107e-20
-1.12161e-20
-1.12449e-20
-1.12935e-20
-1.13558e-20
-1.14166e-20
-1.14661e-20
-1.1493e-20
-1.1487e-20
-1.14516e-20
-1.13846e-20
-1.13043e-20
-1.12246e-20
-1.11611e-20
-1.11235e-20
-1.11152e-20
-1.11253e-20
-1.11555e-20
-1.11892e-20
-1.12327e-20
-1.12761e-20
-1.13106e-20
-1.13419e-20
-1.1362e-20
-1.13795e-20
-1.13854e-20
-1.13794e-20
-1.13573e-20
-1.13168e-20
-1.12578e-20
-1.11906e-20
-1.11363e-20
-1.11167e-20
-1.11323e-20
-1.11672e-20
-1.12092e-20
-1.12389e-20
-1.12528e-20
-1.12461e-20
-1.12247e-20
-1.11943e-20
-1.1164e-20
-1.11405e-20
-1.11302e-20
-1.11243e-20
-1.11215e-20
-1.11215e-20
-1.11231e-20
-1.11238e-20
-1.1123e-20
-1.11194e-20
-1.11197e-20
-1.11304e-20
-1.11516e-20
-1.11874e-20
-1.12331e-20
-1.12734e-20
-1.12967e-20
-1.13024e-20
-1.12852e-20
-1.12606e-20
-1.1233e-20
-1.12109e-20
-1.12043e-20
-1.12137e-20
-1.12399e-20
-1.12771e-20
-1.13204e-20
-1.13582e-20
-1.13847e-20
-1.13951e-20
-1.13865e-20
-1.1363e-20
-1.13241e-20
-1.12799e-20
-1.12324e-20
-1.11873e-20
-1.11516e-20
-1.11335e-20
-1.11342e-20
-1.11512e-20
-1.1182e-20
-1.12182e-20
-1.12547e-20
-1.12848e-20
-1.13154e-20
-1.13447e-20
-1.13613e-20
-1.13638e-20
-1.13514e-20
-1.1327e-20
-1.12903e-20
-1.12534e-20
-1.12155e-20
-1.11785e-20
-1.11483e-20
-1.11339e-20
-1.11377e-20
-1.1159e-20
-1.11971e-20
-1.12486e-20
-1.13055e-20
-1.13616e-20
-1.14143e-20
-1.14608e-20
-1.14989e-20
-1.15306e-20
-1.15515e-20
-1.15635e-20
-1.15571e-20
-1.15339e-20
-1.14803e-20
-1.13984e-20
-1.12864e-20
-1.11664e-20
-1.10551e-20
-1.09679e-20
-1.0919e-20
-1.09069e-20
-1.09316e-20
-1.0984e-20
-1.10564e-20
-1.11378e-20
-1.12225e-20
-1.13029e-20
-1.13765e-20
-1.14377e-20
-1.14861e-20
-1.15199e-20
-1.15335e-20
-1.15197e-20
-1.1473e-20
-1.1397e-20
-1.13062e-20
-1.1218e-20
-1.11565e-20
-1.11315e-20
-1.11366e-20
-1.11659e-20
-1.12063e-20
-1.12475e-20
-1.12832e-20
-1.13044e-20
-1.13132e-20
-1.13108e-20
-1.13047e-20
-1.12991e-20
-1.12975e-20
-1.13053e-20
-1.13164e-20
-1.1325e-20
-1.13308e-20
-1.13247e-20
-1.13123e-20
-1.12922e-20
-1.12655e-20
-1.12359e-20
-1.12148e-20
-1.11999e-20
-1.12015e-20
-1.12197e-20
-1.12496e-20
-1.12839e-20
-1.13191e-20
-1.13504e-20
-1.13758e-20
-1.13963e-20
-1.14102e-20
-1.14244e-20
-1.143e-20
-1.14319e-20
-1.14253e-20
-1.14191e-20
-1.14196e-20
-1.14297e-20
-1.14589e-20
-1.15034e-20
-1.15645e-20
-1.16329e-20
-1.17045e-20
-1.17712e-20
-1.18221e-20
-1.1854e-20
-1.18567e-20
-1.18347e-20
-1.17951e-20
-1.17382e-20
-1.16751e-20
-1.16045e-20
-1.15245e-20
-1.1443e-20
-1.13552e-20
-1.1266e-20
-1.11833e-20
-1.11089e-20
-1.10529e-20
-1.10167e-20
-1.09996e-20
-1.09974e-20
-1.10055e-20
-1.102e-20
-1.10428e-20
-1.10726e-20
-1.11123e-20
-1.11589e-20
-1.12089e-20
-1.12593e-20
-1.13085e-20
-1.13513e-20
-1.13829e-20
-1.13968e-20
-1.13882e-20
-1.13609e-20
-1.13179e-20
-1.12731e-20
-1.1247e-20
-1.12449e-20
-1.12684e-20
-1.13173e-20
-1.13774e-20
-1.14382e-20
-1.14913e-20
-1.15283e-20
-1.15429e-20
-1.15297e-20
-1.14939e-20
-1.14396e-20
-1.13709e-20
-1.12969e-20
-1.12272e-20
-1.11734e-20
-1.11466e-20
-1.11439e-20
-1.11731e-20
-1.12243e-20
-1.12937e-20
-1.13704e-20
-1.14467e-20
-1.15134e-20
-1.15555e-20
-1.15687e-20
-1.15503e-20
-1.15031e-20
-1.14549e-20
-1.14287e-20
-1.14359e-20
-1.14664e-20
-1.14967e-20
-1.15197e-20
-1.15287e-20
-1.15267e-20
-1.15123e-20
-1.14902e-20
-1.14602e-20
-1.14292e-20
-1.13999e-20
-1.13771e-20
-1.13761e-20
-1.13913e-20
-1.14217e-20
-1.14526e-20
-1.14809e-20
-1.14967e-20
-1.1502e-20
-1.14994e-20
-1.14912e-20
-1.14857e-20
-1.14836e-20
-1.14809e-20
-1.14747e-20
-1.14588e-20
-1.14262e-20
-1.13827e-20
-1.13274e-20
-1.12754e-20
-1.12366e-20
-1.12181e-20
-1.12213e-20
-1.12335e-20
-1.12474e-20
-1.12535e-20
-1.12535e-20
-1.12435e-20
-1.12318e-20
-1.12223e-20
-1.12246e-20
-1.12269e-20
-1.12228e-20
-1.12066e-20
-1.11824e-20
-1.11473e-20
-1.11071e-20
-1.1066e-20
-1.1031e-20
-1.1014e-20
-1.10147e-20
-1.10361e-20
-1.10681e-20
-1.11053e-20
-1.11311e-20
-1.11388e-20
-1.11303e-20
-1.11091e-20
-1.10843e-20
-1.10645e-20
-1.10573e-20
-1.10645e-20
-1.1088e-20
-1.11161e-20
-1.11416e-20
-1.11623e-20
-1.11759e-20
-1.11919e-20
-1.1219e-20
-1.12621e-20
-1.13106e-20
-1.13587e-20
-1.13948e-20
-1.14175e-20
-1.14251e-20
-1.14217e-20
-1.141e-20
-1.13941e-20
-1.13761e-20
-1.13628e-20
-1.1356e-20
-1.1365e-20
-1.13815e-20
-1.14058e-20
-1.14328e-20
-1.14529e-20
-1.14593e-20
-1.1448e-20
-1.14192e-20
-1.13762e-20
-1.13245e-20
-1.1277e-20
-1.12475e-20
-1.12457e-20
-1.12697e-20
-1.13175e-20
-1.13747e-20
-1.1427e-20
-1.14649e-20
-1.14822e-20
-1.14712e-20
-1.14395e-20
-1.13888e-20
-1.13297e-20
-1.12694e-20
-1.12254e-20
-1.12043e-20
-1.1205e-20
-1.12211e-20
-1.12395e-20
-1.12566e-20
-1.1267e-20
-1.12703e-20
-1.12633e-20
-1.12511e-20
-1.1237e-20
-1.12318e-20
-1.12339e-20
-1.12507e-20
-1.12789e-20
-1.13127e-20
-1.13574e-20
-1.14052e-20
-1.1446e-20
-1.14767e-20
-1.14856e-20
-1.14741e-20
-1.14397e-20
-1.13906e-20
-1.13313e-20
-1.12772e-20
-1.12271e-20
-1.1186e-20
-1.11547e-20
-1.11374e-20
-1.11338e-20
-1.11466e-20
-1.11751e-20
-1.1212e-20
-1.12564e-20
-1.12901e-20
-1.1315e-20
-1.13245e-20
-1.13211e-20
-1.13021e-20
-1.12786e-20
-1.12506e-20
-1.12274e-20
-1.12083e-20
-1.11975e-20
-1.11935e-20
-1.11994e-20
-1.12081e-20
-1.12157e-20
-1.12251e-20
-1.12325e-20
-1.12411e-20
-1.12511e-20
-1.12721e-20
-1.13046e-20
-1.13542e-20
-1.14158e-20
-1.14815e-20
-1.15378e-20
-1.15809e-20
-1.16004e-20
-1.15937e-20
-1.15635e-20
-1.1514e-20
-1.14544e-20
-1.14013e-20
-1.136e-20
-1.13419e-20
-1.134e-20
-1.13515e-20
-1.13629e-20
-1.13657e-20
-1.13497e-20
-1.13138e-20
-1.12546e-20
-1.11806e-20
-1.10983e-20
-1.10237e-20
-1.09681e-20
-1.09386e-20
-1.09387e-20
-1.09617e-20
-1.10002e-20
-1.10496e-20
-1.11006e-20
-1.11464e-20
-1.1186e-20
-1.1213e-20
-1.12253e-20
-1.12259e-20
-1.12246e-20
-1.12342e-20
-1.12688e-20
-1.13282e-20
-1.14035e-20
-1.14714e-20
-1.15164e-20
-1.15262e-20
-1.14984e-20
-1.14373e-20
-1.13495e-20
-1.12442e-20
-1.11462e-20
-1.10748e-20
-1.10545e-20
-1.1085e-20
-1.11559e-20
-1.12447e-20
-1.13257e-20
-1.13854e-20
-1.14085e-20
-1.13991e-20
-1.13602e-20
-1.13064e-20
-1.12545e-20
-1.12312e-20
-1.12473e-20
-1.13066e-20
-1.13819e-20
-1.14579e-20
-1.15093e-20
-1.1524e-20
-1.14999e-20
-1.14463e-20
-1.13771e-20
-1.13059e-20
-1.12403e-20
-1.11818e-20
-1.114e-20
-1.11155e-20
-1.11053e-20
-1.11059e-20
-1.11126e-20
-1.11249e-20
-1.1144e-20
-1.11624e-20
-1.11769e-20
-1.11862e-20
-1.11964e-20
-1.12038e-20
-1.12131e-20
-1.12253e-20
-1.12357e-20
-1.12457e-20
-1.1257e-20
-1.1263e-20
-1.12627e-20
-1.12544e-20
-1.12377e-20
-1.12207e-20
-1.12037e-20
-1.1192e-20
-1.11885e-20
-1.12015e-20
-1.12325e-20
-1.12743e-20
-1.13142e-20
-1.13434e-20
-1.13627e-20
-1.13727e-20
-1.1383e-20
-1.13893e-20
-1.13946e-20
-1.13952e-20
-1.13854e-20
-1.13677e-20
-1.13492e-20
-1.13362e-20
-1.13349e-20
-1.13481e-20
-1.13706e-20
-1.13947e-20
-1.14155e-20
-1.14307e-20
-1.14401e-20
-1.14432e-20
-1.14428e-20
-1.1442e-20
-1.14394e-20
-1.14395e-20
-1.1436e-20
-1.14316e-20
-1.14375e-20
-1.1457e-20
-1.14877e-20
-1.15216e-20
-1.15537e-20
-1.15728e-20
-1.15726e-20
-1.15505e-20
-1.151e-20
-1.14557e-20
-1.13905e-20
-1.13254e-20
-1.12642e-20
-1.12132e-20
-1.1171e-20
-1.11367e-20
-1.11107e-20
-1.10917e-20
-1.10849e-20
-1.10872e-20
-1.11038e-20
-1.11327e-20
-1.11695e-20
-1.12098e-20
-1.12549e-20
-1.12973e-20
-1.13313e-20
-1.13484e-20
-1.13432e-20
-1.13177e-20
-1.12774e-20
-1.12392e-20
-1.12134e-20
-1.12101e-20
-1.12227e-20
-1.12472e-20
-1.12777e-20
-1.13085e-20
-1.13425e-20
-1.13813e-20
-1.14216e-20
-1.14581e-20
-1.149e-20
-1.1515e-20
-1.15332e-20
-1.15413e-20
-1.15414e-20
-1.15394e-20
-1.15374e-20
-1.15302e-20
-1.152e-20
-1.15023e-20
-1.14694e-20
-1.14213e-20
-1.13629e-20
-1.12915e-20
-1.12124e-20
-1.11387e-20
-1.10831e-20
-1.10538e-20
-1.10574e-20
-1.10877e-20
-1.11469e-20
-1.12233e-20
-1.13068e-20
-1.13888e-20
-1.14609e-20
-1.15157e-20
-1.15469e-20
-1.15506e-20
-1.15317e-20
-1.14976e-20
-1.14585e-20
-1.14424e-20
-1.14503e-20
-1.14847e-20
-1.15286e-20
-1.15685e-20
-1.15936e-20
-1.15977e-20
-1.15804e-20
-1.15549e-20
-1.15255e-20
-1.15075e-20
-1.15039e-20
-1.15293e-20
-1.15706e-20
-1.16185e-20
-1.16687e-20
-1.17052e-20
-1.17225e-20
-1.17123e-20
-1.16729e-20
-1.16093e-20
-1.15189e-20
-1.14137e-20
-1.12952e-20
-1.1181e-20
-1.1088e-20
-1.10255e-20
-1.09981e-20
-1.10044e-20
-1.10381e-20
-1.10892e-20
-1.11457e-20
-1.11914e-20
-1.122e-20
-1.12259e-20
-1.12126e-20
-1.1183e-20
-1.11413e-20
-1.11031e-20
-1.10772e-20
-1.10756e-20
-1.1107e-20
-1.11624e-20
-1.12323e-20
-1.12994e-20
-1.13563e-20
-1.13956e-20
-1.14147e-20
-1.14091e-20
-1.13896e-20
-1.13617e-20
-1.13296e-20
-1.13062e-20
-1.12956e-20
-1.12949e-20
-1.12989e-20
-1.12993e-20
-1.12915e-20
-1.128e-20
-1.12705e-20
-1.12734e-20
-1.12945e-20
-1.13301e-20
-1.13723e-20
-1.14055e-20
-1.14247e-20
-1.14219e-20
-1.14002e-20
-1.13642e-20
-1.13199e-20
-1.12766e-20
-1.1239e-20
-1.12174e-20
-1.12118e-20
-1.12227e-20
-1.12432e-20
-1.12667e-20
-1.12852e-20
-1.12957e-20
-1.13029e-20
-1.13048e-20
-1.13046e-20
-1.13058e-20
-1.13149e-20
-1.13234e-20
-1.13314e-20
-1.13308e-20
-1.13107e-20
-1.12708e-20
-1.12116e-20
-1.11469e-20
-1.10872e-20
-1.10433e-20
-1.10188e-20
-1.10079e-20
-1.10126e-20
-1.10298e-20
-1.10555e-20
-1.10898e-20
-1.11308e-20
-1.11779e-20
-1.12289e-20
-1.12811e-20
-1.13311e-20
-1.13753e-20
-1.14098e-20
-1.14349e-20
-1.14513e-20
-1.14617e-20
-1.14748e-20
-1.14905e-20
-1.15148e-20
-1.15405e-20
-1.15646e-20
-1.15874e-20
-1.16053e-20
-1.16115e-20
-1.16044e-20
-1.15835e-20
-1.1546e-20
-1.15026e-20
-1.14568e-20
-1.14209e-20
-1.13992e-20
-1.13909e-20
-1.14021e-20
-1.14241e-20
-1.14501e-20
-1.14653e-20
-1.14607e-20
-1.14294e-20
-1.138e-20
-1.13158e-20
-1.12513e-20
-1.12017e-20
-1.11819e-20
-1.11942e-20
-1.12283e-20
-1.12808e-20
-1.13367e-20
-1.13894e-20
-1.14259e-20
-1.14444e-20
-1.14434e-20
-1.1427e-20
-1.13985e-20
-1.13545e-20
-1.13041e-20
-1.12471e-20
-1.11869e-20
-1.11373e-20
-1.11079e-20
-1.11123e-20
-1.11455e-20
-1.11928e-20
-1.12386e-20
-1.12807e-20
-1.13136e-20
-1.13372e-20
-1.13608e-20
-1.13909e-20
-1.14217e-20
-1.14589e-20
-1.1493e-20
-1.15197e-20
-1.15346e-20
-1.15285e-20
-1.15033e-20
-1.14608e-20
-1.14024e-20
-1.13378e-20
-1.12705e-20
-1.12114e-20
-1.11736e-20
-1.11596e-20
-1.11681e-20
-1.11965e-20
-1.12362e-20
-1.12857e-20
-1.13362e-20
-1.13805e-20
-1.14216e-20
-1.1455e-20
-1.1483e-20
-1.14976e-20
-1.14976e-20
-1.14919e-20
-1.14815e-20
-1.14647e-20
-1.1447e-20
-1.14287e-20
-1.14087e-20
-1.13886e-20
-1.13664e-20
-1.13469e-20
-1.13294e-20
-1.13219e-20
-1.13263e-20
-1.13425e-20
-1.1367e-20
-1.13935e-20
-1.14163e-20
-1.14229e-20
-1.14208e-20
-1.14084e-20
-1.13916e-20
-1.13843e-20
-1.13839e-20
-1.14008e-20
-1.14265e-20
-1.14528e-20
-1.14746e-20
-1.14896e-20
-1.14971e-20
-1.14916e-20
-1.14744e-20
-1.14453e-20
-1.14012e-20
-1.13444e-20
-1.12873e-20
-1.12341e-20
-1.12011e-20
-1.11971e-20
-1.12167e-20
-1.12573e-20
-1.13037e-20
-1.1345e-20
-1.13749e-20
-1.14045e-20
-1.14301e-20
-1.14588e-20
-1.14914e-20
-1.15282e-20
-1.15661e-20
-1.15981e-20
-1.16213e-20
-1.16302e-20
-1.16254e-20
-1.16108e-20
-1.1592e-20
-1.15735e-20
-1.15554e-20
-1.15406e-20
-1.15267e-20
-1.15042e-20
-1.14739e-20
-1.14297e-20
-1.13795e-20
-1.13286e-20
-1.12905e-20
-1.12711e-20
-1.12725e-20
-1.12904e-20
-1.13202e-20
-1.13489e-20
-1.13764e-20
-1.13913e-20
-1.1396e-20
-1.13803e-20
-1.13507e-20
-1.13038e-20
-1.12468e-20
-1.11889e-20
-1.1134e-20
-1.10887e-20
-1.10539e-20
-1.10334e-20
-1.10203e-20
-1.10104e-20
-1.10064e-20
-1.10066e-20
-1.10047e-20
-1.10043e-20
-1.10024e-20
-1.1004e-20
-1.10105e-20
-1.10316e-20
-1.10632e-20
-1.11071e-20
-1.11528e-20
-1.11938e-20
-1.12248e-20
-1.12389e-20
-1.12464e-20
-1.12515e-20
-1.12628e-20
-1.12817e-20
-1.13015e-20
-1.13086e-20
-1.12992e-20
-1.12748e-20
-1.12403e-20
-1.12005e-20
-1.11562e-20
-1.11116e-20
-1.10705e-20
-1.10357e-20
-1.10112e-20
-1.10006e-20
-1.10067e-20
-1.10256e-20
-1.10542e-20
-1.1085e-20
-1.11203e-20
-1.1156e-20
-1.11898e-20
-1.12194e-20
-1.12389e-20
-1.12446e-20
-1.12419e-20
-1.12341e-20
-1.12296e-20
-1.12334e-20
-1.12452e-20
-1.12587e-20
-1.1272e-20
-1.12811e-20
-1.12863e-20
-1.12914e-20
-1.12998e-20
-1.13094e-20
