-1.06747e-20
-1.0674e-20
-1.06731e-20
-1.06714e-20
-1.06678e-20
-1.06616e-20
-1.06569e-20
-1.06464e-20
-1.06377e-20
-1.06282e-20
-1.06207e-20
-1.06149e-20
-1.0611e-20
-1.06064e-20
-1.06079e-20
-1.06109e-20
-1.06147e-20
-1.06179e-20
-1.06225e-20
-1.06284e-20
-1.06319e-20
-1.06379e-20
-1.06393e-20
-1.06417e-20
-1.06421e-20
-1.06431e-20
-1.06416e-20
-1.0644e-20
-1.06419e-20
-1.06424e-20
-1.06427e-20
-1.06409e-20
-1.06392e-20
-1.06391e-20
-1.06412e-20
-1.06408e-20
-1.06384e-20
-1.06375e-20
-1.06371e-20
-1.06358e-20
-1.06359e-20
-1.06377e-20
-1.0638e-20
-1.06405e-20
-1.06419e-20
-1.06405e-20
-1.06437e-20
-1.06431e-20
-1.06433e-20
-1.06442e-20
-1.06455e-20
-1.06467e-20
-1.06475e-20
-1.06459e-20
-1.06443e-20
-1.06449e-20
-1.0646e-20
-1.0645e-20
-1.06452e-20
-1.06455e-20
-1.06463e-20
-1.0646e-20
-1.06463e-20
-1.06462e-20
-1.06453e-20
-1.06445e-20
-1.06437e-20
-1.06432e-20
-1.06439e-20
-1.06436e-20
-1.06425e-20
-1.06421e-20
-1.06427e-20
-1.06427e-20
-1.06418e-20
-1.06427e-20
-1.06432e-20
-1.06428e-20
-1.06446e-20
-1.06447e-20
-1.06456e-20
-1.06454e-20
-1.06451e-20
-1.06454e-20
-1.06457e-20
-1.06469e-20
-1.0645e-20
-1.06437e-20
-1.06449e-20
-1.06438e-20
-1.06426e-20
-1.06416e-20
-1.06417e-20
-1.06422e-20
-1.06444e-20
-1.06452e-20
-1.0644e-20
-1.06431e-20
-1.06437e-20
-1.06432e-20
-1.06411e-20
-1.06413e-20
-1.06408e-20
-1.06419e-20
-1.06421e-20
-1.06428e-20
-1.06416e-20
-1.06423e-20
-1.06422e-20
-1.06439e-20
-1.06426e-20
-1.0644e-20
-1.06464e-20
-1.06477e-20
-1.06459e-20
-1.06479e-20
-1.06491e-20
-1.06516e-20
-1.06514e-20
-1.0651e-20
-1.06498e-20
-1.06494e-20
-1.06486e-20
-1.06484e-20
-1.06492e-20
-1.06486e-20
-1.06501e-20
-1.06499e-20
-1.06508e-20
-1.06509e-20
-1.06517e-20
-1.06521e-20
-1.06498e-20
-1.0653e-20
-1.06512e-20
-1.06519e-20
-1.06521e-20
-1.06511e-20
-1.06506e-20
-1.06502e-20
-1.06499e-20
-1.06507e-20
-1.0651e-20
-1.06502e-20
-1.06503e-20
-1.06503e-20
-1.06504e-20
-1.06491e-20
-1.06472e-20
-1.06465e-20
-1.06463e-20
-1.0649e-20
-1.0649e-20
-1.06483e-20
-1.06492e-20
-1.06489e-20
-1.06476e-20
-1.06461e-20
-1.06454e-20
-1.06448e-20
-1.06457e-20
-1.06473e-20
-1.0646e-20
-1.06468e-20
-1.06471e-20
-1.06477e-20
-1.06494e-20
-1.06505e-20
-1.0649e-20
-1.06481e-20
-1.06483e-20
-1.06472e-20
-1.06456e-20
-1.06452e-20
-1.06428e-20
-1.06437e-20
-1.06447e-20
-1.06475e-20
-1.06481e-20
-1.06489e-20
-1.06486e-20
-1.06501e-20
-1.065e-20
-1.06491e-20
-1.06504e-20
-1.0651e-20
-1.06519e-20
-1.06531e-20
-1.06527e-20
-1.06521e-20
-1.06515e-20
-1.06489e-20
-1.065e-20
-1.06496e-20
-1.06486e-20
-1.06488e-20
-1.0648e-20
-1.06473e-20
-1.06514e-20
-1.065e-20
-1.06498e-20
-1.06476e-20
-1.06473e-20
-1.06461e-20
-1.0645e-20
-1.06457e-20
-1.06463e-20
-1.06468e-20
-1.06478e-20
-1.06523e-20
-1.06541e-20
-1.0654e-20
-1.06527e-20
-1.0652e-20
-1.06498e-20
-1.0648e-20
-1.0648e-20
-1.06471e-20
-1.06463e-20
-1.06479e-20
-1.06496e-20
-1.06485e-20
-1.06486e-20
-1.06505e-20
-1.06513e-20
-1.065e-20
-1.06499e-20
-1.06504e-20
-1.06509e-20
-1.06502e-20
-1.06513e-20
-1.06507e-20
-1.06502e-20
-1.06486e-20
-1.06501e-20
-1.06492e-20
-1.06491e-20
-1.06486e-20
-1.06477e-20
-1.06461e-20
-1.06451e-20
-1.06445e-20
-1.06437e-20
-1.0643e-20
-1.06441e-20
-1.06464e-20
-1.0646e-20
-1.06466e-20
-1.06479e-20
-1.0648e-20
-6.97952e-21
-6.97404e-21
-6.9706e-21
-6.96781e-21
-6.96433e-21
-6.9636e-21
-6.96579e-21
-6.96707e-21
-6.96819e-21
-6.97202e-21
-6.97225e-21
-6.97488e-21
-6.97963e-21
-6.98198e-21
-6.98294e-21
-6.98579e-21
-6.98688e-21
-6.98968e-21
-6.9891e-21
-6.9899e-21
-6.99209e-21
-6.99061e-21
-6.9888e-21
-6.985e-21
-6.98501e-21
-6.98291e-21
-6.97906e-21
-6.97614e-21
-6.97638e-21
-6.97547e-21
-6.97767e-21
-6.97824e-21
-6.97956e-21
-6.97716e-21
-6.97764e-21
-6.97855e-21
-6.97818e-21
-6.97551e-21
-6.97238e-21
-6.9715e-21
-6.96734e-21
-6.96289e-21
-6.96015e-21
-6.95707e-21
-6.95668e-21
-6.9565e-21
-6.95734e-21
-6.95849e-21
-6.9602e-21
-6.96191e-21
-6.96472e-21
-6.96769e-21
-6.96644e-21
-6.96471e-21
-6.9603e-21
-6.96008e-21
-6.95896e-21
-6.95823e-21
-6.95889e-21
-6.95822e-21
-6.95886e-21
-6.95911e-21
-6.96031e-21
-6.9606e-21
-6.96231e-21
-6.96178e-21
-6.96101e-21
-6.96182e-21
-6.96263e-21
-6.96432e-21
-6.96719e-21
-6.97485e-21
-6.97679e-21
-6.97865e-21
-6.97881e-21
-6.97809e-21
-6.97737e-21
-6.97254e-21
-6.97122e-21
-6.97274e-21
-6.97236e-21
-6.9719e-21
-6.97147e-21
-6.97008e-21
-6.97275e-21
-6.97386e-21
-6.97606e-21
-6.97492e-21
-6.97368e-21
-6.97324e-21
-6.97531e-21
-6.97758e-21
-6.9768e-21
-6.97747e-21
-6.97825e-21
-6.97805e-21
-6.97781e-21
-6.98026e-21
-6.98137e-21
-6.98012e-21
-6.97845e-21
-6.97627e-21
-6.97532e-21
-6.97326e-21
-6.97008e-21
-6.97148e-21
-6.97369e-21
-6.97444e-21
-6.97599e-21
-6.97751e-21
-6.97709e-21
-6.9775e-21
-6.97534e-21
-6.97263e-21
-6.97124e-21
-6.96863e-21
-6.9695e-21
-6.97095e-21
-6.97011e-21
-6.97387e-21
-6.97362e-21
-6.97564e-21
-6.97696e-21
-6.97738e-21
-6.97966e-21
-6.98052e-21
-6.98039e-21
-6.98015e-21
-6.97875e-21
-6.97535e-21
-6.9722e-21
-6.97061e-21
-6.96574e-21
-6.96164e-21
-6.95937e-21
-6.95931e-21
-6.96091e-21
-6.96525e-21
-6.96638e-21
-6.9645e-21
-6.96352e-21
-6.9663e-21
-6.96524e-21
-6.96552e-21
-6.96451e-21
-6.96468e-21
-6.96285e-21
-6.95869e-21
-6.95817e-21
-6.95715e-21
-6.95553e-21
-6.95625e-21
-6.95675e-21
-6.95642e-21
-6.95877e-21
-6.96062e-21
-6.9619e-21
-6.96442e-21
-6.96392e-21
-6.96438e-21
-6.96474e-21
-6.96185e-21
-6.95911e-21
-6.96003e-21
-6.96203e-21
-6.96489e-21
-6.96887e-21
-6.97151e-21
-6.96882e-21
-6.96867e-21
-6.96495e-21
-6.96376e-21
-6.96668e-21
-6.97158e-21
-6.97545e-21
-6.97564e-21
-6.97612e-21
-6.97408e-21
-6.97154e-21
-6.96882e-21
-6.96743e-21
-6.96759e-21
-6.96793e-21
-6.96825e-21
-6.97069e-21
-6.96731e-21
-6.96943e-21
-6.97164e-21
-6.97286e-21
-6.97165e-21
-6.96839e-21
-6.97139e-21
-6.97279e-21
-6.97215e-21
-6.97265e-21
-6.97168e-21
-6.97301e-21
-6.97549e-21
-6.97777e-21
-6.97831e-21
-6.97872e-21
-6.97693e-21
-6.97407e-21
-6.97536e-21
-6.97359e-21
-6.97489e-21
-6.97478e-21
-6.97399e-21
-6.97195e-21
-6.97354e-21
-6.97434e-21
-6.97465e-21
-6.97333e-21
-6.97126e-21
-6.97097e-21
-6.9702e-21
-6.96954e-21
-6.96773e-21
-6.96717e-21
-6.96552e-21
-6.96929e-21
-6.96878e-21
-6.96928e-21
-6.96975e-21
-6.97224e-21
-6.97664e-21
-6.97831e-21
-6.97861e-21
-6.97955e-21
-6.97764e-21
-6.97718e-21
-6.97571e-21
-6.97496e-21
-6.97243e-21
-6.97236e-21
-6.97288e-21
-6.97318e-21
-6.96978e-21
-6.97224e-21
-6.97003e-21
-6.96891e-21
-6.96817e-21
-6.97013e-21
-6.9701e-21
-6.97131e-21
-6.97423e-21
-6.97656e-21
-6.97627e-21
-6.97784e-21
-6.97592e-21
-7.89237e-21
-7.89148e-21
-7.88749e-21
-7.88611e-21
-7.88472e-21
-7.88377e-21
-7.88378e-21
-7.88447e-21
-7.88502e-21
-7.88425e-21
-7.88677e-21
-7.88634e-21
-7.88518e-21
-7.88604e-21
-7.88849e-21
-7.88964e-21
-7.89206e-21
-7.89389e-21
-7.89362e-21
-7.89285e-21
-7.89127e-21
-7.8928e-21
-7.89015e-21
-7.88801e-21
-7.88578e-21
-7.88583e-21
-7.88298e-21
-7.88244e-21
-7.88261e-21
-7.88052e-21
-7.88083e-21
-7.88326e-21
-7.88577e-21
-7.88517e-21
-7.88564e-21
-7.88461e-21
-7.88427e-21
-7.8846e-21
-7.88453e-21
-7.88504e-21
-7.88377e-21
-7.88185e-21
-7.88035e-21
-7.88033e-21
-7.88247e-21
-7.88335e-21
-7.88293e-21
-7.88422e-21
-7.88573e-21
-7.88601e-21
-7.88642e-21
-7.88674e-21
-7.88333e-21
-7.88272e-21
-7.88083e-21
-7.88072e-21
-7.88172e-21
-7.88279e-21
-7.88279e-21
-7.88189e-21
-7.88134e-21
-7.88113e-21
-7.8797e-21
-7.8773e-21
-7.87319e-21
-7.87716e-21
-7.87666e-21
-7.87959e-21
-7.88074e-21
-7.88048e-21
-7.88204e-21
-7.88358e-21
-7.88392e-21
-7.88492e-21
-7.88586e-21
-7.886e-21
-7.88355e-21
-7.88343e-21
-7.88282e-21
-7.88011e-21
-7.87962e-21
-7.87804e-21
-7.87774e-21
-7.87763e-21
-7.87948e-21
-7.87967e-21
-7.88334e-21
-7.8861e-21
-7.88749e-21
-7.88888e-21
-7.88828e-21
-7.89053e-21
-7.88991e-21
-7.88924e-21
-7.88928e-21
-7.88661e-21
-7.88532e-21
-7.88534e-21
-7.8856e-21
-7.88607e-21
-7.88431e-21
-7.88172e-21
-7.88281e-21
-7.88477e-21
-7.88553e-21
-7.88874e-21
-7.88941e-21
-7.88733e-21
-7.89019e-21
-7.89135e-21
-7.89035e-21
-7.89192e-21
-7.89221e-21
-7.89105e-21
-7.89129e-21
-7.8916e-21
-7.89161e-21
-7.89292e-21
-7.89433e-21
-7.89525e-21
-7.89645e-21
-7.89398e-21
-7.89149e-21
-7.88971e-21
-7.8885e-21
-7.8835e-21
-7.88181e-21
-7.88023e-21
-7.88171e-21
-7.88387e-21
-7.88671e-21
-7.88885e-21
-7.89121e-21
-7.88997e-21
-7.88904e-21
-7.89027e-21
-7.88969e-21
-7.88707e-21
-7.88498e-21
-7.88373e-21
-7.88222e-21
-7.87998e-21
-7.88188e-21
-7.88305e-21
-7.88641e-21
-7.88859e-21
-7.89042e-21
-7.89241e-21
-7.89213e-21
-7.89504e-21
-7.89358e-21
-7.89312e-21
-7.89118e-21
-7.88909e-21
-7.88827e-21
-7.8858e-21
-7.88323e-21
-7.88075e-21
-7.87929e-21
-7.88173e-21
-7.88196e-21
-7.88497e-21
-7.88341e-21
-7.88427e-21
-7.88334e-21
-7.88267e-21
-7.88297e-21
-7.88356e-21
-7.88368e-21
-7.88288e-21
-7.88387e-21
-7.883e-21
-7.88262e-21
-7.88103e-21
-7.88155e-21
-7.88227e-21
-7.88609e-21
-7.88805e-21
-7.88797e-21
-7.88563e-21
-7.88227e-21
-7.8801e-21
-7.87989e-21
-7.87759e-21
-7.87599e-21
-7.87629e-21
-7.87768e-21
-7.87593e-21
-7.87863e-21
-7.87806e-21
-7.87821e-21
-7.88027e-21
-7.88191e-21
-7.88326e-21
-7.88161e-21
-7.88224e-21
-7.88304e-21
-7.88361e-21
-7.88324e-21
-7.88456e-21
-7.88432e-21
-7.88363e-21
-7.88064e-21
-7.88099e-21
-7.87933e-21
-7.87741e-21
-7.87872e-21
-7.87986e-21
-7.87915e-21
-7.87688e-21
-7.87782e-21
-7.87712e-21
-7.87679e-21
-7.87614e-21
-7.87796e-21
-7.8773e-21
-7.87852e-21
-7.88177e-21
-7.88336e-21
-7.88639e-21
-7.88693e-21
-7.88537e-21
-7.88271e-21
-7.88399e-21
-7.8844e-21
-7.88277e-21
-7.88072e-21
-7.8787e-21
-7.87796e-21
-7.87676e-21
-7.87714e-21
-7.87764e-21
-7.87976e-21
-7.88031e-21
-7.88172e-21
-7.88391e-21
-7.88539e-21
-7.88644e-21
-7.8869e-21
-7.88453e-21
-7.8849e-21
-7.88679e-21
-7.88735e-21
-7.88721e-21
-7.88709e-21
-7.88772e-21
-7.88561e-21
-7.88472e-21
-7.88435e-21
-7.88645e-21
-7.37523e-21
-7.37675e-21
-7.37748e-21
-7.37862e-21
-7.3795e-21
-7.37957e-21
-7.37862e-21
-7.37941e-21
-7.37839e-21
-7.38011e-21
-7.38267e-21
-7.38184e-21
-7.38197e-21
-7.38188e-21
-7.38347e-21
-7.38256e-21
-7.37962e-21
-7.37597e-21
-7.37382e-21
-7.37106e-21
-7.3707e-21
-7.37141e-21
-7.37474e-21
-7.37653e-21
-7.37921e-21
-7.38371e-21
-7.38728e-21
-7.38785e-21
-7.38755e-21
-7.3828e-21
-7.37997e-21
-7.37967e-21
-7.37656e-21
-7.37276e-21
-7.37107e-21
-7.37154e-21
-7.37106e-21
-7.37695e-21
-7.38017e-21
-7.38173e-21
-7.38297e-21
-7.38258e-21
-7.38194e-21
-7.38041e-21
-7.37989e-21
-7.37939e-21
-7.37699e-21
-7.37856e-21
-7.37947e-21
-7.38347e-21
-7.38388e-21
-7.38461e-21
-7.38676e-21
-7.38535e-21
-7.38521e-21
-7.38444e-21
-7.38417e-21
-7.38595e-21
-7.38437e-21
-7.38305e-21
-7.37966e-21
-7.37983e-21
-7.37851e-21
-7.37663e-21
-7.3758e-21
-7.3767e-21
-7.37943e-21
-7.38174e-21
-7.38323e-21
-7.38297e-21
-7.38351e-21
-7.38448e-21
-7.38457e-21
-7.38385e-21
-7.38241e-21
-7.38246e-21
-7.38373e-21
-7.38371e-21
-7.3838e-21
-7.3824e-21
-7.38224e-21
-7.37872e-21
-7.37621e-21
-7.37531e-21
-7.37399e-21
-7.3758e-21
-7.37601e-21
-7.37547e-21
-7.37892e-21
-7.37637e-21
-7.37293e-21
-7.37071e-21
-7.36712e-21
-7.36722e-21
-7.36839e-21
-7.37342e-21
-7.37857e-21
-7.3813e-21
-7.3841e-21
-7.38211e-21
-7.38193e-21
-7.37985e-21
-7.37879e-21
-7.37449e-21
-7.37184e-21
-7.37014e-21
-7.36981e-21
-7.36836e-21
-7.36868e-21
-7.36724e-21
-7.36716e-21
-7.37121e-21
-7.37208e-21
-7.37439e-21
-7.37422e-21
-7.37464e-21
-7.37643e-21
-7.37769e-21
-7.37983e-21
-7.37831e-21
-7.37982e-21
-7.37774e-21
-7.37925e-21
-7.37992e-21
-7.38346e-21
-7.38493e-21
-7.38387e-21
-7.38328e-21
-7.38316e-21
-7.3804e-21
-7.37641e-21
-7.37309e-21
-7.37259e-21
-7.37095e-21
-7.36894e-21
-7.36644e-21
-7.37029e-21
-7.37303e-21
-7.37489e-21
-7.37644e-21
-7.37974e-21
-7.38194e-21
-7.38307e-21
-7.38456e-21
-7.38622e-21
-7.38845e-21
-7.38639e-21
-7.38589e-21
-7.38623e-21
-7.38484e-21
-7.38397e-21
-7.3803e-21
-7.37743e-21
-7.37273e-21
-7.37121e-21
-7.37114e-21
-7.37136e-21
-7.37096e-21
-7.37179e-21
-7.37473e-21
-7.37359e-21
-7.37467e-21
-7.37685e-21
-7.37871e-21
-7.38132e-21
-7.38329e-21
-7.38481e-21
-7.3858e-21
-7.38603e-21
-7.38517e-21
-7.38525e-21
-7.3812e-21
-7.38174e-21
-7.38175e-21
-7.38182e-21
-7.38506e-21
-7.3842e-21
-7.38238e-21
-7.37864e-21
-7.37723e-21
-7.37636e-21
-7.37838e-21
-7.3789e-21
-7.37995e-21
-7.37997e-21
-7.37862e-21
-7.37888e-21
-7.37897e-21
-7.38051e-21
-7.38136e-21
-7.38281e-21
-7.38159e-21
-7.37812e-21
-7.37522e-21
-7.37553e-21
-7.37413e-21
-7.36914e-21
-7.36597e-21
-7.36377e-21
-7.36394e-21
-7.36254e-21
-7.36773e-21
-7.37262e-21
-7.37647e-21
-7.38236e-21
-7.38345e-21
-7.38083e-21
-7.37994e-21
-7.37894e-21
-7.37875e-21
-7.37892e-21
-7.37896e-21
-7.37859e-21
-7.3802e-21
-7.37914e-21
-7.3795e-21
-7.38079e-21
-7.37881e-21
-7.37815e-21
-7.38049e-21
-7.38154e-21
-7.38389e-21
-7.38326e-21
-7.384e-21
-7.38268e-21
-7.38214e-21
-7.38426e-21
-7.38033e-21
-7.37763e-21
-7.37764e-21
-7.37772e-21
-7.37864e-21
-7.37831e-21
-7.38131e-21
-7.38255e-21
-7.38221e-21
-7.38076e-21
-7.38045e-21
-7.38218e-21
-7.38557e-21
-7.38573e-21
-7.38591e-21
-7.38217e-21
-7.38103e-21
-7.38155e-21
-7.37901e-21
-7.3779e-21
-7.37643e-21
-7.37512e-21
-7.37662e-21
-7.37749e-21
-7.37951e-21
-7.38098e-21
-7.38483e-21
-7.38394e-21
-7.38183e-21
-7.3806e-21
-7.37811e-21
-7.37594e-21
-7.37514e-21
-7.37617e-21
-7.37517e-21
-7.37744e-21
-7.37839e-21
-7.38314e-21
-7.38318e-21
-7.38569e-21
-7.38811e-21
-7.38943e-21
-7.39031e-21
-7.3935e-21
-7.3951e-21
-7.39236e-21
-7.39399e-21
-7.39299e-21
-7.391e-21
-7.38799e-21
-7.38971e-21
-7.38838e-21
-7.38804e-21
-7.38787e-21
-7.38548e-21
-7.38158e-21
-7.38072e-21
-7.38226e-21
-7.38296e-21
-7.38376e-21
-7.38489e-21
-7.38532e-21
-7.38305e-21
-7.38175e-21
-7.38182e-21
-7.38098e-21
-7.38334e-21
-7.38459e-21
-7.38152e-21
-7.38155e-21
-7.3792e-21
-7.37718e-21
-7.37475e-21
-7.37358e-21
-7.37079e-21
-7.37217e-21
-7.37393e-21
-7.37349e-21
-7.37519e-21
-7.37551e-21
-7.37576e-21
-7.3785e-21
-7.37888e-21
-7.37844e-21
-7.37714e-21
-7.37611e-21
-7.37509e-21
-7.37662e-21
-7.37394e-21
-7.37352e-21
-7.37366e-21
-7.37274e-21
-7.37129e-21
-7.3708e-21
-7.37343e-21
-7.3714e-21
-7.37265e-21
-7.37277e-21
-7.37466e-21
-7.37731e-21
-7.37963e-21
-7.38037e-21
-7.38123e-21
-7.38134e-21
-7.38119e-21
-7.38058e-21
-7.38033e-21
-7.37931e-21
-7.37882e-21
-7.3816e-21
-7.38149e-21
-7.38063e-21
-7.37832e-21
-7.37591e-21
-7.37432e-21
-7.37289e-21
-7.37136e-21
-7.36905e-21
-7.3682e-21
-7.36699e-21
-7.36848e-21
-7.36992e-21
-7.37288e-21
-7.37262e-21
-7.37063e-21
-7.37065e-21
-7.37094e-21
-7.37051e-21
-7.37169e-21
-7.37446e-21
-7.37605e-21
-7.37827e-21
-7.37697e-21
-7.37943e-21
-7.37753e-21
-7.37767e-21
-7.37706e-21
-7.3764e-21
-7.37936e-21
-7.37588e-21
-7.37442e-21
-7.37525e-21
-7.37464e-21
-7.37411e-21
-7.37308e-21
-7.37495e-21
-7.375e-21
-7.37496e-21
-7.37329e-21
-7.37255e-21
-7.37145e-21
-7.37223e-21
-7.36984e-21
-7.36984e-21
-7.37089e-21
-7.37373e-21
-7.37552e-21
-7.37798e-21
-7.37861e-21
-7.38252e-21
-7.38395e-21
-7.3857e-21
-7.38618e-21
-7.38484e-21
-7.3825e-21
-7.38085e-21
-7.37987e-21
-7.38225e-21
-7.38161e-21
-7.38293e-21
-7.38254e-21
-7.37778e-21
-7.37546e-21
-7.37336e-21
-7.37107e-21
-7.37055e-21
-7.37104e-21
-7.37332e-21
-7.37368e-21
-7.37497e-21
-7.37556e-21
-7.3753e-21
-7.37682e-21
-7.37635e-21
-7.37764e-21
-7.37963e-21
-7.37992e-21
-7.37963e-21
-7.37864e-21
-7.37638e-21
-7.37592e-21
-7.3764e-21
-7.37697e-21
-7.37657e-21
-7.37599e-21
-7.37895e-21
-7.37897e-21
-7.37796e-21
-7.37873e-21
-7.37862e-21
-7.37878e-21
-7.38061e-21
-7.37996e-21
-7.38102e-21
-7.38036e-21
-7.38238e-21
-7.38192e-21
-7.38292e-21
-7.38124e-21
-7.38333e-21
-7.38288e-21
-7.37987e-21
-7.37937e-21
-7.37641e-21
-7.37581e-21
-7.37623e-21
-7.37829e-21
-7.37772e-21
-7.37734e-21
-7.37757e-21
-7.37701e-21
-7.37574e-21
-7.37434e-21
-7.37693e-21
-7.37874e-21
-7.37905e-21
-7.37967e-21
-7.37927e-21
-7.37995e-21
-7.37867e-21
-7.38136e-21
-7.38061e-21
-7.38057e-21
-7.3794e-21
-7.37819e-21
-7.37651e-21
-7.37566e-21
-7.37508e-21
-7.3744e-21
-7.37535e-21
-7.37713e-21
-7.37988e-21
-7.38225e-21
-7.38663e-21
-7.39044e-21
-7.39069e-21
-7.39382e-21
-7.38904e-21
-7.38749e-21
-7.3855e-21
-7.38358e-21
-7.38304e-21
-7.38348e-21
-7.3841e-21
-7.38524e-21
-7.38355e-21
-7.38259e-21
-7.38184e-21
-7.38214e-21
-7.37984e-21
-7.37944e-21
-7.38036e-21
-7.38276e-21
-7.3832e-21
-7.38282e-21
-7.3814e-21
-7.38451e-21
-7.3826e-21
-7.38535e-21
-7.38427e-21
-7.38508e-21
-7.38334e-21
-7.37989e-21
-7.37772e-21
-7.3729e-21
-7.37207e-21
-7.37558e-21
-7.37889e-21
-7.38284e-21
-7.3868e-21
-7.38576e-21
-7.3843e-21
-7.38313e-21
-7.38228e-21
-7.38224e-21
-7.3771e-21
-7.37746e-21
-7.37768e-21
-7.37373e-21
-7.37465e-21
-7.37465e-21
-7.36953e-21
-7.36915e-21
-7.36789e-21
-7.37049e-21
-7.36925e-21
-7.36888e-21
-7.36911e-21
-7.36841e-21
-7.36831e-21
-7.37143e-21
-7.37369e-21
-7.37489e-21
-7.3756e-21
-7.37562e-21
-7.37472e-21
-7.37457e-21
-7.37319e-21
-7.37165e-21
-7.3675e-21
-7.36498e-21
-7.36642e-21
-7.36723e-21
-7.36799e-21
-7.36934e-21
-7.3665e-21
-7.36996e-21
-7.37124e-21
-7.37407e-21
-7.372e-21
-7.37111e-21
-7.36969e-21
-7.3713e-21
-7.37262e-21
-7.37353e-21
-7.37409e-21
-7.37429e-21
-7.37777e-21
-7.38015e-21
-7.37793e-21
-7.37713e-21
-7.37512e-21
-7.37468e-21
-7.37375e-21
-7.37352e-21
-7.37242e-21
-7.37105e-21
-7.37055e-21
-7.37177e-21
-7.37115e-21
-7.37196e-21
-7.37231e-21
-7.37045e-21
-7.36874e-21
-7.37042e-21
-7.36666e-21
-7.36421e-21
-7.36396e-21
-7.36527e-21
-7.36588e-21
-7.36787e-21
-7.36508e-21
-7.36527e-21
-7.36726e-21
-7.3647e-21
-7.36569e-21
-7.36465e-21
-7.36696e-21
-7.36631e-21
-7.36885e-21
-7.37044e-21
-7.37197e-21
-7.37215e-21
-7.37318e-21
-7.37296e-21
-7.3701e-21
-7.37235e-21
-7.37169e-21
-7.37209e-21
-7.37401e-21
-7.37676e-21
-7.37828e-21
-7.38104e-21
-7.38132e-21
-7.38107e-21
-7.38194e-21
-7.38113e-21
-7.37642e-21
-7.3711e-21
-7.37048e-21
-7.368e-21
-7.36771e-21
-7.36993e-21
-7.36945e-21
-7.37189e-21
-7.37494e-21
-7.37509e-21
-7.3762e-21
-7.37668e-21
-7.37688e-21
-7.37805e-21
-7.37612e-21
-7.37809e-21
-7.37663e-21
-7.38126e-21
-7.3804e-21
-7.38126e-21
-7.38015e-21
-7.38039e-21
-7.38041e-21
-7.37684e-21
-7.37685e-21
-7.37495e-21
-7.37427e-21
-7.37291e-21
-7.37211e-21
-7.37315e-21
-7.37311e-21
-7.37474e-21
-7.37445e-21
-7.37567e-21
-7.37572e-21
-7.37948e-21
-7.37899e-21
-7.37805e-21
-7.37886e-21
-7.3775e-21
-7.37376e-21
-7.37216e-21
-7.37209e-21
-7.37189e-21
-7.37013e-21
-7.37007e-21
-7.36847e-21
-7.36537e-21
-7.36582e-21
-7.36595e-21
-7.36514e-21
-7.36692e-21
-7.36731e-21
-7.36695e-21
-7.36936e-21
-7.37179e-21
-7.37172e-21
-7.37401e-21
-7.37149e-21
-7.36851e-21
-7.36734e-21
-7.36503e-21
-7.36632e-21
-7.36692e-21
-7.3691e-21
-7.37091e-21
-7.37446e-21
-7.37462e-21
-7.38029e-21
-7.38176e-21
-7.38552e-21
-7.3823e-21
-7.37947e-21
-7.37751e-21
-7.37541e-21
-7.37437e-21
-7.37573e-21
-7.37593e-21
-7.37683e-21
-7.37808e-21
-7.37994e-21
-7.38169e-21
-7.37792e-21
-7.37841e-21
-7.38067e-21
-7.38142e-21
-7.38055e-21
-7.37691e-21
-7.37666e-21
-7.3753e-21
-7.37557e-21
-7.37573e-21
-7.37851e-21
-7.37793e-21
-7.3785e-21
-7.37679e-21
-7.37674e-21
-7.3752e-21
-7.37413e-21
-7.37731e-21
-7.37457e-21
-7.37217e-21
-7.37326e-21
-7.37287e-21
-7.37255e-21
-7.3741e-21
-7.3754e-21
-7.37615e-21
-7.37864e-21
-7.37667e-21
-7.37569e-21
-7.37606e-21
-7.37766e-21
-7.37812e-21
-7.37898e-21
-7.37695e-21
-7.37768e-21
-7.37542e-21
-7.37274e-21
-7.37334e-21
-7.37265e-21
-7.37238e-21
-7.37432e-21
-7.37307e-21
-7.37263e-21
-7.3728e-21
-7.37277e-21
-7.37512e-21
-7.37373e-21
-7.37471e-21
-7.37864e-21
-7.38051e-21
-7.38418e-21
-7.38468e-21
-7.38604e-21
-7.38553e-21
-7.3839e-21
-7.38186e-21
-7.38015e-21
-7.37873e-21
-7.37753e-21
-7.37516e-21
-7.37563e-21
-7.3784e-21
-7.38114e-21
-7.38215e-21
-7.38124e-21
-7.38184e-21
-7.38062e-21
-7.37742e-21
-7.37707e-21
-7.37614e-21
-7.37403e-21
-7.3758e-21
-7.37766e-21
-7.37808e-21
-7.3798e-21
-7.38192e-21
-7.38149e-21
-7.37991e-21
-7.37734e-21
-7.37828e-21
-7.37865e-21
-7.37887e-21
-7.38026e-21
-7.38126e-21
-7.38101e-21
-7.37985e-21
-7.37824e-21
-7.3763e-21
-7.37275e-21
-7.37473e-21
-7.37653e-21
-7.37779e-21
-7.37784e-21
-7.38011e-21
-7.38202e-21
-7.38175e-21
-7.38265e-21
-7.38283e-21
-7.38303e-21
-7.38075e-21
-7.37827e-21
-7.37507e-21
-7.37338e-21
-7.37258e-21
-7.36977e-21
-7.36904e-21
-7.3665e-21
-7.36851e-21
-7.36924e-21
-7.3692e-21
-7.37241e-21
-7.37474e-21
-7.37759e-21
-7.38088e-21
-7.38175e-21
-7.37709e-21
-7.37504e-21
-7.37388e-21
-7.37368e-21
-7.37541e-21
-7.37624e-21
-7.37492e-21
-7.37424e-21
-7.37295e-21
-7.3721e-21
-7.36962e-21
-7.36844e-21
-7.37183e-21
-7.37093e-21
-7.37203e-21
-7.3726e-21
-7.37135e-21
-7.37435e-21
-7.37505e-21
-7.37514e-21
-7.37633e-21
-7.37536e-21
-7.37468e-21
-7.37647e-21
-7.37552e-21
-7.37725e-21
-7.37762e-21
-7.37657e-21
-7.37474e-21
-7.37326e-21
-7.37105e-21
-7.37257e-21
-7.37464e-21
-7.3765e-21
-7.37984e-21
-7.38176e-21
-7.38114e-21
-7.38322e-21
-7.38176e-21
-7.37922e-21
-7.37885e-21
-7.37614e-21
-7.3749e-21
-7.37285e-21
-7.37135e-21
-7.37233e-21
-7.37476e-21
-7.3758e-21
-7.37526e-21
-7.37336e-21
-7.37172e-21
-7.37065e-21
-7.37187e-21
-7.37652e-21
-7.37872e-21
-7.38001e-21
-7.38015e-21
-7.37908e-21
-7.37969e-21
-7.37982e-21
-7.37868e-21
-7.37774e-21
-7.37463e-21
-7.37446e-21
-7.37292e-21
-7.37265e-21
-7.37192e-21
-7.372e-21
-7.37358e-21
-7.37465e-21
-7.3774e-21
-7.37999e-21
-7.37922e-21
-7.38104e-21
-7.3819e-21
-7.38087e-21
-7.38098e-21
-7.37871e-21
-7.37755e-21
-7.37572e-21
-7.37362e-21
-7.3761e-21
-7.37729e-21
-7.3794e-21
-7.38263e-21
-7.38335e-21
-7.38522e-21
-7.38786e-21
-7.38748e-21
-7.38556e-21
-7.38388e-21
-7.38175e-21
-7.38002e-21
-7.37839e-21
-7.37472e-21
-7.37501e-21
-7.37493e-21
-7.37287e-21
-7.37256e-21
-7.37185e-21
-7.373e-21
-7.37518e-21
-7.37729e-21
-7.38002e-21
-7.38262e-21
-7.37971e-21
-7.37962e-21
-7.38241e-21
-7.38265e-21
-7.38249e-21
-7.3827e-21
-7.38044e-21
-7.37861e-21
-7.37935e-21
-7.38028e-21
-7.38312e-21
-7.38269e-21
-7.383e-21
-7.38258e-21
-7.38379e-21
-7.38425e-21
-7.38648e-21
-7.38323e-21
-7.38086e-21
-7.38033e-21
-7.3829e-21
-7.38127e-21
-7.38069e-21
-7.37782e-21
-7.37633e-21
-7.37583e-21
-7.37408e-21
-7.37322e-21
-7.37184e-21
-7.37092e-21
-7.37143e-21
-7.37139e-21
-7.37367e-21
-7.37492e-21
-7.37744e-21
-7.37762e-21
-7.37762e-21
-7.3776e-21
-7.37478e-21
-7.3751e-21
-7.37371e-21
-7.37497e-21
-7.37487e-21
-7.37473e-21
-7.37501e-21
-7.37508e-21
-7.37462e-21
-7.37211e-21
-7.37059e-21
-7.36849e-21
-7.3647e-21
-7.36181e-21
-7.36204e-21
-7.36362e-21
-7.36754e-21
-7.37335e-21
-7.37601e-21
-7.37913e-21
-7.37965e-21
-7.37886e-21
-7.3787e-21
-7.37484e-21
-7.37392e-21
-7.36932e-21
-7.36902e-21
-7.37042e-21
-7.37253e-21
-7.37648e-21
-7.37841e-21
-7.37906e-21
-7.37669e-21
-7.37674e-21
-7.37236e-21
-7.36734e-21
-7.36456e-21
-7.36464e-21
-7.36787e-21
-7.37182e-21
-7.3749e-21
-7.37409e-21
-7.37271e-21
-7.37144e-21
-7.37045e-21
-7.37122e-21
-7.37191e-21
-7.37096e-21
-7.37003e-21
-7.36826e-21
-7.36805e-21
-7.37091e-21
-7.37066e-21
-7.37249e-21
-7.3723e-21
-7.37325e-21
-7.37554e-21
-7.37415e-21
-7.37469e-21
-7.37156e-21
-7.37329e-21
-7.37456e-21
-7.37453e-21
-7.37255e-21
-7.37295e-21
-7.37216e-21
-7.37524e-21
-7.37771e-21
-7.3778e-21
-7.37881e-21
-7.38088e-21
-7.37899e-21
-7.37546e-21
-7.37543e-21
-7.37714e-21
-7.37828e-21
-7.37961e-21
-7.3799e-21
-7.37804e-21
-7.37571e-21
-7.37565e-21
-7.37383e-21
-7.37018e-21
-7.36833e-21
-7.36838e-21
-7.36735e-21
-7.36829e-21
-7.36856e-21
-7.37081e-21
-7.36981e-21
-7.37041e-21
-7.36864e-21
-7.36805e-21
-7.36967e-21
-7.36807e-21
-7.36927e-21
-7.3682e-21
-7.36999e-21
-7.37084e-21
-7.37309e-21
-7.37459e-21
-7.37247e-21
-7.37063e-21
-7.36717e-21
-7.36564e-21
-7.36598e-21
-7.36884e-21
-7.37207e-21
-7.37294e-21
-7.37266e-21
-7.37238e-21
-7.37226e-21
-7.37102e-21
-7.37194e-21
-7.36984e-21
-7.36702e-21
-7.36311e-21
-7.36199e-21
-7.3594e-21
-7.35841e-21
-7.36113e-21
-7.35799e-21
-7.36094e-21
-7.36174e-21
-7.36356e-21
-7.36394e-21
-7.36244e-21
-7.36132e-21
-7.36162e-21
-7.36449e-21
-7.36714e-21
-7.36986e-21
-7.37386e-21
-7.37636e-21
-7.37882e-21
-7.37827e-21
-7.37754e-21
-7.37624e-21
-7.37166e-21
-7.37018e-21
-7.36608e-21
-7.36623e-21
-7.36719e-21
-7.36811e-21
-7.36941e-21
-7.37451e-21
-7.37642e-21
-7.3813e-21
-7.37771e-21
-7.37854e-21
-7.38053e-21
-7.37919e-21
-7.38125e-21
-7.37889e-21
-7.38055e-21
-7.3789e-21
-7.37654e-21
-7.37341e-21
-7.37105e-21
-7.36941e-21
-7.36971e-21
-7.37243e-21
-7.37797e-21
-7.38179e-21
-7.3817e-21
-7.38406e-21
-7.38301e-21
-7.38251e-21
-7.38064e-21
-7.38068e-21
-7.38098e-21
-7.38053e-21
-7.37849e-21
-7.37968e-21
-7.37873e-21
-7.37819e-21
-7.37931e-21
-7.38111e-21
-7.38145e-21
-7.38098e-21
-7.3789e-21
-7.379e-21
-7.38217e-21
-7.38203e-21
-7.38128e-21
-7.38156e-21
-7.37984e-21
-7.37617e-21
-7.37605e-21
-7.373e-21
-7.37532e-21
-7.37763e-21
-7.37875e-21
-7.38142e-21
-7.38282e-21
-7.38461e-21
-7.38545e-21
-7.38756e-21
-7.38718e-21
-7.38583e-21
-7.38378e-21
-7.3803e-21
-7.37876e-21
-7.37555e-21
-7.37629e-21
-7.37731e-21
-7.37765e-21
-7.37761e-21
-7.37942e-21
-7.38101e-21
-7.38084e-21
-7.38234e-21
-7.38423e-21
-7.38619e-21
-7.38295e-21
-7.38231e-21
-7.38474e-21
-7.38298e-21
-7.37954e-21
-7.37537e-21
-7.37279e-21
-7.36823e-21
-7.36927e-21
-7.37045e-21
-7.36899e-21
-7.36627e-21
-7.36706e-21
-7.36955e-21
-7.37106e-21
-7.3719e-21
-7.37352e-21
-7.37415e-21
-7.37359e-21
-7.37341e-21
-7.37306e-21
-7.37159e-21
-7.3721e-21
-7.37077e-21
-7.37156e-21
-7.36876e-21
-7.36976e-21
-7.36717e-21
-7.36598e-21
-7.36056e-21
-7.35989e-21
-7.36222e-21
-7.36439e-21
-7.36928e-21
-7.37204e-21
-7.37596e-21
-7.37874e-21
-7.3813e-21
-7.38161e-21
-7.38221e-21
-7.38194e-21
-7.3824e-21
-7.38059e-21
-7.37819e-21
-7.37673e-21
-7.37572e-21
-7.37381e-21
-7.36966e-21
-7.36544e-21
-7.36491e-21
-7.36559e-21
-7.37014e-21
-7.37618e-21
-7.37841e-21
-7.38088e-21
-7.38158e-21
-7.38063e-21
-7.38062e-21
-7.37851e-21
-7.37823e-21
-7.37775e-21
-7.37892e-21
-7.37996e-21
-7.37962e-21
-7.38166e-21
-7.38191e-21
-7.37984e-21
-7.38079e-21
-7.37819e-21
-7.37806e-21
-7.37743e-21
-7.37537e-21
-7.37202e-21
-7.37402e-21
-7.37317e-21
-7.37505e-21
-7.3782e-21
-7.38054e-21
-7.38052e-21
-7.38066e-21
-7.3805e-21
-7.37992e-21
-7.3801e-21
-7.37829e-21
-7.38096e-21
-7.37945e-21
-7.37957e-21
-7.37639e-21
-7.37611e-21
-7.37863e-21
-7.37942e-21
-7.38288e-21
-7.38422e-21
-7.38661e-21
-7.38501e-21
-7.38252e-21
-7.38071e-21
-7.3787e-21
-7.38031e-21
-7.37813e-21
-7.37526e-21
-7.37427e-21
-7.37037e-21
-7.36991e-21
-7.36926e-21
-7.36556e-21
-7.36637e-21
-7.36568e-21
-7.36512e-21
-7.36692e-21
-7.36629e-21
-7.36777e-21
-7.37003e-21
-7.37308e-21
-7.37606e-21
-7.37864e-21
-7.37999e-21
-7.38279e-21
-7.3844e-21
-7.38636e-21
-7.38701e-21
-7.38624e-21
-7.38511e-21
-7.38506e-21
-7.38424e-21
-7.38317e-21
-7.38119e-21
-7.37795e-21
-7.37713e-21
-7.37492e-21
-7.3728e-21
-7.37682e-21
-7.38092e-21
-7.38292e-21
-7.38626e-21
-7.38608e-21
-7.38367e-21
-7.38196e-21
-7.38125e-21
-7.38087e-21
-7.37738e-21
-7.37514e-21
-7.37477e-21
-7.37414e-21
-7.37346e-21
-7.37244e-21
-7.37267e-21
-7.37731e-21
-7.37876e-21
-7.38417e-21
-7.38701e-21
-7.38978e-21
-7.38993e-21
-7.38939e-21
-7.38949e-21
-7.38584e-21
-7.3832e-21
-7.38272e-21
-7.37999e-21
-7.38135e-21
-7.38318e-21
-7.38489e-21
-7.38683e-21
-7.38433e-21
-7.38345e-21
-7.38176e-21
-7.38164e-21
-7.37967e-21
-7.37856e-21
-7.37631e-21
-7.37686e-21
-7.37771e-21
-7.37655e-21
-7.38208e-21
-7.38556e-21
-7.38908e-21
-7.38644e-21
-7.3846e-21
-7.38094e-21
-7.37942e-21
-7.37975e-21
-7.37863e-21
-7.37894e-21
-7.37926e-21
-7.37744e-21
-7.37601e-21
-7.37534e-21
-7.37305e-21
-7.37515e-21
-7.37506e-21
-7.37691e-21
-7.37846e-21
-7.37929e-21
-7.38193e-21
-7.38185e-21
-7.3819e-21
-7.37972e-21
-7.3802e-21
-7.37829e-21
-7.37735e-21
-7.37519e-21
-7.37879e-21
-7.3797e-21
-7.37885e-21
-7.37632e-21
-7.37702e-21
-7.37532e-21
-7.37363e-21
-7.3724e-21
-7.37263e-21
-7.37779e-21
-7.38066e-21
-7.38322e-21
-7.3817e-21
-7.38235e-21
-7.38029e-21
-7.37641e-21
-7.37442e-21
-7.37343e-21
-7.37443e-21
-7.37636e-21
-7.37858e-21
-7.37884e-21
-7.38101e-21
-7.38024e-21
-7.37832e-21
-7.37887e-21
-7.37888e-21
-7.38023e-21
-7.38202e-21
-7.38475e-21
-7.38311e-21
-7.38238e-21
-7.3806e-21
-7.38074e-21
-7.38077e-21
-7.3815e-21
-7.38193e-21
-7.38239e-21
-7.38121e-21
-7.38111e-21
-7.37969e-21
-7.38324e-21
-7.3832e-21
-7.38332e-21
-7.38477e-21
-7.38516e-21
-7.38434e-21
-7.38223e-21
-7.38022e-21
-7.37871e-21
-7.37639e-21
-7.37564e-21
-7.37747e-21
-7.38137e-21
-7.38238e-21
-7.3841e-21
-7.38409e-21
-7.38209e-21
-7.38016e-21
-7.37944e-21
-7.37557e-21
-7.37476e-21
-7.37396e-21
-7.37492e-21
-7.37305e-21
-7.3736e-21
-7.37554e-21
-7.37775e-21
-7.38046e-21
-7.37958e-21
-7.3788e-21
-7.37734e-21
-7.37746e-21
-7.37597e-21
-7.3759e-21
-7.3754e-21
-7.37894e-21
-7.37978e-21
-7.38306e-21
-7.38588e-21
-7.38407e-21
-7.38531e-21
-7.38665e-21
-7.38479e-21
-7.38488e-21
-7.38203e-21
-7.38146e-21
-7.37955e-21
-7.37874e-21
-7.37536e-21
-7.37678e-21
-7.37619e-21
-7.3761e-21
-7.37581e-21
-7.37781e-21
-7.37906e-21
-7.38005e-21
-7.38107e-21
-7.3797e-21
-7.38296e-21
-7.38039e-21
-7.38009e-21
-7.37861e-21
-7.37862e-21
-7.37521e-21
-7.37536e-21
-7.37397e-21
-7.37542e-21
-7.37543e-21
-7.37621e-21
-7.37623e-21
-7.37983e-21
-7.38217e-21
-7.38154e-21
-7.38284e-21
-7.3828e-21
-7.38366e-21
-7.38224e-21
-7.38305e-21
-7.38213e-21
-7.38352e-21
-7.38506e-21
-7.38604e-21
-7.38261e-21
-7.38067e-21
-7.37746e-21
-7.37445e-21
-7.37351e-21
-7.37274e-21
-7.37112e-21
-7.37279e-21
-7.37191e-21
-7.374e-21
-7.37318e-21
-7.37444e-21
-7.37464e-21
-7.37533e-21
-7.37402e-21
-7.37417e-21
-7.37286e-21
-7.37367e-21
-7.37331e-21
-7.37463e-21
-7.37664e-21
-7.37874e-21
-7.38276e-21
-7.38553e-21
-7.3862e-21
-7.3878e-21
-7.3884e-21
-7.38711e-21
-7.38748e-21
-7.38658e-21
-7.38392e-21
-7.38098e-21
-7.38081e-21
-7.38289e-21
-7.38643e-21
-7.3868e-21
-7.38666e-21
-7.38372e-21
-7.38072e-21
-7.37604e-21
-7.37095e-21
-7.36833e-21
-7.36807e-21
-7.36641e-21
-7.36838e-21
-7.3699e-21
-7.3759e-21
-7.37952e-21
-7.38153e-21
-7.38268e-21
-7.38173e-21
-7.38226e-21
-7.37786e-21
-7.37461e-21
-7.37116e-21
-7.37035e-21
-7.36971e-21
-7.37354e-21
-7.3768e-21
-7.38321e-21
-7.38193e-21
-7.38164e-21
-7.37883e-21
-7.37556e-21
-7.37228e-21
-7.37061e-21
-7.36978e-21
-7.37027e-21
-7.3723e-21
-7.37275e-21
-7.37611e-21
-7.37924e-21
-7.3806e-21
-7.38149e-21
-7.38079e-21
-7.37961e-21
-7.38118e-21
-7.38198e-21
-7.38226e-21
-7.38098e-21
-7.38199e-21
-7.3797e-21
-7.37838e-21
-7.37976e-21
-7.37911e-21
-7.37774e-21
-7.37854e-21
-7.37797e-21
-7.37816e-21
-7.37874e-21
-7.37759e-21
-7.37889e-21
-7.37948e-21
-7.38113e-21
-7.38235e-21
-7.38485e-21
-7.38689e-21
-7.38715e-21
-7.38547e-21
-7.38287e-21
-7.38249e-21
-7.38125e-21
-7.38353e-21
-7.38245e-21
-7.38207e-21
-7.38266e-21
-7.38174e-21
-7.38083e-21
-7.38167e-21
-7.38292e-21
-7.38456e-21
-7.3878e-21
-7.39055e-21
-7.39066e-21
-7.38859e-21
-7.38591e-21
-7.38419e-21
-7.38262e-21
-7.38169e-21
-7.38165e-21
-7.38021e-21
-7.38276e-21
-7.38337e-21
-7.38175e-21
-7.38315e-21
-7.38586e-21
-7.3875e-21
-7.38654e-21
-7.38769e-21
-7.38848e-21
-7.38788e-21
-7.38554e-21
-7.38382e-21
-7.38329e-21
-7.38103e-21
-7.38116e-21
-7.38116e-21
-7.38314e-21
-7.38411e-21
-7.3839e-21
-7.3843e-21
-7.3841e-21
-7.38685e-21
-7.38739e-21
-7.38966e-21
-7.39246e-21
-7.39328e-21
-7.39102e-21
-7.39072e-21
-7.38983e-21
-7.38924e-21
-7.38767e-21
-7.38474e-21
-7.38315e-21
-7.38193e-21
-7.38463e-21
-7.38718e-21
-7.3914e-21
-7.39195e-21
-7.39238e-21
-7.39371e-21
-7.39261e-21
-7.3916e-21
-7.3919e-21
-7.39162e-21
-7.38859e-21
-7.38524e-21
-7.38233e-21
-7.38205e-21
-7.38084e-21
-7.37922e-21
-7.37995e-21
-7.38288e-21
-7.38231e-21
-7.38211e-21
-7.38182e-21
-7.37805e-21
-7.37406e-21
-7.37533e-21
-7.37642e-21
-7.37566e-21
-7.37603e-21
-7.37855e-21
-7.38185e-21
-7.38677e-21
-7.38698e-21
-7.38958e-21
-7.39091e-21
-7.39057e-21
-7.38965e-21
-7.38828e-21
-7.38628e-21
-7.38311e-21
-7.37841e-21
-7.37647e-21
-7.37743e-21
-7.37616e-21
-7.38142e-21
-7.3823e-21
-7.38417e-21
-7.38441e-21
-7.3844e-21
-7.38367e-21
-7.38099e-21
-7.3759e-21
-7.37577e-21
-7.37476e-21
-7.3762e-21
-7.37419e-21
-7.37971e-21
-7.38257e-21
-7.38137e-21
-7.38246e-21
-7.38083e-21
-7.37985e-21
-7.3768e-21
-7.37199e-21
-7.37008e-21
-7.36578e-21
-7.36657e-21
-7.36542e-21
-7.36618e-21
-7.37014e-21
-7.37396e-21
-7.37689e-21
-7.37903e-21
-7.38064e-21
-7.38206e-21
-7.38391e-21
-7.3823e-21
-7.37967e-21
-7.3751e-21
-7.37275e-21
-7.37225e-21
-7.37124e-21
-7.37494e-21
-7.37802e-21
-7.37998e-21
-7.38429e-21
-7.38698e-21
-7.39006e-21
-7.38921e-21
-7.38747e-21
-7.38485e-21
-7.38267e-21
-7.37752e-21
-7.37731e-21
-7.38043e-21
-7.38084e-21
-7.38201e-21
-7.38328e-21
-7.38371e-21
-7.38441e-21
-7.38451e-21
-7.38313e-21
-7.38357e-21
-7.38426e-21
-7.38619e-21
-7.38839e-21
-7.3889e-21
-7.38924e-21
-7.38634e-21
-7.38512e-21
-7.38203e-21
-7.37958e-21
-7.37806e-21
-7.37661e-21
-7.37695e-21
-7.37629e-21
-7.37853e-21
-7.38021e-21
-7.38263e-21
-7.38338e-21
-7.38305e-21
-7.38045e-21
-7.3766e-21
-7.37666e-21
-7.37637e-21
-7.37509e-21
-7.37302e-21
-7.37542e-21
-7.37479e-21
-7.3756e-21
-7.37698e-21
-7.37569e-21
-7.37506e-21
-7.3724e-21
-7.37193e-21
-7.37258e-21
-7.37559e-21
-7.38047e-21
-7.38144e-21
-7.38281e-21
-7.38424e-21
-7.38441e-21
-7.38544e-21
-7.38701e-21
-7.38952e-21
-7.39192e-21
-7.39305e-21
-7.39243e-21
-7.391e-21
-7.38893e-21
-7.38793e-21
-7.38692e-21
-7.38437e-21
-7.38396e-21
-7.38237e-21
-7.38452e-21
-7.38473e-21
-7.38258e-21
-7.38178e-21
-7.38232e-21
-7.38112e-21
-7.38001e-21
-7.3799e-21
-7.37701e-21
-7.37718e-21
-7.37646e-21
-7.3789e-21
-7.3822e-21
-7.38191e-21
-7.38441e-21
-7.38586e-21
-7.38832e-21
-7.38765e-21
-7.3851e-21
-7.37955e-21
-7.37925e-21
-7.37943e-21
-7.38053e-21
-7.38178e-21
-7.38559e-21
-7.38967e-21
-7.38846e-21
-7.3888e-21
-7.38764e-21
-7.38901e-21
-7.3874e-21
-7.3852e-21
-7.38204e-21
-7.38048e-21
-7.38095e-21
-7.3772e-21
-7.37635e-21
-7.37646e-21
-7.37627e-21
-7.37949e-21
-7.38102e-21
-7.38434e-21
-7.38668e-21
-7.38678e-21
-7.38363e-21
-7.38375e-21
-7.38363e-21
-7.38051e-21
-7.3789e-21
-7.38106e-21
-7.37883e-21
-7.37902e-21
-7.37689e-21
-7.37474e-21
-7.37477e-21
-7.37212e-21
-7.37017e-21
-7.36951e-21
-7.36765e-21
-7.36821e-21
-7.36691e-21
-7.36549e-21
-7.36859e-21
-7.37272e-21
-7.37534e-21
-7.37741e-21
-7.37673e-21
-7.3785e-21
-7.37945e-21
-7.37666e-21
-7.37569e-21
-7.37419e-21
-7.37628e-21
-7.3755e-21
-7.37135e-21
-7.3712e-21
-7.37311e-21
-7.37221e-21
-7.37179e-21
-7.37139e-21
-7.36993e-21
-7.36948e-21
-7.36773e-21
-7.36825e-21
-7.36713e-21
-7.36816e-21
-7.36942e-21
-7.37019e-21
-7.3704e-21
-7.37054e-21
-7.37238e-21
-7.36903e-21
-7.37017e-21
-7.3715e-21
-7.37197e-21
-7.3764e-21
-7.3751e-21
-7.37735e-21
-7.37893e-21
-7.3788e-21
-7.37785e-21
-7.37735e-21
-7.37843e-21
-7.37697e-21
-7.37569e-21
-7.37599e-21
-7.37533e-21
-7.37375e-21
-7.37686e-21
-7.37786e-21
-7.38e-21
-7.38357e-21
-7.38385e-21
-7.38674e-21
-7.38888e-21
-7.38835e-21
-7.38259e-21
-7.38186e-21
-7.37943e-21
-7.37902e-21
-7.37875e-21
-7.37902e-21
-7.37953e-21
-7.37845e-21
-7.37826e-21
-7.37719e-21
-7.37595e-21
-7.37549e-21
-7.37628e-21
-7.37752e-21
-7.37587e-21
-7.37434e-21
-7.37399e-21
-7.37135e-21
-7.37184e-21
-7.37014e-21
-7.3698e-21
-7.36799e-21
-7.3691e-21
-7.37144e-21
-7.37414e-21
-7.37498e-21
-7.37604e-21
-7.37282e-21
-7.37304e-21
-7.37108e-21
-7.37295e-21
-7.37062e-21
-7.37074e-21
-7.36811e-21
-7.36569e-21
-7.36636e-21
-7.367e-21
-7.36874e-21
-7.36958e-21
-7.37337e-21
-7.37519e-21
-7.37335e-21
-7.37299e-21
-7.37448e-21
-7.37342e-21
-7.37469e-21
-7.37506e-21
-7.37716e-21
-7.37806e-21
-7.38243e-21
-7.38406e-21
-7.38693e-21
-7.38667e-21
-7.38459e-21
-7.38259e-21
-7.37776e-21
-7.37807e-21
-7.37809e-21
-7.37733e-21
-7.37605e-21
-7.37639e-21
-7.37521e-21
-7.37389e-21
-7.37292e-21
-7.37275e-21
-7.37401e-21
-7.37386e-21
-7.37364e-21
-7.3744e-21
-7.37555e-21
-7.37683e-21
-7.37743e-21
-7.37829e-21
-7.37839e-21
-7.37906e-21
-7.3767e-21
-7.37615e-21
-7.37571e-21
-7.37565e-21
-7.37696e-21
-7.37694e-21
-7.37443e-21
-7.37393e-21
-7.37378e-21
-7.37474e-21
-7.376e-21
-7.37696e-21
-7.37599e-21
-7.37634e-21
-7.37629e-21
-7.37572e-21
-7.37609e-21
-7.3784e-21
-7.3785e-21
