           0           0           0
   0.0256496           0           0
   0.0512993           0           0
   0.0769489           0           0
    0.102599           0           0
    0.128248           0           0
    0.153898           0           0
    0.179547           0           0
    0.205197           0           0
    0.230847           0           0
    0.256496           0           0
    0.282146           0           0
    0.307796           0           0
    0.333445           0           0
    0.359095           0           0
    0.384745           0           0
    0.410394           0           0
    0.436044           0           0
    0.461694           0           0
    0.487343           0           0
    0.512993           0           0
    0.538642           0           0
    0.564292           0           0
    0.589942           0           0
    0.615591           0           0
    0.641241           0           0
    0.666891           0           0
     0.69254           0           0
     0.71819           0           0
     0.74384           0           0
    0.769489           0           0
    0.795139           0           0
    0.820788           0           0
    0.846438           0           0
    0.872088           0           0
    0.897737           0           0
    0.923387           0           0
    0.949037 2.63908e-05 9.13282e-06
    0.974686  0.00277036  0.00012299
     1.00034   0.0498523 0.000579862
     1.02599    0.321155  0.00120179
     1.05164     1.05293  0.00271661
     1.07728     2.14747  0.00410271
     1.10293     3.17556  0.00474961
     1.12858     3.79386  0.00435412
     1.15423     3.90911  0.00401213
     1.17988     3.63504  0.00429279
     1.20553     3.16759  0.00436963
     1.23118     2.63009  0.00389065
     1.25683     2.09733  0.00408501
     1.28248     1.63742  0.00367462
     1.30813     1.24755  0.00304463
     1.33378    0.934173  0.00228084
     1.35943     0.69212  0.00208713
     1.38508     0.50911  0.00177226
     1.41073    0.382235  0.00169269
     1.43638    0.300278  0.00182402
     1.46203    0.258567  0.00152779
     1.48768    0.254652  0.00157764
     1.51333    0.280752  0.00158774
     1.53898    0.335521  0.00155372
     1.56463     0.41282  0.00138003
     1.59028    0.497705  0.00125184
     1.61593    0.581645  0.00141028
     1.64158    0.656379  0.00185861
     1.66723     0.70239  0.00178981
     1.69288    0.717346  0.00191144
     1.71853    0.693501  0.00172893
     1.74418    0.644511  0.00170749
     1.76983    0.579426  0.00143754
     1.79547    0.517459  0.00128917
     1.82112    0.478899  0.00130662
     1.84677    0.482383  0.00157811
     1.87242    0.548943  0.00200983
     1.89807    0.685306  0.00236217
     1.92372    0.891392  0.00235997
     1.94937     1.15346  0.00215098
     1.97502     1.43244  0.00212187
     2.00067     1.68443   0.0020444
     2.02632     1.86823  0.00225756
     2.05197     1.96222  0.00277023
     2.07762     1.94733  0.00319295
     2.10327     1.84161  0.00347221
     2.12892     1.66809  0.00330295
     2.15457     1.46387  0.00239889
     2.18022     1.25925  0.00198026
     2.20587      1.0883  0.00160209
     2.23152    0.962099  0.00161561
     2.25717    0.883529  0.00183963
     2.28282    0.846698  0.00194965
     2.30847    0.833797  0.00200879
     2.33412    0.832595  0.00184312
     2.35977    0.831731  0.00139077
     2.38542    0.824967  0.00121176
     2.41107    0.807817  0.00113408
     2.43672    0.786777  0.00113089
     2.46237    0.768433  0.00120397
     2.48802    0.765535   0.0013933
     2.51366    0.784682  0.00142558
     2.53931    0.831685  0.00131721
