180.258
179.756
178.86
177.515
175.646
173.161
169.942
165.859
160.79
154.628
147.323
138.931
129.655
119.871
110.114
101.007
93.1362
86.9417
82.6476
80.2514
79.569
80.2967
82.0761
84.5439
87.3723
90.289
93.0835
95.6106
97.785
99.5722
100.97
101.999
102.676
103.012
103.004
102.648
101.95
100.943
99.6887
98.285
96.85
95.5148
94.417
93.6817
93.4028
93.6124
94.2614
95.2288
96.3572
97.492
98.5052
99.3067
99.8397
100.082
100.043
99.7696
99.3368
98.8429
98.3902
98.0646
97.9233
97.9823
98.2207
98.5908
99.0332
99.4881
99.9026
100.233
100.445
100.51
100.404
100.109
99.6164
98.9331
98.0948
97.1677
96.2496
95.442
94.8172
94.3945
94.1364
93.9765
93.8551
93.7333
93.5866
93.3909
93.114
92.7283
92.2364
91.6824
91.146
90.7212
90.4891
90.4982
90.756
91.2315
91.8664
92.5895
93.3236
93.9928
94.5276
94.863
94.9507
94.7655
94.3183
93.6576
92.8649
92.0375
91.2728
90.6463
90.2029
89.9539
89.887
89.9804
90.2099
90.5548
90.9982
91.523
92.1054
92.7011
93.2428
93.6477
93.8438
93.8069
93.59
93.3236
93.1908
93.366
93.955
94.9595
96.2752
97.7306
99.1342
100.327
101.211
101.763
102.021
102.065
101.989
101.875
101.776
101.702
101.633
101.529
101.344
101.036
100.58
99.9795
99.2662
98.5007
97.7569
97.1138
96.6242
96.3041
96.1261
96.0311
95.9574
95.8648
95.7488
95.6392
95.5865
95.6501
95.8788
96.2985
96.9022
97.6436
98.4427
99.1953
99.7888
100.121
100.114
99.735
99.0119
98.0383
96.9578
95.9208
95.0388
94.3491
93.8183
93.3773
92.9711
92.5943
92.2985
92.1718
92.3016
92.7383
93.46
94.374
95.3391
96.2096
96.8695
97.2545
97.356
97.2085
96.8753
96.4227
95.9093
95.3684
94.8167
94.2703
93.7518
93.3034
92.9892
92.8806
93.0451
93.5283
94.3376
95.433
96.7302
98.1143
99.4583
100.64
101.56
102.151
102.373
102.218
101.704
100.877
99.8087
98.5977
97.3527
96.1822
95.179
94.399
93.8574
93.5305
93.367
93.3095
93.3103
93.344
93.4059
93.507
93.6662
93.8959
94.195
94.5398
94.8909
95.198
95.4138
95.5053
95.46
95.2887
95.0254
94.7238
94.4435
94.2406
94.1562
94.208
94.3861
94.6565
271.542
269.607
265.837
260.293
253.205
244.982
236.176
227.366
219.042
211.576
205.246
200.271
196.76
194.656
193.71
193.537
193.743
194.051
194.383
194.837
195.597
196.791
198.367
200.097
201.664
202.802
203.399
203.503
203.278
202.956
202.842
203.302
204.643
206.918
209.837
212.94
215.838
218.325
220.323
221.774
222.593
222.662
221.831
219.925
216.838
212.661
207.836
203.185
199.707
198.093
198.311
199.653
201.183
202.147
202.184
201.32
199.865
198.205
196.618
195.203
193.949
192.827
191.813
190.837
189.772
188.492
186.961
185.324
183.961
183.427
184.251
186.664
190.456
195.04
199.715
203.921
207.354
209.934
211.69
212.664
212.916
212.54
211.692
210.561
209.323
208.092
206.919
205.83
204.896
204.282
204.223
204.898
206.286
208.162
210.225
212.258
214.18
215.981
217.59
218.779
219.193
218.5
216.601
213.762
210.542
207.483
204.82
202.538
200.639
199.168
197.999
196.762
195.091
192.875
190.302
187.737
185.567
184.116
183.635
184.281
186.045
188.747
192.173
196.184
200.693
205.567
210.556
215.312
219.437
222.574
224.459
224.944
224.02
221.817
218.623
214.909
211.292
208.368
206.464
205.489
205.071
204.9
204.959
205.414
206.306
207.361
208.111
208.152
207.296
205.557
203.085
200.124
197.022
194.194
192.018
190.707
190.254
190.487
191.142
191.893
192.36
192.206
191.319
189.941
188.655
188.133
188.737
190.198
191.624
191.945
190.575
188.023
185.97
186.089
188.416
191.52
194.082
195.647
196.336
196.414
196.079
195.443
194.591
193.639
192.766
192.161
191.926
192.007
192.254
192.571
193.031
193.836
195.141
196.903
198.893
200.849
202.635
204.259
205.795
207.277
208.662
209.88
210.88
211.664
212.249
212.642
212.827
212.791
212.56
212.212
211.857
211.602
211.521
211.621
211.826
211.957
211.754
210.955
209.406
207.134
204.357
201.438
198.82
196.997
196.396
197.167
199.037
201.415
203.682
205.45
206.628
207.326
207.732
208.008
208.241
208.425
208.484
208.299
207.727
206.633
204.969
202.834
200.476
198.242
196.453
195.334
194.996
195.417
196.416
197.681
154.717
156.283
157.756
158.836
159.39
159.518
159.494
159.567
159.79
160.047
160.224
160.314
160.425
160.708
161.296
162.259
163.598
165.233
167.009
168.71
170.099
170.978
171.245
170.925
170.122
168.956
167.523
165.923
164.302
162.867
161.831
161.304
161.24
161.479
161.851
162.251
162.648
163.043
163.422
163.743
163.964
164.071
164.092
164.076
164.076
164.142
164.317
164.625
165.039
165.477
165.835
166.037
166.063
165.944
165.715
165.413
165.076
164.745
164.432
164.078
163.55
162.678
161.323
159.443
157.13
154.598
152.145
150.101
148.788
148.441
149.098
150.533
152.357
154.178
155.722
156.857
157.589
158.024
158.286
158.418
158.361
158.042
157.497
156.915
156.579
156.742
157.518
158.87
160.655
162.704
164.864
167.01
169.056
170.953
172.696
174.299
175.774
177.108
178.266
179.192
179.812
180.044
179.826
179.172
178.241
177.343
176.808
176.784
177.139
177.567
177.784
177.636
177.103
176.265
175.279
174.333
173.622
173.313
173.504
174.187
175.235
176.409
177.393
177.849
177.498
176.206
174.087
171.546
169.202
167.655
167.258
168.014
169.635
171.708
173.843
175.726
177.112
177.808
177.692
176.756
175.133
173.081
170.93
169.016
167.616
166.899
166.911
167.605
168.881
170.633
172.746
175.066
177.398
179.507
181.169
182.204
182.51
182.079
181.014
179.511
177.819
176.162
174.695
173.477
172.49
171.696
171.061
170.561
170.156
169.76
169.248
168.515
167.543
166.483
165.646
165.36
165.781
166.798
168.117
169.432
170.525
171.273
171.613
171.512
170.958
169.995
168.761
167.504
166.548
166.191
166.578
167.607
168.972
170.319
171.414
172.243
172.988
173.897
175.12
176.594
178.092
179.367
180.248
180.654
180.575
180.04
179.106
177.848
176.359
174.727
173.022
171.29
169.557
167.832
166.137
164.54
163.221
162.475
162.581
163.587
165.233
167.133
169
170.699
172.156
173.249
173.792
173.597
172.559
170.704
168.215
165.416
162.735
160.607
159.368
159.182
159.992
161.523
163.354
165.059
166.353
167.181
167.678
168.032
168.337
168.532
168.457
167.982
167.102
165.963
189.242
187.643
186.012
184.421
182.899
181.512
180.397
179.734
179.679
180.299
181.55
183.311
185.41
187.622
189.638
191.093
191.625
190.969
189.051
186.071
182.534
179.202
176.915
176.296
177.54
180.395
184.324
188.701
192.916
196.422
198.766
199.606
198.775
196.395
192.963
189.279
186.169
184.143
183.272
183.329
183.993
184.953
185.925
186.631
186.839
186.451
185.581
184.561
183.87
183.963
185
186.691
188.435
189.688
190.21
190.08
189.525
188.759
187.884
186.891
185.748
184.477
183.169
181.917
180.758
179.695
178.757
178.034
177.655
177.668
178.006
178.546
179.178
179.823
180.439
181.044
181.715
182.531
183.464
184.345
184.936
185.048
184.605
183.651
182.377
181.186
180.635
181.124
182.477
183.929
184.596
183.942
181.991
179.296
176.78
175.418
175.883
178.305
182.279
187.07
191.857
195.94
198.842
200.349
200.49
199.476
197.627
195.26
192.618
189.864
187.149
184.641
182.496
180.794
179.533
178.662
178.155
178.044
178.421
179.362
180.887
182.941
185.438
188.299
191.442
194.736
197.978
200.916
203.283
204.804
205.198
204.234
201.83
198.135
193.524
188.536
183.772
179.766
176.878
175.242
174.793
175.354
176.724
178.729
181.243
184.203
187.546
191.124
194.611
197.54
199.436
199.973
199.07
196.894
193.773
190.09
186.191
182.329
178.658
175.24
172.089
169.24
166.827
165.118
164.477
165.209
167.322
170.42
173.84
176.941
179.336
180.989
182.181
183.332
184.768
186.536
188.407
190.045
191.233
191.981
192.493
193.036
193.787
194.768
195.852
196.866
197.689
198.332
198.944
199.723
200.752
201.865
202.692
202.817
201.906
199.741
196.192
191.234
185.021
178.007
171.036
165.263
161.779
161.062
162.703
165.669
168.851
171.498
173.33
174.439
175.112
175.668
176.318
177.118
177.98
178.755
179.343
179.752
180.097
180.515
181.097
181.847
182.692
183.492
184.074
184.288
184.054
183.374
182.323
181.027
179.655
178.429
177.587
177.313
177.663
178.563
179.934
181.784
184.153
186.96
189.913
192.555
194.43
195.202
194.73
193.089
190.539
187.501
184.505
182.119
180.806
180.793
181.99
184.013
186.287
188.183
189.186
189.025
187.711
185.493
182.735
179.812
177.024
174.594
172.702
171.544
171.326
172.22
174.284
177.4
181.276
185.502
189.635
193.263
196.055
197.791
198.391
197.918
196.539
194.428
191.699
188.422
184.754
181.057
177.842
175.518
174.164
173.546
173.311
173.196
173.181
173.512
174.497
176.212
178.416
180.691
182.648
184.038
184.775
184.917
184.665
184.342
184.332
184.926
186.196
187.96
189.891
191.703
193.306
194.826
196.426
198.12
199.758
201.15
202.168
202.746
202.826
202.34
201.248
199.575
197.423
194.951
192.364
189.904
187.847
186.442
185.819
185.918
186.524
187.36
188.186
188.837
189.219
189.303
189.146
188.937
188.945
189.366
190.162
191.046
191.626
191.567
190.687
188.989
186.666
184.058
181.528
179.321
177.502
176.009
174.752
173.695
172.826
172.116
171.531
171.107
171.04
171.615
172.978
174.934
177.018
178.815
180.169
181.151
181.906
182.556
183.165
183.743
184.254
184.648
184.924
185.146
185.409
185.738
186.008
185.96
185.328
183.983
182.035
179.831
177.857
176.556
176.133
176.515
177.513
179.002
180.937
183.195
185.496
187.511
189.052
190.175
191.141
192.293
193.88
195.918
198.151
200.138
201.388
201.507
200.29
197.812
194.45
190.804
187.492
184.919
183.175
182.14
181.674
181.748
182.412
183.631
185.171
186.685
187.933
188.932
189.883
190.943
192.031
192.886
193.278
193.165
192.701
192.125
191.644
191.364
191.259
191.177
190.917
190.35
189.526
188.693
188.185
188.236
188.854
189.825
190.823
191.554
191.854
191.708
191.211
190.51
189.758
189.105
188.654
188.404
188.215
187.865
187.216
186.386
185.739
185.67
186.311
187.451
188.732
189.903
190.917
191.857
192.781
193.615
194.166
194.224
193.659
192.475
190.772
188.675
186.304
183.823
181.571
180.109
180.041
181.602
184.378
187.51
190.157
191.833
192.459
192.275
191.718
191.29
191.38
192.091
193.201
194.273
194.853
194.645
193.659
192.304
191.227
190.907
191.315
192.076
192.883
193.674
194.514
195.407
196.226
196.743
196.711
195.923
194.258
191.778
188.864
186.291
185.022
185.725
188.332
192.112
196.133
199.676
202.382
204.198
205.247
205.717
205.755
205.398
204.567
203.134
201.029
198.323
195.208
191.917
188.623
185.431
182.442
179.819
177.816
176.705
176.662
177.645
179.371
181.379
183.185
184.407
184.836
184.459
183.433
182.02
180.504
179.118
178.022
177.349
177.22
177.742
178.928
180.637
182.554
184.266
185.414
185.845
185.639
185.046
184.381
183.97
184.111
185.017
186.728
189.06
191.644
194.059
195.972
197.252
198.019
198.586
199.287
200.27
201.419
202.461
203.123
203.246
202.824
201.969
200.855
199.645
198.44
197.318
196.4
195.859
195.802
196.133
196.591
196.909
196.924
196.59
195.969
195.239
194.634
194.299
194.164
193.962
193.393
192.269
190.554
188.347
185.846
183.339
181.207
179.86
179.635
180.641
182.671
185.236
187.724
189.571
190.403
190.109
188.848
186.982
184.935
183.03
181.394
179.988
178.741
177.678
176.915
176.55
176.531
176.68
176.871
177.208
177.991
179.477
181.655
184.266
186.984
189.573
191.895
193.862
195.388
196.375
196.74
196.441
195.526
194.155
192.593
191.157
190.126
189.66
189.766
190.312
191.079
191.836
192.397
192.654
192.586
192.211
191.592
190.822
189.993
189.145
188.233
187.176
185.958
184.698
183.601
182.827
182.419
182.347
182.599
183.195
184.127
185.287
186.414
187.14
187.107
186.127
184.289
181.963
179.703
178.073
177.426
177.787
178.918
180.467
182.06
183.303
183.828
183.421
182.164
180.444
178.788
177.607
177.039
177.005
177.321
177.774
178.156
178.32
178.23
177.951
177.563
177.082
176.48
175.802
175.252
175.132
175.655
176.814
178.401
180.132
181.765
183.174
184.356
185.388
186.295
186.966
187.231
187.058
186.685
186.517
186.886
187.859
189.227
190.645
191.843
192.716
193.312
193.742
194.086
194.323
194.339
193.986
193.176
191.931
190.404
188.804
187.286
185.863
184.447
182.957
181.408
179.916
178.645
177.767
177.413
177.644
178.403
179.525
180.775
181.907
182.698
182.94
182.441
181.088
178.98
176.538
174.436
173.296
173.359
174.443
176.149
178.043
179.719
180.826
181.141
180.691
179.87
179.355
179.75
181.159
183.2
185.348
187.234
188.71
189.758
190.412
190.716
190.746
190.587
190.271
189.733
188.858
187.56
185.811
183.635
181.14
178.611
176.547
175.467
175.632
176.991
179.331
182.418
185.961
189.541
192.642
194.761
195.577
195.023
193.268
190.626
187.449
184.053
180.689
177.559
174.903
173.069
172.485
173.434
175.761
178.82
181.732
183.757
184.551
184.297
183.629
183.262
183.494
184.028
184.334
184.094
183.357
182.383
181.448
180.708
180.19
179.829
179.548
179.346
179.358
179.807
180.832
182.349
184.068
185.645
186.841
187.562
187.797
187.541
186.758
185.417
183.576
181.46
179.444
177.956
177.318
177.637
178.792
180.489
182.352
184.003
185.119
185.482
185.037
183.934
182.527
181.242
180.318
179.608
178.7
177.259
175.329
173.362
171.995
171.731
172.738
174.86
177.761
181.034
184.288
187.223
189.664
191.523
192.741
193.249
193.007
192.062
190.603
188.963
187.548
186.7
186.548
186.966
187.671
188.384
188.917
189.164
189.032
188.386
187.075
185.029
182.339
179.293
176.357
174.107
173.135
173.881
176.386
180.13
184.208
187.734
190.129
191.174
190.931
189.679
187.866
185.977
184.325
182.919
181.592
180.314
179.362
179.141
179.827
181.217
182.908
184.593
186.203
187.808
189.418
190.894
192.05
192.786
193.107
193.078
192.784
192.324
191.786
191.223
190.635
189.993
189.258
188.419
187.563
186.905
186.704
187.096
187.989
189.111
190.145
190.865
191.178
191.106
190.729
190.139
189.409
188.578
187.687
186.833
186.161
185.822
185.894
186.354
187.07
187.85
188.518
188.999
189.353
189.732
190.303
191.167
192.296
193.515
194.532
195
194.599
193.097
190.446
186.923
183.265
180.57
179.777
181.034
183.665
186.7
189.344
191.098
191.703
191.129
189.597
187.586
185.734
184.643
184.703
185.968
188.148
190.69
192.942
194.315
194.461
193.476
192.08
191.462
192.497
195.001
198
200.618
202.486
203.626
204.212
204.409
204.302
203.901
203.244
202.498
201.969
201.923
202.369
203.062
203.697
204.041
203.942
203.302
202.104
200.465
198.63
196.847
195.249
193.849
192.666
191.854
191.641
192.151
193.279
194.752
196.271
197.631
198.779
199.82
200.965
202.39
204.07
205.728
206.959
207.441
207.044
205.809
203.893
201.526
198.988
196.588
194.57
193.015
191.785
190.562
188.976
186.795
184.082
181.184
178.521
176.381
174.976
174.542
175.157
176.412
177.526
177.965
177.824
177.548
177.481
177.837
178.905
180.982
184.071
187.8
191.681
195.393
198.786
201.741
204.096
205.658
206.254
205.781
204.256
201.883
199.05
196.241
193.854
192.036
190.687
189.57
188.474
187.329
186.261
185.593
185.723
186.92
189.146
192.032
194.996
197.421
198.782
198.715
197.075
194.039
190.157
186.259
183.152
181.272
180.625
181.019
182.241
184.045
186.105
188.102
189.836
191.244
192.332
193.095
193.46
193.282
192.366
190.529
187.759
184.496
181.742
180.533
181.099
182.786
184.701
186.189
186.881
186.648
185.612
184.132
182.691
181.656
181.101
180.862
180.753
180.697
180.687
180.703
180.687
180.618
180.624
180.991
182.021
183.784
185.976
188.008
189.31
189.59
188.908
187.605
186.161
185.041
184.593
184.981
186.161
187.913
189.902
191.745
193.09
193.693
193.445
192.385
190.66
188.489
186.149
183.956
182.235
181.271
181.23
182.057
183.471
185.128
186.798
188.407
189.917
191.213
192.099
192.387
191.987
190.935
189.383
187.548
185.664
183.948
182.619
181.889
181.95
182.908
184.705
187.115
189.831
192.565
195.121
197.383
199.291
200.8
201.871
202.413
202.24
201.072
198.61
194.709
189.566
183.801
178.318
173.999
171.406
170.686
171.688
174.083
177.457
181.374
185.436
189.331
192.862
195.906
198.356
200.057
200.763
200.19
198.136
194.669
190.314
186.02
182.828
181.333
181.47
182.767
184.68
186.716
188.444
189.566
190.008
189.914
189.562
189.243
189.179
189.46
189.984
190.495
190.734
190.562
189.973
189.03
187.842
186.573
185.458
184.778
184.766
185.493
186.824
188.483
190.175
191.694
192.945
193.93
194.687
195.243
195.588
195.675
195.506
195.22
195.123
195.575
196.816
198.9
201.737
205.116
208.695
212.002
214.558
216.019
216.253
215.331
213.465
210.909
207.881
204.505
200.823
196.848
192.639
188.359
184.278
180.717
177.943
176.086
175.11
174.86
175.13
175.763
176.727
178.09
179.913
182.133
184.582
187.072
189.451
191.554
193.135
193.902
193.641
192.364
190.394
188.332
186.879
186.576
187.615
189.814
192.727
195.781
198.428
200.245
200.97
200.499
198.879
196.275
192.991
189.448
186.132
183.523
182.007
181.808
182.955
185.288
188.505
192.203
195.914
199.13
201.337
202.102
201.238
199.091
196.697
195.346
195.611
196.99
198.569
199.724
200.242
200.149
199.551
198.536
197.194
195.671
194.219
193.173
192.856
193.421
194.719
196.34
197.796
198.737
199.067
198.924
198.582
198.299
198.184
198.141
197.91
197.174
195.712
193.51
190.845
188.243
186.294
185.362
185.391
185.982
186.654
187.053
187.03
186.638
186.119
185.763
185.702
185.769
185.61
184.951
183.75
182.137
180.276
178.35
176.65
175.578
175.473
176.385
178.002
179.767
181.113
181.671
181.36
180.384
179.137
178.089
177.634
177.966
178.998
180.39
181.717
182.689
183.344
184.05
185.275
187.225
189.645
192.005
193.833
194.92
195.289
195.088
194.502
193.71
192.898
192.263
192.004
192.265
193.062
194.231
195.467
196.415
196.766
196.32
195.03
193.027
190.639
188.385
186.872
186.594
187.704
189.932
192.692
195.315
197.24
198.106
197.765
196.272
193.862
190.961
188.142
185.991
184.879
184.807
185.452
186.383
187.247
187.816
187.973
187.706
187.121
186.464
186.04
186.1
186.753
187.979
189.702
191.797
194.042
196.101
197.582
198.145
197.618
196.052
193.718
191.018
188.339
185.946
183.967
182.467
181.536
181.305
181.873
183.2
185.047
187.035
188.784
190.002
190.534
190.369
189.616
188.476
187.191
185.999
185.077
184.516
184.322
184.432
184.743
185.139
185.529
185.886
186.261
186.814
187.787
189.401
191.731
194.631
197.756
200.639
202.813
203.909
203.732
202.322
199.967
197.168
194.524
192.57
191.596
191.542
192.038
192.578
192.68
191.972
190.231
187.437
183.825
179.868
176.2
173.418
171.893
171.703
172.681
174.508
176.815
179.25
181.524
183.415
184.763
185.488
185.656
185.602
185.968
187.464
190.315
193.958
197.381
199.699
200.398
199.3
196.477
192.249
187.246
182.419
178.894
177.625
178.926
182.253
186.481
190.439
193.296
194.624
194.327
192.615
190.056
187.581
186.274
186.895
189.444
193.142
196.829
199.443
200.315
199.306
196.799
193.5
190.04
186.774
183.926
181.746
180.412
179.851
179.838
180.194
180.847
181.694
182.543
183.228
183.74
184.184
184.652
185.163
185.687
186.219
186.768
187.275
187.596
187.571
187.14
186.392
185.505
184.66
184.012
183.785
184.291
185.691
187.699
189.706
191.238
192.189
192.734
193.12
193.479
193.751
193.749
193.324
192.512
191.577
190.892
190.75
191.229
192.181
193.341
194.446
195.31
195.845
196.071
196.098
196.059
196.003
195.886
195.688
195.554
195.77
196.583
197.986
199.667
201.16
202.047
202.063
201.11
199.241
196.644
193.605
190.455
187.497
184.94
182.857
181.209
179.933
179.027
178.566
178.652
179.342
180.604
182.338
184.394
186.589
188.679
190.347
191.252
191.141
189.985
188.101
186.123
184.753
184.392
184.974
186.135
187.546
189.086
190.777
192.635
194.592
196.504
198.206
199.55
200.447
200.893
200.978
200.843
200.605
200.29
199.804
198.964
197.557
195.429
192.544
189.043
185.261
181.688
178.879
177.307
177.244
178.693
181.427
185.05
189.099
193.106
196.654
199.395
201.054
201.46
200.642
198.948
197.123
196.089
196.43
197.999
200.111
202.037
203.284
203.61
203.022
201.794
200.427
199.485
199.407
200.367
202.226
204.597
206.968
208.81
209.693
209.348
207.675
204.698
200.539
195.42
189.757
184.203
179.524
176.322
174.855
175.055
176.608
179.007
181.642
183.93
185.438
185.94
185.414
184.01
182.042
180.021
178.621
178.45
179.755
182.3
185.526
188.81
191.64
193.667
194.691
194.671
193.741
192.244
190.671
189.484
188.912
188.86
189.017
189.033
188.72
188.147
187.651
187.699
188.612
190.309
192.328
194.069
195.058
195.073
194.141
192.477
190.405
188.298
186.519
185.367
185.012
185.425
186.378
187.528
188.548
189.24
189.582
189.691
189.743
189.898
190.225
190.666
191.011
190.914
190.008
188.113
185.384
182.279
179.368
177.103
175.684
175.108
175.271
176.033
177.266
178.872
180.777
182.926
185.273
187.741
190.183
192.386
194.155
195.414
196.252
196.88
197.533
198.369
199.435
200.666
201.934
203.075
203.914
204.269
203.982
202.975
201.305
199.202
197.027
195.174
193.966
193.58
194.001
194.991
196.129
196.894
196.798
195.552
193.183
190.074
186.904
184.449
183.313
183.706
185.413
187.932
190.686
193.165
195.005
196.003
196.107
195.391
193.994
192.051
189.658
186.901
184
181.452
179.957
180.011
181.499
183.777
186.141
188.168
189.764
191.056
192.271
193.622
195.217
197.002
198.751
200.144
200.863
200.699
199.574
197.554
194.825
191.676
188.492
185.707
183.733
182.857
183.138
184.408
186.361
188.667
191.056
193.332
195.362
197.047
198.299
199.041
199.243
198.973
198.378
197.613
196.776
195.913
195.016
194.07
193.081
192.115
191.323
190.914
191.064
191.809
192.981
194.255
195.269
195.746
195.59
194.928
194.096
193.529
193.569
194.28
195.444
196.721
197.819
198.565
198.874
198.682
197.914
196.494
194.397
191.731
188.819
186.206
184.51
184.14
185.076
186.895
189.031
191.051
192.774
194.239
195.591
197
198.585
200.349
202.154
203.752
204.879
205.365
205.192
204.509
203.562
202.607
201.813
201.176
200.521
199.563
198.075
196.024
193.615
191.242
189.351
188.3
188.238
189.061
190.448
191.989
193.308
194.124
194.257
193.614
192.18
190.041
187.404
184.577
181.896
179.625
177.901
176.729
176.011
175.621
175.445
175.38
175.339
175.261
175.152
175.127
175.4
176.205
177.652
179.632
181.852
183.935
185.529
186.439
186.79
187.032
187.617
188.592
189.531
189.929
189.537
188.41
186.75
184.769
182.638
180.493
178.471
176.734
175.489
174.951
175.201
176.111
177.458
179.059
180.79
182.538
184.173
185.54
186.478
186.877
186.771
186.401
186.138
186.263
186.784
187.481
188.108
188.549
188.829
189.055
189.349
189.808
