-1.05423e-20
-1.05341e-20
-1.05199e-20
-1.04983e-20
-1.04674e-20
-1.04252e-20
-1.03729e-20
-1.03034e-20
-1.02202e-20
-1.01199e-20
-1.00037e-20
-9.87228e-21
-9.72888e-21
-9.57725e-21
-9.43045e-21
-9.29469e-21
-9.17821e-21
-9.08663e-21
-9.02499e-21
-8.99294e-21
-8.98522e-21
-9.0006e-21
-9.0286e-21
-9.06776e-21
-9.11093e-21
-9.15582e-21
-9.19709e-21
-9.23715e-21
-9.26852e-21
-9.29601e-21
-9.31737e-21
-9.33166e-21
-9.34066e-21
-9.34573e-21
-9.34708e-21
-9.34141e-21
-9.32909e-21
-9.31315e-21
-9.29384e-21
-9.27169e-21
-9.25e-21
-9.23103e-21
-9.21462e-21
-9.20536e-21
-9.20212e-21
-9.20427e-21
-9.21643e-21
-9.2307e-21
-9.24791e-21
-9.26575e-21
-9.28209e-21
-9.29511e-21
-9.30376e-21
-9.30623e-21
-9.3045e-21
-9.3008e-21
-9.29508e-21
-9.28684e-21
-9.28012e-21
-9.27544e-21
-9.27385e-21
-9.27454e-21
-9.27839e-21
-9.2839e-21
-9.28991e-21
-9.29627e-21
-9.30195e-21
-9.30656e-21
-9.31032e-21
-9.31106e-21
-9.30867e-21
-9.30391e-21
-9.29689e-21
-9.28652e-21
-9.27313e-21
-9.25977e-21
-9.24621e-21
-9.23371e-21
-9.22555e-21
-9.21918e-21
-9.21597e-21
-9.21339e-21
-9.21132e-21
-9.2097e-21
-9.20767e-21
-9.20561e-21
-9.20001e-21
-9.19324e-21
-9.18666e-21
-9.17748e-21
-9.16845e-21
-9.16125e-21
-9.15783e-21
-9.15835e-21
-9.16387e-21
-9.17161e-21
-9.18041e-21
-9.19069e-21
-9.20227e-21
-9.212e-21
-9.21859e-21
-9.22383e-21
-9.22476e-21
-9.22279e-21
-9.21615e-21
-9.20662e-21
-9.19374e-21
-9.18173e-21
-9.17006e-21
-9.16182e-21
-9.15414e-21
-9.15141e-21
-9.15216e-21
-9.15455e-21
-9.15671e-21
-9.16335e-21
-9.17095e-21
-9.18077e-21
-9.1894e-21
-9.19814e-21
-9.20545e-21
-9.21131e-21
-9.21368e-21
-9.21304e-21
-9.21032e-21
-9.20586e-21
-9.20495e-21
-9.20743e-21
-9.21702e-21
-9.2323e-21
-9.25283e-21
-9.27519e-21
-9.29473e-21
-9.31514e-21
-9.32728e-21
-9.33616e-21
-9.34018e-21
-9.34011e-21
-9.3386e-21
-9.33662e-21
-9.3349e-21
-9.33431e-21
-9.33349e-21
-9.33133e-21
-9.32862e-21
-9.32398e-21
-9.31709e-21
-9.30704e-21
-9.29486e-21
-9.28274e-21
-9.27131e-21
-9.26353e-21
-9.25611e-21
-9.25076e-21
-9.24873e-21
-9.24711e-21
-9.24499e-21
-9.24254e-21
-9.24026e-21
-9.23815e-21
-9.23799e-21
-9.24017e-21
-9.24267e-21
-9.24957e-21
-9.25897e-21
-9.2706e-21
-9.28397e-21
-9.29621e-21
-9.30412e-21
-9.30844e-21
-9.30853e-21
-9.30198e-21
-9.28981e-21
-9.27479e-21
-9.25663e-21
-9.24159e-21
-9.22901e-21
-9.22059e-21
-9.21298e-21
-9.20688e-21
-9.20051e-21
-9.19587e-21
-9.19133e-21
-9.18874e-21
-9.19166e-21
-9.19874e-21
-9.2103e-21
-9.22508e-21
-9.23941e-21
-9.2521e-21
-9.26171e-21
-9.26561e-21
-9.26799e-21
-9.26542e-21
-9.25965e-21
-9.25291e-21
-9.24457e-21
-9.23585e-21
-9.23049e-21
-9.22123e-21
-9.21319e-21
-9.2048e-21
-9.1998e-21
-9.19728e-21
-9.19898e-21
-9.2068e-21
-9.21953e-21
-9.23651e-21
-9.25688e-21
-9.28114e-21
-9.30284e-21
-9.32066e-21
-9.33365e-21
-9.34206e-21
-9.34386e-21
-9.34018e-21
-9.33239e-21
-9.31918e-21
-9.30246e-21
-9.28523e-21
-9.26766e-21
-9.24912e-21
-9.23397e-21
-9.22352e-21
-9.21591e-21
-9.20999e-21
-9.20746e-21
-9.20696e-21
-9.20728e-21
-9.20733e-21
-9.20907e-21
-9.21018e-21
-9.21219e-21
-9.21453e-21
-9.22015e-21
-9.22467e-21
-9.22996e-21
-9.23425e-21
-9.23685e-21
-9.23703e-21
-9.23564e-21
-9.23263e-21
-9.22804e-21
-9.22296e-21
-9.21954e-21
-9.21813e-21
-9.21655e-21
-9.21779e-21
-9.22141e-21
-9.2256e-21
-9.22177e-21
-9.18843e-21
-9.12879e-21
-9.04274e-21
-8.93277e-21
-8.80764e-21
-8.67581e-21
-8.54323e-21
-8.41793e-21
-8.30759e-21
-8.21184e-21
-8.13837e-21
-8.08864e-21
-8.05848e-21
-8.04485e-21
-8.04431e-21
-8.04823e-21
-8.05494e-21
-8.05955e-21
-8.06701e-21
-8.08013e-21
-8.09714e-21
-8.1197e-21
-8.14314e-21
-8.16689e-21
-8.1826e-21
-8.18883e-21
-8.18827e-21
-8.18502e-21
-8.17949e-21
-8.17938e-21
-8.18675e-21
-8.20804e-21
-8.24076e-21
-8.28535e-21
-8.33303e-21
-8.37667e-21
-8.41241e-21
-8.4404e-21
-8.46175e-21
-8.4711e-21
-8.4689e-21
-8.45429e-21
-8.42317e-21
-8.3761e-21
-8.31267e-21
-8.24017e-21
-8.17054e-21
-8.11908e-21
-8.09587e-21
-8.10123e-21
-8.12374e-21
-8.146e-21
-8.15935e-21
-8.15668e-21
-8.14344e-21
-8.12057e-21
-8.09488e-21
-8.07131e-21
-8.04939e-21
-8.03084e-21
-8.01403e-21
-7.99953e-21
-7.98497e-21
-7.97008e-21
-7.95029e-21
-7.92652e-21
-7.90232e-21
-7.88226e-21
-7.8754e-21
-7.88998e-21
-7.93215e-21
-7.99103e-21
-8.06187e-21
-8.13282e-21
-8.19602e-21
-8.24752e-21
-8.28309e-21
-8.30872e-21
-8.32461e-21
-8.32814e-21
-8.32211e-21
-8.30894e-21
-8.29078e-21
-8.27398e-21
-8.25614e-21
-8.23998e-21
-8.22263e-21
-8.20757e-21
-8.19795e-21
-8.19857e-21
-8.21045e-21
-8.23092e-21
-8.25984e-21
-8.29166e-21
-8.32234e-21
-8.35128e-21
-8.38037e-21
-8.40556e-21
-8.42267e-21
-8.42771e-21
-8.41561e-21
-8.38614e-21
-8.34161e-21
-8.2905e-21
-8.24517e-21
-8.20642e-21
-8.1724e-21
-8.14475e-21
-8.12358e-21
-8.10555e-21
-8.08711e-21
-8.06021e-21
-8.02465e-21
-7.98464e-21
-7.94386e-21
-7.91161e-21
-7.89069e-21
-7.88278e-21
-7.89533e-21
-7.92188e-21
-7.96431e-21
-8.01718e-21
-8.07826e-21
-8.14826e-21
-8.22275e-21
-8.29826e-21
-8.37014e-21
-8.43163e-21
-8.47668e-21
-8.50294e-21
-8.50913e-21
-8.49155e-21
-8.45518e-21
-8.40511e-21
-8.34879e-21
-8.29515e-21
-8.25401e-21
-8.22599e-21
-8.20985e-21
-8.20279e-21
-8.20224e-21
-8.20235e-21
-8.20945e-21
-8.22224e-21
-8.23835e-21
-8.24837e-21
-8.24594e-21
-8.2326e-21
-8.2055e-21
-8.16685e-21
-8.1225e-21
-8.07588e-21
-8.03277e-21
-8.00151e-21
-7.98301e-21
-7.97708e-21
-7.98245e-21
-7.99202e-21
-8.00373e-21
-8.01107e-21
-8.00662e-21
-7.99117e-21
-7.97096e-21
-7.95295e-21
-7.94712e-21
-7.9592e-21
-7.98327e-21
-8.00291e-21
-8.00766e-21
-7.98417e-21
-7.94464e-21
-7.91566e-21
-7.92105e-21
-7.95914e-21
-8.00631e-21
-8.04548e-21
-8.06771e-21
-8.0763e-21
-8.07548e-21
-8.06939e-21
-8.05987e-21
-8.04721e-21
-8.03303e-21
-8.02158e-21
-8.00994e-21
-8.00792e-21
-8.01077e-21
-8.0154e-21
-8.01933e-21
-8.02391e-21
-8.03829e-21
-8.05911e-21
-8.08535e-21
-8.11586e-21
-8.14479e-21
-8.17283e-21
-8.19925e-21
-8.2242e-21
-8.24704e-21
-8.26834e-21
-8.28547e-21
-8.29855e-21
-8.31136e-21
-8.31894e-21
-8.32584e-21
-8.32856e-21
-8.32744e-21
-8.32244e-21
-8.31833e-21
-8.31353e-21
-8.3099e-21
-8.30771e-21
-8.30772e-21
-8.31061e-21
-8.31203e-21
-8.30848e-21
-8.29504e-21
-8.27116e-21
-8.23552e-21
-8.19621e-21
-8.15159e-21
-8.11228e-21
-8.08501e-21
-8.07772e-21
-8.09261e-21
-8.12218e-21
-8.15843e-21
-8.19347e-21
-8.21887e-21
-8.23638e-21
-8.24588e-21
-8.25149e-21
-8.25382e-21
-8.25731e-21
-8.26047e-21
-8.26159e-21
-8.25629e-21
-8.24942e-21
-8.23123e-21
-8.20517e-21
-8.17227e-21
-8.13799e-21
-8.1041e-21
-8.07788e-21
-8.06307e-21
-8.05966e-21
-8.06582e-21
-8.08211e-21
-8.09987e-21
-8.11935e-21
-8.14239e-21
-8.16172e-21
-8.17698e-21
-8.18426e-21
-8.18541e-21
-8.18473e-21
-8.18655e-21
-8.19034e-21
-8.19375e-21
-8.19841e-21
-8.19969e-21
-8.20083e-21
-8.20656e-21
-8.21705e-21
-8.2327e-21
-8.25462e-21
-8.28098e-21
-8.30735e-21
-8.33318e-21
-8.35218e-21
-8.36672e-21
-8.36871e-21
-8.36245e-21
-8.34858e-21
-8.33067e-21
-8.30665e-21
-8.28258e-21
-8.25802e-21
-8.23518e-21
-8.21967e-21
-8.21364e-21
-8.21437e-21
-8.2186e-21
-8.22332e-21
-8.22929e-21
-8.23517e-21
-8.24102e-21
-8.24658e-21
-8.2517e-21
-8.25372e-21
-8.25373e-21
-8.2527e-21
-8.25191e-21
-8.25347e-21
-8.25496e-21
-8.25735e-21
-8.26345e-21
-8.27049e-21
-8.27813e-21
-8.28419e-21
-8.28875e-21
-8.28659e-21
-8.28573e-21
-8.28094e-21
-8.27607e-21
-8.27238e-21
-8.26717e-21
-8.26278e-21
-8.25597e-21
-8.24795e-21
-8.2337e-21
-8.21097e-21
-8.18015e-21
-8.14416e-21
-8.10601e-21
-8.07027e-21
-8.04145e-21
-8.02401e-21
-8.01867e-21
-8.02994e-21
-8.05287e-21
-8.08111e-21
-8.10845e-21
-8.13133e-21
-8.14674e-21
-8.15617e-21
-8.16394e-21
-8.16599e-21
-8.16716e-21
-8.16566e-21
-8.15797e-21
-8.14853e-21
-8.13799e-21
-8.13298e-21
-8.1361e-21
-8.15067e-21
-8.17434e-21
-8.20327e-21
-8.23618e-21
-8.27134e-21
-8.30472e-21
-8.33923e-21
-8.36837e-21
-8.39457e-21
-8.41702e-21
-8.43805e-21
-8.45772e-21
-8.47305e-21
-8.48733e-21
-8.49287e-21
-8.49461e-21
-8.49131e-21
-8.48245e-21
-8.46682e-21
-8.45759e-21
-8.45177e-21
-8.45263e-21
-8.45997e-21
-8.46878e-21
-8.47374e-21
-8.47373e-21
-8.46544e-21
-8.45166e-21
-8.43602e-21
-8.42123e-21
-8.40854e-21
-8.40103e-21
-8.40167e-21
-8.40979e-21
-8.42321e-21
-8.44154e-21
-8.45574e-21
-8.46173e-21
-8.45522e-21
-8.43631e-21
-8.40672e-21
-8.37187e-21
-8.34002e-21
-8.31912e-21
-8.3148e-21
-8.32479e-21
-8.3485e-21
-8.3764e-21
-8.40572e-21
-8.43193e-21
-8.45051e-21
-8.45638e-21
-8.45227e-21
-8.43438e-21
-8.40941e-21
-8.37869e-21
-8.34646e-21
-8.31998e-21
-8.30085e-21
-8.29082e-21
-8.29372e-21
-8.30474e-21
-8.32386e-21
-8.34952e-21
-8.3823e-21
-8.41856e-21
-8.45419e-21
-8.48736e-21
-8.5114e-21
-8.52741e-21
-8.53163e-21
-8.52363e-21
-8.50744e-21
-8.48288e-21
-8.45716e-21
-8.43345e-21
-8.41293e-21
-8.397e-21
-8.38442e-21
-8.3764e-21
-8.37239e-21
-8.36852e-21
-8.36553e-21
-8.36195e-21
-8.35612e-21
-8.34197e-21
-8.32552e-21
-8.30642e-21
-8.28706e-21
-8.2756e-21
-8.27677e-21
-8.28747e-21
-8.30653e-21
-8.32738e-21
-8.34673e-21
-8.3605e-21
-8.36698e-21
-8.36176e-21
-8.34779e-21
-8.32443e-21
-8.29836e-21
-8.27764e-21
-8.27181e-21
-8.28399e-21
-8.31055e-21
-8.3457e-21
-8.38015e-21
-8.41055e-21
-8.43083e-21
-8.44148e-21
-8.44615e-21
-8.44817e-21
-8.4507e-21
-8.45511e-21
-8.46245e-21
-8.46942e-21
-8.47445e-21
-8.47431e-21
-8.46803e-21
-8.45849e-21
-8.44099e-21
-8.42548e-21
-8.40887e-21
-8.39362e-21
-8.37921e-21
-8.36674e-21
-8.35436e-21
-8.33752e-21
-8.31633e-21
-8.29471e-21
-8.27567e-21
-8.26528e-21
-8.26604e-21
-8.27377e-21
-8.28211e-21
-8.29292e-21
-8.30349e-21
-8.31647e-21
-8.33276e-21
-8.34791e-21
-8.36013e-21
-8.36354e-21
-8.35398e-21
-8.33421e-21
-8.30493e-21
-8.27299e-21
-8.24215e-21
-8.22441e-21
-8.22425e-21
-8.24352e-21
-8.27903e-21
-8.31975e-21
-8.35813e-21
-8.3908e-21
-8.41154e-21
-8.41635e-21
-8.4072e-21
-8.38625e-21
-8.36008e-21
-8.3313e-21
-8.30004e-21
-8.27044e-21
-8.23727e-21
-8.20578e-21
-8.17448e-21
-8.14321e-21
-8.11467e-21
-8.09238e-21
-8.08157e-21
-8.08086e-21
-8.09009e-21
-8.113e-21
-8.14473e-21
-8.18352e-21
-8.21935e-21
-8.24649e-21
-8.26101e-21
-8.25716e-21
-8.23608e-21
-8.1995e-21
-8.15652e-21
-8.11108e-21
-8.07001e-21
-8.04148e-21
-8.02653e-21
-8.02874e-21
-8.05364e-21
-8.10556e-21
-8.17506e-21
-8.25241e-21
-8.32625e-21
-8.38545e-21
-8.42712e-21
-8.45217e-21
-8.46172e-21
-8.45848e-21
-8.44651e-21
-8.42584e-21
-8.4026e-21
-8.37617e-21
-8.3523e-21
-8.33444e-21
-8.31984e-21
-8.31037e-21
-8.30347e-21
-8.30035e-21
-8.30153e-21
-8.30272e-21
-8.30644e-21
-8.30842e-21
-8.30873e-21
-8.31237e-21
-8.31746e-21
-8.32448e-21
-8.32995e-21
-8.33435e-21
-8.33406e-21
-8.32859e-21
-8.32158e-21
-8.3141e-21
-8.30859e-21
-8.30605e-21
-8.30498e-21
-8.30394e-21
-8.303e-21
-8.30529e-21
-8.31106e-21
-8.31974e-21
-8.32582e-21
-8.32493e-21
-8.313e-21
-8.28792e-21
-8.25621e-21
-8.21619e-21
-8.17832e-21
-8.14334e-21
-8.11411e-21
-8.10048e-21
-8.10056e-21
-8.1169e-21
-8.14698e-21
-8.18598e-21
-8.22625e-21
-8.26022e-21
-8.28451e-21
-8.29764e-21
-8.30059e-21
-8.29286e-21
-8.27678e-21
-8.25422e-21
-8.2275e-21
-8.19906e-21
-8.16837e-21
-8.13719e-21
-8.11368e-21
-8.10062e-21
-8.10025e-21
-8.11533e-21
-8.14236e-21
-8.17304e-21
-8.20276e-21
-8.22754e-21
-8.24861e-21
-8.26788e-21
-8.29014e-21
-8.31903e-21
-8.35379e-21
-8.3879e-21
-8.41801e-21
-8.43963e-21
-8.45132e-21
-8.45187e-21
-8.44328e-21
-8.42557e-21
-8.40429e-21
-8.38488e-21
-8.36993e-21
-8.3533e-21
-8.33784e-21
-8.32319e-21
-8.31547e-21
-8.31641e-21
-8.32762e-21
-8.34809e-21
-8.37196e-21
-8.39497e-21
-8.4149e-21
-8.43175e-21
-8.44636e-21
-8.45736e-21
-8.4594e-21
-8.44846e-21
-8.42352e-21
-8.38691e-21
-8.34548e-21
-8.31067e-21
-8.28959e-21
-8.28219e-21
-8.28272e-21
-8.28851e-21
-8.29058e-21
-8.2849e-21
-8.27211e-21
-8.25216e-21
-8.22329e-21
-8.18779e-21
-8.15452e-21
-8.12131e-21
-8.0958e-21
-8.08102e-21
-8.07405e-21
-8.0806e-21
-8.09444e-21
-8.11456e-21
-8.13433e-21
-8.15488e-21
-8.17482e-21
-8.19474e-21
-8.21001e-21
-8.22436e-21
-8.23756e-21
-8.25907e-21
-8.28966e-21
-8.32954e-21
-8.37399e-21
-8.41339e-21
-8.44603e-21
-8.46943e-21
-8.48464e-21
-8.49199e-21
-8.4895e-21
-8.4776e-21
-8.45954e-21
-8.43467e-21
-8.41446e-21
-8.3929e-21
-8.37184e-21
-8.35426e-21
-8.33807e-21
-8.32622e-21
-8.31728e-21
-8.30729e-21
-8.29437e-21
-8.2762e-21
-8.25322e-21
-8.22368e-21
-8.19618e-21
-8.1708e-21
-8.15045e-21
-8.14049e-21
-8.14107e-21
-8.15686e-21
-8.18671e-21
-8.21818e-21
-8.24847e-21
-8.2752e-21
-8.29766e-21
-8.31632e-21
-8.33381e-21
-8.35272e-21
-8.37472e-21
-8.39562e-21
-8.41262e-21
-8.42064e-21
-8.41664e-21
-8.40056e-21
-8.37129e-21
-8.32939e-21
-8.27767e-21
-8.22334e-21
-8.17046e-21
-8.12746e-21
-8.09219e-21
-8.07518e-21
-8.07375e-21
-8.08615e-21
-8.11091e-21
-8.14435e-21
-8.17915e-21
-8.21294e-21
-8.24109e-21
-8.25814e-21
-8.26267e-21
-8.25565e-21
-8.24018e-21
-8.21963e-21
-8.20198e-21
-8.19486e-21
-8.20382e-21
-8.22856e-21
-8.26538e-21
-8.3084e-21
-8.34827e-21
-8.38286e-21
-8.40959e-21
-8.43057e-21
-8.44359e-21
-8.45214e-21
-8.45447e-21
-8.45266e-21
-8.44387e-21
-8.42993e-21
-8.40304e-21
-8.3692e-21
-8.32346e-21
-8.2678e-21
-8.20828e-21
-8.15058e-21
-8.10456e-21
-8.0741e-21
-8.0585e-21
-8.05258e-21
-8.05344e-21
-8.05418e-21
-8.05251e-21
-8.05317e-21
-8.05733e-21
-8.06145e-21
-8.06778e-21
-8.07084e-21
-8.06771e-21
-8.05533e-21
-8.03238e-21
-8.00618e-21
-7.98445e-21
-7.97246e-21
-7.98111e-21
-8.00704e-21
-8.04748e-21
-8.09545e-21
-8.14804e-21
-8.19998e-21
-8.24262e-21
-8.27019e-21
-8.27754e-21
-8.26519e-21
-8.23516e-21
-8.19224e-21
-8.14512e-21
-8.10066e-21
-8.06832e-21
-8.05615e-21
-8.05966e-21
-8.08072e-21
-8.11451e-21
-8.15136e-21
-8.18555e-21
-8.20653e-21
-8.20742e-21
-8.18944e-21
-8.16067e-21
-8.13045e-21
-8.10264e-21
-8.08231e-21
-8.06896e-21
-8.05304e-21
-8.03171e-21
-8.00173e-21
-7.96697e-21
-7.92735e-21
-7.89426e-21
-7.87747e-21
-7.87722e-21
-7.89634e-21
-7.9267e-21
-7.96248e-21
-7.99862e-21
-8.03602e-21
-8.07177e-21
-8.10727e-21
-8.14431e-21
-8.18095e-21
-8.21169e-21
-8.23471e-21
-8.24411e-21
-8.23423e-21
-8.21047e-21
-8.18327e-21
-8.16662e-21
-8.17377e-21
-8.20249e-21
-8.24143e-21
-8.27958e-21
-8.31449e-21
-8.33875e-21
-8.35554e-21
-8.36214e-21
-8.36334e-21
-8.35387e-21
-8.33306e-21
-8.3008e-21
-8.25984e-21
-8.21396e-21
-8.16326e-21
-8.11607e-21
-8.07692e-21
-8.05014e-21
-8.03966e-21
-8.04386e-21
-8.06636e-21
-8.1045e-21
-8.1523e-21
-8.2019e-21
-8.24519e-21
-8.28288e-21
-8.31083e-21
-8.32612e-21
-8.33125e-21
-8.32848e-21
-8.31612e-21
-8.29788e-21
-8.26881e-21
-8.23529e-21
-8.20166e-21
-8.17953e-21
-8.18015e-21
-8.20303e-21
-8.24818e-21
-8.30496e-21
-8.36568e-21
-8.42749e-21
-8.48206e-21
-8.52684e-21
-8.56013e-21
-8.58264e-21
-8.58839e-21
-8.57799e-21
-8.55847e-21
-8.52663e-21
-8.49079e-21
-8.45662e-21
-8.43083e-21
-8.41802e-21
-8.41633e-21
-8.42465e-21
-8.43844e-21
-8.44863e-21
-8.45385e-21
-8.45385e-21
-8.44912e-21
-8.44054e-21
-8.42346e-21
-8.3994e-21
-8.36666e-21
-8.32322e-21
-8.27231e-21
-8.21878e-21
-8.16405e-21
-8.1108e-21
-8.06965e-21
-8.04555e-21
-8.04839e-21
-8.07956e-21
-8.13477e-21
-8.20523e-21
-8.27506e-21
-8.3377e-21
-8.38473e-21
-8.41409e-21
-8.42423e-21
-8.41915e-21
-8.40164e-21
-8.37823e-21
-8.3524e-21
-8.32722e-21
-8.30167e-21
-8.27464e-21
-8.25159e-21
-8.23007e-21
-8.21076e-21
-8.18879e-21
-8.16164e-21
-8.12381e-21
-8.08158e-21
-8.04217e-21
-8.01577e-21
-8.0071e-21
-8.01688e-21
-8.04045e-21
-8.07202e-21
-8.10407e-21
-8.13275e-21
-8.1616e-21
-8.18992e-21
-8.21985e-21
-8.24963e-21
-8.27722e-21
-8.30015e-21
-8.31689e-21
-8.33304e-21
-8.34635e-21
-8.36219e-21
-8.37603e-21
-8.39009e-21
-8.39496e-21
-8.39081e-21
-8.37192e-21
-8.3422e-21
-8.3034e-21
-8.26138e-21
-8.22191e-21
-8.18986e-21
-8.17213e-21
-8.16488e-21
-8.16506e-21
-8.17309e-21
-8.18404e-21
-8.20313e-21
-8.22251e-21
-8.23835e-21
-8.25072e-21
-8.25655e-21
-8.25203e-21
-8.24036e-21
-8.21851e-21
-8.19186e-21
-8.16319e-21
-8.13671e-21
-8.12037e-21
-8.11434e-21
-8.12114e-21
-8.1391e-21
-8.16129e-21
-8.18582e-21
-8.20727e-21
-8.22613e-21
-8.24502e-21
-8.26589e-21
-8.28889e-21
-8.31461e-21
-8.33488e-21
-8.34515e-21
-8.33764e-21
-8.31306e-21
-8.2735e-21
-8.22506e-21
-8.17389e-21
-8.12704e-21
-8.08965e-21
-8.07169e-21
-8.06296e-21
-8.06396e-21
-8.06804e-21
-8.07315e-21
-8.07582e-21
-8.07621e-21
-8.07636e-21
-8.0722e-21
-8.06809e-21
-8.06187e-21
-8.05597e-21
-8.04895e-21
-8.04074e-21
-8.03021e-21
-8.02172e-21
-8.01745e-21
-8.01846e-21
-8.03036e-21
-8.05128e-21
-8.07455e-21
-8.10481e-21
-8.13559e-21
-8.16487e-21
-8.19231e-21
-8.21582e-21
-8.23176e-21
-8.2385e-21
-8.24277e-21
-8.25147e-21
-8.26827e-21
-8.29661e-21
-8.33744e-21
-8.38859e-21
-8.43749e-21
-8.48553e-21
-8.52211e-21
-8.54857e-21
-8.56329e-21
-8.56662e-21
-8.56302e-21
-8.5522e-21
-8.53511e-21
-8.51341e-21
-8.48604e-21
-8.45377e-21
-8.41971e-21
-8.38713e-21
-8.35626e-21
-8.33223e-21
-8.31555e-21
-8.30874e-21
-8.31114e-21
-8.31901e-21
-8.33231e-21
-8.33895e-21
-8.3381e-21
-8.32409e-21
-8.29812e-21
-8.26052e-21
-8.22535e-21
-8.20015e-21
-8.1914e-21
-8.18905e-21
-8.18716e-21
-8.18645e-21
-8.19309e-21
-8.2216e-21
-8.26971e-21
-8.32829e-21
-8.37986e-21
-8.41132e-21
-8.42154e-21
-8.4105e-21
-8.37862e-21
-8.33149e-21
-8.26653e-21
-8.18933e-21
-8.10927e-21
-8.03256e-21
-7.96852e-21
-7.926e-21
-7.9036e-21
-7.90028e-21
-7.91801e-21
-7.94821e-21
-7.98414e-21
-8.02082e-21
-8.05479e-21
-8.08159e-21
-8.09739e-21
-8.10491e-21
-8.10366e-21
-8.09613e-21
-8.09399e-21
-8.10755e-21
-8.14426e-21
-8.19884e-21
-8.25885e-21
-8.30872e-21
-8.34253e-21
-8.35684e-21
-8.35689e-21
-8.3458e-21
-8.33113e-21
-8.31516e-21
-8.30562e-21
-8.30547e-21
-8.31145e-21
-8.3222e-21
-8.33511e-21
-8.34692e-21
-8.35327e-21
-8.35223e-21
-8.34245e-21
-8.32621e-21
-8.30353e-21
-8.27569e-21
-8.24101e-21
-8.19711e-21
-8.14624e-21
-8.09104e-21
-8.04361e-21
-8.01403e-21
-8.00972e-21
-8.03211e-21
-8.07465e-21
-8.13077e-21
-8.18698e-21
-8.23641e-21
-8.27581e-21
-8.30556e-21
-8.32439e-21
-8.33392e-21
-8.33604e-21
-8.331e-21
-8.3243e-21
-8.31746e-21
-8.30807e-21
-8.29991e-21
-8.29035e-21
-8.27917e-21
-8.2653e-21
-8.25128e-21
-8.23363e-21
-8.21519e-21
-8.19801e-21
-8.17945e-21
-8.16416e-21
-8.15342e-21
-8.14976e-21
-8.15205e-21
-8.16008e-21
-8.17638e-21
-8.18985e-21
-8.19711e-21
-8.19344e-21
-8.17988e-21
-8.15851e-21
-8.13202e-21
-8.10063e-21
-8.06661e-21
-8.03554e-21
-8.00428e-21
-7.97342e-21
-7.94862e-21
-7.93274e-21
-7.92919e-21
-7.93959e-21
-7.96185e-21
-7.9896e-21
-8.02448e-21
-8.06081e-21
-8.09856e-21
-8.14181e-21
-8.18955e-21
-8.23804e-21
-8.28297e-21
-8.3173e-21
-8.33602e-21
-8.33624e-21
-8.31746e-21
-8.28721e-21
-8.24811e-21
-8.20622e-21
-8.16919e-21
-8.14148e-21
-8.12435e-21
-8.11601e-21
-8.11794e-21
-8.12655e-21
-8.14187e-21
-8.16323e-21
-8.1918e-21
-8.21937e-21
-8.24601e-21
-8.26488e-21
-8.28116e-21
-8.29787e-21
-8.31444e-21
-8.33514e-21
-8.35953e-21
-8.38717e-21
-8.41117e-21
-8.42591e-21
-8.43414e-21
-8.43604e-21
-8.43069e-21
-8.42396e-21
-8.41504e-21
-8.40508e-21
-8.39396e-21
-8.38398e-21
-8.36901e-21
-8.34881e-21
-8.32161e-21
-8.28608e-21
-8.24434e-21
-8.19971e-21
-8.1559e-21
-8.11942e-21
-8.09352e-21
-8.07945e-21
-8.08024e-21
-8.09193e-21
-8.11052e-21
-8.13431e-21
-8.16146e-21
-8.18886e-21
-8.21597e-21
-8.23725e-21
-8.25046e-21
-8.25037e-21
-8.23562e-21
-8.20741e-21
-8.16795e-21
-8.11826e-21
-8.06394e-21
-8.01326e-21
-7.97046e-21
-7.9452e-21
-7.94083e-21
-7.96082e-21
-7.9974e-21
-8.04433e-21
-8.08941e-21
-8.12654e-21
-8.15436e-21
-8.17003e-21
-8.18039e-21
-8.18795e-21
-8.18954e-21
-8.18713e-21
-8.17622e-21
-8.16277e-21
-8.14771e-21
-8.13753e-21
-8.13315e-21
-8.13679e-21
-8.14688e-21
-8.16209e-21
-8.18319e-21
-8.20767e-21
-8.23613e-21
-8.26793e-21
-8.29388e-21
-8.31184e-21
-8.31788e-21
-8.31121e-21
-8.29595e-21
-8.27651e-21
-8.256e-21
-8.23643e-21
-8.22449e-21
-8.21662e-21
-8.2118e-21
-8.21571e-21
-8.22966e-21
-8.25486e-21
-8.28481e-21
-8.31799e-21
-8.34549e-21
-8.36278e-21
-8.37033e-21
-8.36536e-21
-8.34859e-21
-8.32427e-21
-8.29805e-21
-8.27389e-21
-8.25158e-21
-8.2396e-21
-8.23806e-21
-8.24624e-21
-8.26433e-21
-8.28977e-21
-8.32183e-21
-8.35443e-21
-8.38127e-21
-8.39989e-21
-8.4064e-21
-8.39993e-21
-8.37989e-21
-8.35064e-21
-8.32116e-21
-8.29598e-21
-8.28144e-21
-8.27751e-21
-8.28502e-21
-8.29977e-21
-8.32072e-21
-8.34873e-21
-8.37821e-21
-8.40769e-21
-8.43279e-21
-8.44781e-21
-8.44865e-21
-8.43685e-21
-8.41341e-21
-8.38436e-21
-8.35178e-21
-8.31896e-21
-8.2837e-21
-8.25023e-21
-8.21868e-21
-8.19642e-21
-8.18755e-21
-8.19289e-21
-8.21249e-21
-8.23672e-21
-8.25529e-21
-8.2614e-21
-8.24771e-21
-8.21818e-21
-8.17406e-21
-8.12565e-21
-8.07826e-21
-8.03552e-21
-7.99788e-21
-7.97342e-21
-7.96086e-21
-7.96011e-21
-7.96491e-21
-7.97974e-21
-8.00771e-21
-8.05105e-21
-8.1167e-21
-8.18997e-21
-8.25757e-21
-8.31348e-21
-8.3528e-21
-8.37533e-21
-8.38686e-21
-8.39222e-21
-8.38982e-21
-8.38538e-21
-8.37721e-21
-8.36498e-21
-8.34807e-21
-8.32854e-21
-8.30785e-21
-8.28557e-21
-8.26153e-21
-8.23966e-21
-8.22279e-21
-8.21734e-21
-8.22705e-21
-8.25371e-21
-8.29169e-21
-8.34249e-21
-8.3974e-21
-8.45359e-21
-8.50429e-21
-8.54166e-21
-8.56773e-21
-8.57792e-21
-8.57447e-21
-8.55724e-21
-8.52791e-21
-8.48917e-21
-8.44306e-21
-8.39357e-21
-8.34721e-21
-8.30179e-21
-8.25965e-21
-8.22266e-21
-8.19213e-21
-8.16838e-21
-8.1478e-21
-8.13623e-21
-8.12887e-21
-8.1281e-21
-8.13621e-21
-8.15457e-21
-8.17933e-21
-8.2126e-21
-8.24544e-21
-8.27474e-21
-8.29565e-21
-8.30421e-21
-8.30003e-21
-8.28596e-21
-8.26642e-21
-8.24913e-21
-8.23714e-21
-8.2382e-21
-8.2474e-21
-8.26425e-21
-8.28442e-21
-8.3039e-21
-8.31642e-21
-8.32531e-21
-8.32782e-21
-8.32528e-21
-8.32056e-21
-8.31307e-21
-8.30489e-21
-8.29847e-21
-8.29636e-21
-8.30792e-21
-8.33002e-21
-8.36155e-21
-8.39452e-21
-8.42198e-21
-8.43616e-21
-8.43731e-21
-8.42077e-21
-8.38947e-21
-8.34996e-21
-8.31061e-21
-8.28029e-21
-8.26324e-21
-8.25828e-21
-8.26292e-21
-8.27074e-21
-8.28461e-21
-8.30024e-21
-8.31906e-21
-8.33514e-21
-8.3504e-21
-8.36445e-21
-8.37376e-21
-8.38159e-21
-8.38276e-21
-8.37839e-21
-8.36448e-21
-8.34534e-21
-8.31981e-21
-8.28715e-21
-8.2552e-21
-8.22302e-21
-8.19619e-21
-8.17581e-21
-8.16316e-21
-8.16039e-21
-8.16805e-21
-8.18284e-21
-8.19569e-21
-8.20473e-21
-8.20792e-21
-8.20137e-21
-8.18312e-21
-8.15373e-21
-8.11344e-21
-8.06879e-21
-8.02648e-21
-7.99566e-21
-7.98229e-21
-7.98254e-21
-7.99398e-21
-8.00951e-21
-8.02672e-21
-8.04359e-21
-8.06034e-21
-8.07891e-21
-8.10049e-21
-8.12679e-21
-8.15307e-21
-8.18347e-21
-8.21682e-21
-8.25604e-21
-8.30032e-21
-8.34998e-21
-8.40052e-21
-8.45212e-21
-8.49527e-21
-8.52901e-21
-8.55288e-21
-8.56452e-21
-8.5631e-21
-8.54802e-21
-8.52223e-21
-8.48612e-21
-8.44798e-21
-8.4121e-21
-8.3863e-21
-8.36974e-21
-8.36481e-21
-8.36859e-21
-8.37673e-21
-8.38174e-21
-8.38005e-21
-8.3687e-21
-8.34929e-21
-8.32351e-21
-8.29834e-21
-8.27143e-21
-8.2467e-21
-8.22478e-21
-8.2062e-21
-8.18751e-21
-8.16996e-21
-8.14914e-21
-8.1265e-21
-8.10169e-21
-8.08025e-21
-8.0667e-21
-8.06386e-21
-8.07132e-21
-8.09042e-21
-8.12298e-21
-8.15991e-21
-8.19631e-21
-8.22696e-21
-8.24981e-21
-8.26662e-21
-8.2793e-21
-8.29193e-21
-8.29884e-21
-8.30132e-21
-8.29529e-21
-8.27556e-21
-8.24563e-21
-8.20718e-21
-8.17119e-21
-8.1426e-21
-8.12743e-21
-8.12875e-21
-8.143e-21
-8.16779e-21
-8.20033e-21
-8.23026e-21
-8.25369e-21
-8.26745e-21
-8.27076e-21
-8.26478e-21
-8.25081e-21
-8.23597e-21
-8.22773e-21
-8.22799e-21
-8.23675e-21
-8.24983e-21
-8.26243e-21
-8.27352e-21
-8.28222e-21
-8.29056e-21
-8.29674e-21
-8.30703e-21
-8.31773e-21
-8.32869e-21
-8.34131e-21
-8.35751e-21
-8.37569e-21
-8.39557e-21
-8.41429e-21
-8.4292e-21
-8.43794e-21
-8.44453e-21
-8.44493e-21
-8.44264e-21
-8.43905e-21
-8.43906e-21
-8.43696e-21
-8.43654e-21
-8.43161e-21
-8.41982e-21
-8.39819e-21
-8.36925e-21
-8.33718e-21
-8.30715e-21
-8.28137e-21
-8.25981e-21
-8.23782e-21
-8.21586e-21
-8.18635e-21
-8.15218e-21
-8.11397e-21
-8.07735e-21
-8.04547e-21
-8.02626e-21
-8.02316e-21
-8.04048e-21
-8.07593e-21
-8.12297e-21
-8.17061e-21
-8.21025e-21
-8.2405e-21
-8.25547e-21
-8.26142e-21
-8.26111e-21
-8.26378e-21
-8.26897e-21
-8.27793e-21
-8.28676e-21
-8.28719e-21
-8.27592e-21
-8.24853e-21
-8.20918e-21
-8.16319e-21
-8.12879e-21
-8.11711e-21
-8.1378e-21
-8.18052e-21
-8.2282e-21
-8.27343e-21
-8.31131e-21
-8.33923e-21
-8.35379e-21
-8.35477e-21
-8.3466e-21
-8.32507e-21
-8.29259e-21
-8.25261e-21
-8.20865e-21
-8.16805e-21
-8.13696e-21
-8.11891e-21
-8.11283e-21
-8.11266e-21
-8.11225e-21
-8.11114e-21
-8.10317e-21
-8.08833e-21
-8.06651e-21
-8.04205e-21
-8.01678e-21
-7.99414e-21
-7.98007e-21
-7.97861e-21
-7.98713e-21
-8.00653e-21
-8.03511e-21
-8.06388e-21
-8.09222e-21
-8.11567e-21
-8.13713e-21
-8.15864e-21
-8.18293e-21
-8.20905e-21
-8.23752e-21
-8.26305e-21
-8.27869e-21
-8.2814e-21
-8.27291e-21
-8.25223e-21
-8.22419e-21
-8.19679e-21
-8.18295e-21
-8.1819e-21
-8.1961e-21
-8.21458e-21
-8.23424e-21
-8.24831e-21
-8.2476e-21
-8.23281e-21
-8.20998e-21
-8.18101e-21
-8.15599e-21
-8.14699e-21
-8.15909e-21
-8.18847e-21
-8.2232e-21
-8.2515e-21
-8.26653e-21
-8.26489e-21
-8.25119e-21
-8.23438e-21
-8.22006e-21
-8.21598e-21
-8.21752e-21
-8.22326e-21
-8.22595e-21
-8.22286e-21
-8.21075e-21
-8.19057e-21
-8.16712e-21
-8.14364e-21
-8.12689e-21
-8.11681e-21
-8.11363e-21
-8.11546e-21
-8.1151e-21
-8.11002e-21
-8.09922e-21
-8.08288e-21
-8.0661e-21
-8.04765e-21
-8.03285e-21
-8.0157e-21
-8.00188e-21
-7.99442e-21
-8.00066e-21
-8.02368e-21
-8.06425e-21
-8.11395e-21
-8.16908e-21
-8.2173e-21
-8.25168e-21
-8.26886e-21
-8.26924e-21
-8.25617e-21
-8.23093e-21
-8.20253e-21
-8.17539e-21
-8.15953e-21
-8.16118e-21
-8.18011e-21
-8.21719e-21
-8.269e-21
-8.32144e-21
-8.3732e-21
-8.41701e-21
-8.45103e-21
-8.4725e-21
-8.47677e-21
-8.46617e-21
-8.44394e-21
-8.41964e-21
-8.39671e-21
-8.3803e-21
-8.37578e-21
-8.37205e-21
-8.36616e-21
-8.35742e-21
-8.34096e-21
-8.3214e-21
-8.30193e-21
-8.28495e-21
-8.27095e-21
-8.26423e-21
-8.25831e-21
-8.25466e-21
-8.24733e-21
-8.23629e-21
-8.21981e-21
-8.19872e-21
-8.17251e-21
-8.14952e-21
-8.14194e-21
-8.15628e-21
-8.19293e-21
-8.23536e-21
-8.26764e-21
-8.28013e-21
-8.27327e-21
-8.24786e-21
-8.21089e-21
-8.17271e-21
-8.14725e-21
-8.14806e-21
-8.17626e-21
-8.22045e-21
-8.26636e-21
-8.30801e-21
-8.33543e-21
-8.34606e-21
-8.33882e-21
-8.31597e-21
-8.27736e-21
-8.23216e-21
-8.18964e-21
-8.15288e-21
-8.13222e-21
-8.12321e-21
-8.13108e-21
-8.15232e-21
-8.18324e-21
-8.21867e-21
-8.26016e-21
-8.299e-21
-8.33868e-21
-8.37445e-21
-8.40108e-21
-8.41703e-21
-8.42115e-21
-8.41124e-21
-8.39723e-21
-8.37877e-21
-8.36581e-21
-8.35691e-21
-8.35518e-21
-8.35591e-21
-8.35713e-21
-8.35241e-21
-8.34035e-21
-8.32124e-21
-8.29646e-21
-8.26776e-21
-8.23714e-21
-8.20528e-21
-8.16959e-21
-8.13618e-21
-8.10494e-21
-8.0781e-21
-8.05931e-21
-8.05085e-21
-8.05455e-21
-8.0744e-21
-8.10773e-21
-8.14961e-21
-8.19136e-21
-8.22416e-21
-8.24728e-21
-8.25988e-21
-8.26478e-21
-8.26086e-21
-8.25618e-21
-8.25011e-21
-8.24682e-21
-8.24491e-21
-8.25064e-21
-8.26008e-21
-8.27681e-21
-8.29953e-21
-8.32339e-21
-8.34491e-21
-8.36229e-21
-8.37113e-21
-8.37481e-21
-8.37386e-21
-8.36961e-21
-8.36424e-21
-8.35801e-21
-8.35035e-21
-8.34064e-21
-8.32799e-21
-8.31518e-21
-8.30438e-21
-8.30057e-21
-8.30327e-21
-8.30844e-21
-8.31546e-21
-8.31274e-21
-8.30147e-21
-8.28032e-21
-8.24916e-21
-8.20677e-21
-8.16309e-21
-8.11634e-21
-8.07284e-21
-8.03864e-21
-8.01163e-21
-7.99618e-21
-7.98561e-21
-7.9842e-21
-7.99122e-21
-8.01078e-21
-8.04905e-21
-8.10645e-21
-8.17846e-21
-8.26293e-21
-8.3451e-21
-8.42028e-21
-8.486e-21
-8.5389e-21
-8.57556e-21
-8.6007e-21
-8.61223e-21
-8.61562e-21
-8.60422e-21
-8.58293e-21
-8.54763e-21
-8.50392e-21
-8.45064e-21
-8.39296e-21
-8.33232e-21
-8.27504e-21
-8.22732e-21
-8.19635e-21
-8.1853e-21
-8.19322e-21
-8.21785e-21
-8.25025e-21
-8.28347e-21
-8.31285e-21
-8.33852e-21
-8.36317e-21
-8.38845e-21
-8.4125e-21
-8.4331e-21
-8.446e-21
-8.44686e-21
-8.43226e-21
-8.40078e-21
-8.35431e-21
-8.2938e-21
-8.22827e-21
-8.16682e-21
-8.11684e-21
-8.08327e-21
-8.06741e-21
-8.06889e-21
-8.08705e-21
-8.12227e-21
-8.16819e-21
-8.22101e-21
-8.27774e-21
-8.3299e-21
-8.37606e-21
-8.41181e-21
-8.43404e-21
-8.43551e-21
-8.42001e-21
-8.39054e-21
-8.34983e-21
-8.30435e-21
-8.26193e-21
-8.22078e-21
-8.1846e-21
-8.15442e-21
-8.12957e-21
-8.11712e-21
-8.12213e-21
-8.14622e-21
-8.18626e-21
-8.24109e-21
-8.30059e-21
-8.35673e-21
-8.40202e-21
-8.43271e-21
-8.45433e-21
-8.46621e-21
-8.47152e-21
-8.47114e-21
-8.46823e-21
-8.45845e-21
-8.44408e-21
-8.42247e-21
-8.39454e-21
-8.36012e-21
-8.32565e-21
-8.29953e-21
-8.28774e-21
-8.29288e-21
-8.30872e-21
-8.3273e-21
-8.34135e-21
-8.35325e-21
-8.35957e-21
-8.35791e-21
-8.34701e-21
-8.32193e-21
-8.28414e-21
-8.23605e-21
-8.18007e-21
-8.12285e-21
-8.07252e-21
-8.03485e-21
-8.01324e-21
-8.01291e-21
-8.03085e-21
-8.06332e-21
-8.10926e-21
-8.15978e-21
-8.20935e-21
-8.25678e-21
-8.29589e-21
-8.32886e-21
-8.35273e-21
-8.36471e-21
-8.37321e-21
-8.37662e-21
-8.37849e-21
-8.37742e-21
-8.37184e-21
-8.36207e-21
-8.35453e-21
-8.35117e-21
-8.35576e-21
-8.36686e-21
-8.38193e-21
-8.39384e-21
-8.39839e-21
-8.39094e-21
-8.37261e-21
-8.34509e-21
-8.30564e-21
-8.25599e-21
-8.20044e-21
-8.14646e-21
-8.09846e-21
-8.06039e-21
-8.02857e-21
-8.005e-21
-7.98472e-21
-7.97042e-21
-7.96531e-21
-7.97576e-21
-7.99843e-21
-8.03796e-21
-8.08715e-21
-8.13992e-21
-8.18918e-21
-8.22804e-21
-8.25572e-21
-8.27585e-21
-8.29324e-21
-8.30309e-21
-8.31447e-21
-8.32311e-21
-8.33495e-21
-8.3475e-21
-8.36268e-21
-8.38109e-21
-8.40064e-21
-8.4214e-21
-8.4382e-21
-8.45443e-21
-8.46843e-21
-8.48138e-21
-8.48896e-21
-8.48828e-21
-8.47975e-21
-8.46111e-21
-8.43125e-21
-8.39389e-21
-8.35034e-21
-8.3026e-21
-8.2592e-21
-8.22969e-21
-8.21651e-21
-8.2237e-21
-8.24197e-21
-8.26622e-21
-8.29163e-21
-8.31287e-21
-8.32936e-21
-8.33805e-21
-8.33805e-21
-8.33093e-21
-8.31835e-21
-8.30748e-21
-8.29798e-21
-8.29261e-21
-8.29585e-21
-8.30521e-21
-8.3177e-21
-8.32731e-21
-8.32653e-21
-8.31351e-21
-8.28897e-21
-8.2543e-21
-8.21816e-21
-8.19464e-21
-8.19544e-21
-8.22811e-21
-8.28538e-21
-8.34957e-21
-8.40347e-21
-8.44302e-21
-8.46641e-21
-8.47441e-21
-8.47074e-21
-8.45598e-21
-8.4367e-21
-8.40705e-21
-8.37515e-21
-8.34014e-21
-8.30619e-21
-8.2777e-21
-8.25229e-21
-8.22516e-21
-8.1986e-21
-8.179e-21
-8.16656e-21
-8.15907e-21
-8.15837e-21
-8.16093e-21
-8.16382e-21
-8.16726e-21
-8.17167e-21
-8.18326e-21
-8.20173e-21
-8.22317e-21
-8.24633e-21
-8.27033e-21
-8.29498e-21
-8.31917e-21
-8.34275e-21
-8.36747e-21
-8.38731e-21
-8.40389e-21
-8.41345e-21
-8.41427e-21
-8.40453e-21
-8.38499e-21
-8.36005e-21
-8.33139e-21
-8.30182e-21
-8.27078e-21
-8.24104e-21
-8.21421e-21
-8.19633e-21
-8.18877e-21
-8.19536e-21
-8.20894e-21
-8.22269e-21
-8.23145e-21
-8.2325e-21
-8.22958e-21
-8.22278e-21
-8.21381e-21
-8.1997e-21
-8.18674e-21
-8.17042e-21
-8.15718e-21
-8.15252e-21
-8.15987e-21
-8.18041e-21
-8.21566e-21
-8.25803e-21
-8.30096e-21
-8.33563e-21
-8.35353e-21
-8.35176e-21
-8.33392e-21
-8.30681e-21
-8.27259e-21
-8.24463e-21
-8.21767e-21
-8.19421e-21
-8.17491e-21
-8.15853e-21
-8.14404e-21
-8.13602e-21
-8.1359e-21
-8.14416e-21
-8.16073e-21
-8.17915e-21
-8.19594e-21
-8.20618e-21
-8.20598e-21
-8.20083e-21
-8.18819e-21
-8.17203e-21
-8.15678e-21
-8.14783e-21
-8.14942e-21
-8.16087e-21
-8.18116e-21
-8.2066e-21
-8.23636e-21
-8.26736e-21
-8.29502e-21
-8.32253e-21
-8.34259e-21
-8.35424e-21
-8.35451e-21
-8.34205e-21
-8.32015e-21
-8.28585e-21
-8.24747e-21
-8.20755e-21
-8.16992e-21
-8.1395e-21
-8.11785e-21
-8.10502e-21
-8.10155e-21
-8.10993e-21
-8.12567e-21
-8.15042e-21
-8.17999e-21
-8.21334e-21
-8.24655e-21
-8.27347e-21
-8.29374e-21
-8.31068e-21
-8.32012e-21
-8.32206e-21
-8.32186e-21
-8.31942e-21
-8.31357e-21
-8.30906e-21
-8.30891e-21
-8.31404e-21
-8.32783e-21
-8.34931e-21
-8.37844e-21
-8.41413e-21
-8.45842e-21
-8.50112e-21
-8.54283e-21
-8.5812e-21
-8.60861e-21
-8.62257e-21
-8.61954e-21
-8.60173e-21
-8.57311e-21
-8.53834e-21
-8.50472e-21
-8.47098e-21
-8.44542e-21
-8.42418e-21
-8.40656e-21
-8.38792e-21
-8.37014e-21
-8.3484e-21
-8.32085e-21
-8.28929e-21
-8.25667e-21
-8.22551e-21
-8.20282e-21
-8.19465e-21
-8.20625e-21
-8.23266e-21
-8.26732e-21
-8.30309e-21
-8.32775e-21
-8.33561e-21
-8.32796e-21
-8.30348e-21
-8.26013e-21
-8.20171e-21
-8.13146e-21
-8.05664e-21
-7.98307e-21
-7.92092e-21
-7.87494e-21
-7.84665e-21
-7.83723e-21
-7.84202e-21
-7.86158e-21
-7.896e-21
-7.94651e-21
-8.01322e-21
-8.08566e-21
-8.15947e-21
-8.2265e-21
-8.2778e-21
-8.31384e-21
-8.32638e-21
-8.32434e-21
-8.31148e-21
-8.29244e-21
-8.275e-21
-8.26266e-21
-8.2571e-21
-8.25954e-21
-8.26622e-21
-8.27945e-21
-8.29132e-21
-8.30081e-21
-8.30479e-21
-8.30512e-21
-8.29677e-21
-8.28752e-21
-8.27633e-21
-8.26528e-21
-8.25591e-21
-8.24865e-21
-8.23763e-21
-8.22422e-21
-8.212e-21
-8.19827e-21
-8.18748e-21
-8.18227e-21
-8.18308e-21
-8.19523e-21
-8.21497e-21
-8.24019e-21
-8.26422e-21
-8.2828e-21
-8.29103e-21
-8.29243e-21
-8.29088e-21
-8.28863e-21
-8.28153e-21
-8.26679e-21
-8.24534e-21
-8.21996e-21
-8.1952e-21
-8.17586e-21
-8.16644e-21
-8.16756e-21
-8.17868e-21
-8.20046e-21
-8.22579e-21
-8.2461e-21
-8.25921e-21
-8.26069e-21
-8.24562e-21
-8.21215e-21
-8.16964e-21
-8.1237e-21
-8.08149e-21
-8.05599e-21
-8.04915e-21
-8.06304e-21
-8.09223e-21
-8.13064e-21
-8.16917e-21
-8.20459e-21
-8.23274e-21
-8.25677e-21
-8.27427e-21
-8.29182e-21
-8.30816e-21
-8.32685e-21
-8.34511e-21
-8.36456e-21
-8.38087e-21
-8.39282e-21
-8.39899e-21
-8.39778e-21
-8.38966e-21
-8.37734e-21
-8.35739e-21
-8.33613e-21
-8.31448e-21
-8.29566e-21
-8.28392e-21
-8.27977e-21
-8.28154e-21
-8.28678e-21
-8.28881e-21
-8.28291e-21
-8.26657e-21
-8.23925e-21
-8.19716e-21
-8.14438e-21
-8.08663e-21
-8.03676e-21
-8.00398e-21
-7.99254e-21
-8.00286e-21
-8.03084e-21
-8.06918e-21
-8.11205e-21
-8.15777e-21
-8.20182e-21
-8.24507e-21
-8.28604e-21
-8.32364e-21
-8.35806e-21
-8.38803e-21
-8.41029e-21
-8.42261e-21
-8.42187e-21
-8.4044e-21
-8.37166e-21
-8.33279e-21
-8.29217e-21
-8.25498e-21
-8.22399e-21
-8.19682e-21
-8.16846e-21
-8.13809e-21
-8.10627e-21
-8.07269e-21
-8.04372e-21
-8.02653e-21
-8.02072e-21
-8.02168e-21
-8.02038e-21
-8.01513e-21
-8.00287e-21
-7.98885e-21
-7.99089e-21
-8.01876e-21
-8.06929e-21
-8.13563e-21
-8.20303e-21
-8.25905e-21
-8.29423e-21
-8.30419e-21
-8.28972e-21
-8.26075e-21
-8.22275e-21
-8.18952e-21
-8.17066e-21
-8.17713e-21
-8.20366e-21
-8.24189e-21
-8.28e-21
-8.3062e-21
-8.32185e-21
-8.32611e-21
-8.32161e-21
-8.31365e-21
-8.30842e-21
-8.30518e-21
-8.30402e-21
-8.30102e-21
-8.29503e-21
-8.28443e-21
-8.27002e-21
-8.25269e-21
-8.23972e-21
-8.23164e-21
-8.2279e-21
-8.22571e-21
-8.22545e-21
-8.22862e-21
-8.22746e-21
-8.22625e-21
-8.23061e-21
-8.23894e-21
-8.2498e-21
-8.25977e-21
-8.25869e-21
-8.24405e-21
-8.21017e-21
-8.15843e-21
-8.0916e-21
-8.01716e-21
-7.94484e-21
-7.89034e-21
-7.86704e-21
-7.88442e-21
-7.93228e-21
-7.99288e-21
-8.05204e-21
-8.10219e-21
-8.13638e-21
-8.15707e-21
-8.1676e-21
-8.16694e-21
-8.14934e-21
-8.11905e-21
-8.08298e-21
-8.04355e-21
-8.01034e-21
-7.99513e-21
-7.9999e-21
-8.02511e-21
-8.0646e-21
-8.11303e-21
-8.16763e-21
-8.22802e-21
-8.29156e-21
-8.35623e-21
-8.41883e-21
-8.47306e-21
-8.50852e-21
-8.52314e-21
-8.51452e-21
-8.48798e-21
-8.44342e-21
-8.38422e-21
-8.31977e-21
-8.25466e-21
-8.19516e-21
-8.14837e-21
-8.12146e-21
-8.11293e-21
-8.12709e-21
-8.15963e-21
-8.20398e-21
-8.24723e-21
-8.28061e-21
-8.29742e-21
-8.29426e-21
-8.27119e-21
-8.23522e-21
-8.18824e-21
-8.13752e-21
-8.08905e-21
-8.04624e-21
-8.01557e-21
-7.99825e-21
-7.9978e-21
-8.01216e-21
-8.03938e-21
-8.07062e-21
-8.10606e-21
-8.1416e-21
-8.17063e-21
-8.1916e-21
-8.19972e-21
-8.19253e-21
-8.17279e-21
-8.14388e-21
-8.11031e-21
-8.08137e-21
-8.06321e-21
-8.05811e-21
-8.06817e-21
-8.09178e-21
-8.12056e-21
-8.14983e-21
-8.17668e-21
-8.19268e-21
-8.19859e-21
-8.1905e-21
-8.16865e-21
-8.13508e-21
-8.09855e-21
-8.06381e-21
-8.03692e-21
-8.02297e-21
-8.02025e-21
-8.02657e-21
-8.03717e-21
-8.05272e-21
-8.07493e-21
-8.10331e-21
-8.13594e-21
-8.16608e-21
-8.18955e-21
-8.20458e-21
-8.21485e-21
-8.2252e-21
-8.23952e-21
-8.2564e-21
-8.27275e-21
-8.28797e-21
-8.30115e-21
-8.31418e-21
-8.33079e-21
-8.35452e-21
-8.38425e-21
-8.41559e-21
-8.44499e-21
-8.46991e-21
-8.49353e-21
-8.51218e-21
