131.896
131.529
130.873
129.889
128.522
126.703
124.348
121.36
117.651
113.142
107.798
101.657
94.8695
87.7103
80.5709
73.9072
68.1484
63.6158
60.4739
58.7205
58.2212
58.7537
60.0557
61.8614
63.931
66.0651
68.1099
69.959
71.55
72.8577
73.8807
74.6331
75.1289
75.3747
75.3686
75.108
74.5979
73.8607
72.9429
71.9159
70.8659
69.8889
69.0856
68.5476
68.3435
68.4969
68.9717
69.6796
70.5052
71.3356
72.077
72.6635
73.0534
73.2307
73.2023
73.0021
72.6855
72.324
71.9928
71.7546
71.6512
71.6944
71.8688
72.1396
72.4633
72.7962
73.0995
73.3414
73.4966
73.5441
73.4662
73.2505
72.89
72.3901
71.7766
71.0983
70.4265
69.8356
69.3784
69.0692
68.8803
68.7633
68.6745
68.5854
68.478
68.3348
68.1322
67.85
67.4901
67.0847
66.6922
66.3814
66.2115
66.2182
66.4068
66.7548
67.2193
67.7484
68.2855
68.7752
69.1665
69.412
69.4761
69.3406
69.0134
68.53
67.9499
67.3445
66.785
66.3266
66.0021
65.8199
65.771
65.8394
66.0072
66.2596
66.584
66.9681
67.3942
67.8301
68.2264
68.5227
68.6662
68.6392
68.4805
68.2856
68.1884
68.3166
68.7475
69.4825
70.4453
71.5102
72.5372
73.4097
74.0568
74.4607
74.6494
74.6819
74.6263
74.543
74.47
74.4162
74.3656
74.2898
74.1545
73.9288
73.5951
73.1558
72.6338
72.0737
71.5295
71.0589
70.7006
70.4664
70.3362
70.2667
70.2127
70.145
70.0601
69.9799
69.9413
69.9879
70.1552
70.4623
70.9041
71.4466
72.0312
72.5819
73.0162
73.2591
73.2542
72.9768
72.4478
71.7354
70.9447
70.186
69.5406
69.0359
68.6475
68.3248
68.0276
67.752
67.5355
67.4428
67.5378
67.8573
68.3854
69.0541
69.7603
70.3972
70.8801
71.1618
71.2361
71.1282
70.8844
70.5532
70.1775
69.7817
69.3781
68.9783
68.5989
68.2708
68.0409
67.9614
68.0818
68.4353
69.0275
69.829
70.7782
71.791
72.7744
73.639
74.3123
74.7445
74.9072
74.7933
74.4173
73.8122
73.0307
72.1446
71.2337
70.3773
69.6432
69.0725
68.6761
68.437
68.3173
68.2753
68.2759
68.3005
68.3458
68.4198
68.5362
68.7043
68.9232
69.1754
69.4323
69.6571
69.8149
69.8819
69.8488
69.7235
69.5308
69.3101
69.105
68.9565
68.8948
68.9327
69.063
69.2608
198.689
197.273
194.515
190.459
185.272
179.255
172.812
166.365
160.275
154.812
150.18
146.54
143.971
142.431
141.739
141.613
141.763
141.989
142.232
142.563
143.12
143.993
145.147
146.413
147.559
148.392
148.829
148.905
148.74
148.505
148.421
148.757
149.739
151.403
153.54
155.81
157.93
159.75
161.212
162.274
162.873
162.924
162.315
160.921
158.662
155.606
152.075
148.672
146.127
144.946
145.106
146.087
147.207
147.912
147.939
147.308
146.243
145.028
143.867
142.832
141.914
141.093
140.351
139.637
138.858
137.921
136.801
135.603
134.606
134.215
134.818
136.583
139.358
142.712
146.133
149.21
151.722
153.61
154.895
155.608
155.792
155.517
154.896
154.069
153.163
152.263
151.404
150.607
149.924
149.475
149.432
149.925
150.941
152.314
153.823
155.311
156.717
158.035
159.212
160.082
160.385
159.878
158.488
156.411
154.055
151.817
149.868
148.198
146.809
145.732
144.877
143.972
142.75
141.128
139.245
137.368
135.781
134.719
134.367
134.84
136.131
138.108
140.615
143.549
146.849
150.415
154.066
157.545
160.563
162.859
164.238
164.593
163.917
162.305
159.968
157.25
154.604
152.464
151.071
150.358
150.052
149.927
149.97
150.303
150.956
151.728
152.276
152.306
151.68
150.408
148.599
146.432
144.163
142.093
140.501
139.542
139.21
139.381
139.86
140.41
140.751
140.638
139.989
138.981
138.04
137.658
138.101
139.169
140.213
140.448
139.445
137.578
136.076
136.163
137.865
140.136
142.011
143.156
143.661
143.717
143.472
143.007
142.384
141.687
141.048
140.606
140.434
140.493
140.673
140.906
141.242
141.831
142.787
144.076
145.532
146.963
148.27
149.458
150.582
151.666
152.68
153.571
154.303
154.876
155.304
155.592
155.727
155.701
155.532
155.277
155.017
154.831
154.772
154.845
154.995
155.091
154.943
154.358
153.224
151.562
149.53
147.394
145.478
144.145
143.705
144.268
145.637
147.377
149.035
150.329
151.191
151.702
151.999
152.201
152.372
152.506
152.55
152.414
151.995
151.195
149.977
148.414
146.689
145.054
143.745
142.927
142.68
142.988
143.719
144.644
113.175
114.318
115.393
116.178
116.579
116.668
116.647
116.699
116.862
117.053
117.189
117.266
117.361
117.583
118.028
118.743
119.729
120.925
122.221
123.459
124.469
125.105
125.294
125.055
124.464
123.61
122.562
121.394
120.215
119.173
118.425
118.048
118.008
118.185
118.457
118.746
119.03
119.313
119.584
119.813
119.968
120.036
120.04
120.014
120.001
120.042
120.171
120.407
120.729
121.076
121.366
121.539
121.58
121.511
121.36
121.153
120.916
120.676
120.44
120.168
119.764
119.107
118.097
116.705
115.003
113.152
111.37
109.898
108.967
108.743
109.245
110.3
111.618
112.915
114
114.786
115.29
115.596
115.788
115.881
115.817
115.539
115.082
114.601
114.315
114.42
115.003
116.034
117.404
118.98
120.639
122.281
123.837
125.269
126.571
127.752
128.815
129.754
130.547
131.16
131.549
131.664
131.464
130.965
130.289
129.666
129.336
129.39
129.717
130.09
130.305
130.249
129.9
129.304
128.557
127.789
127.144
126.761
126.74
127.108
127.792
128.626
129.371
129.768
129.603
128.779
127.382
125.705
124.167
123.151
122.876
123.351
124.404
125.77
127.183
128.416
129.296
129.693
129.529
128.802
127.61
126.131
124.592
123.225
122.22
121.697
121.689
122.165
123.061
124.316
125.862
127.601
129.387
131.037
132.361
133.201
133.464
133.145
132.332
131.192
129.927
128.721
127.695
126.903
126.335
125.956
125.714
125.558
125.428
125.241
124.907
124.345
123.536
122.572
121.665
121.089
121.05
121.567
122.473
123.527
124.503
125.226
125.559
125.407
124.744
123.67
122.443
121.446
121.063
121.507
122.714
124.387
126.135
127.629
128.681
129.262
129.489
129.555
129.654
129.889
130.237
130.592
130.829
130.847
130.596
130.075
129.343
128.492
127.626
126.831
126.148
125.553
124.951
124.207
123.231
122.104
121.115
120.583
120.585
120.938
121.399
121.86
122.352
122.942
123.648
124.374
124.933
125.109
124.753
123.838
122.481
120.929
119.525
118.646
118.584
119.428
121.014
122.988
124.947
126.55
127.57
127.897
127.543
126.626
125.339
123.885
122.399
120.921
119.441
117.975
133.641
132.084
130.715
129.672
129.045
128.898
129.299
130.276
131.766
133.564
135.351
136.776
137.542
137.479
136.566
134.932
132.837
130.622
128.636
127.15
126.34
126.364
127.438
129.717
133.032
136.818
140.409
143.346
145.455
146.743
147.296
147.221
146.627
145.648
144.442
143.186
142.029
141.061
140.31
139.772
139.432
139.266
139.229
139.259
139.305
139.352
139.422
139.564
139.811
140.145
140.477
140.684
140.67
140.435
140.088
139.777
139.593
139.524
139.486
139.414
139.34
139.383
139.65
140.098
140.497
140.561
140.092
139.044
137.505
135.653
133.721
131.965
130.612
129.839
129.779
130.492
131.899
133.735
135.632
137.263
138.438
139.1
139.265
138.982
138.303
137.291
136.022
134.577
133.049
131.576
130.355
129.616
129.549
130.199
131.414
132.888
134.305
135.49
136.482
137.463
138.622
140.04
141.658
143.312
144.795
145.908
146.516
146.572
146.139
145.367
144.442
143.513
142.64
141.82
141.054
140.412
140.04
140.086
140.606
141.507
142.592
143.673
144.659
145.542
146.322
146.906
147.094
146.661
145.502
143.742
141.74
139.965
138.781
138.288
138.313
138.552
138.71
138.57
138.01
137.004
135.628
134.024
132.355
130.781
129.477
128.614
128.305
128.537
129.174
130.036
130.985
131.974
132.986
133.957
134.795
135.486
136.181
137.153
138.604
140.498
142.582
144.546
146.174
147.394
148.215
148.636
148.611
148.118
147.229
146.113
144.952
143.865
142.885
142.023
141.31
140.759
140.321
139.873
139.27
138.42
137.31
136.006
134.629
133.327
132.272
131.663
131.682
132.402
133.693
135.251
136.778
138.094
139.154
140.02
140.826
141.714
142.73
143.782
144.668
145.165
145.096
144.363
142.965
140.981
138.564
135.936
133.362
131.118
129.444
128.497
128.327
128.884
130.03
131.569
133.271
134.898
136.236
137.112
137.426
137.165
136.431
135.447
134.542
134.097
134.419
135.585
137.38
139.429
141.388
143.057
144.371
145.343
146.013
146.414
146.575
146.499
146.164
145.504
144.423
142.831
140.698
138.107
135.277
132.544
130.272
128.702
127.849
127.524
127.467
127.478
127.482
127.508
127.624
127.861
128.156
128.35
128.239
127.667
126.633
125.359
124.256
123.746
124.065
125.206
127.017
129.309
131.86
134.389
136.552
138.016
138.545
138.059
136.664
134.624
132.317
130.158
128.526
127.693
127.772
128.701
130.252
132.064
133.708
134.763
134.937
134.188
132.79
131.235
129.95
129.045
128.346
127.595
126.587
125.203
123.456
121.552
119.892
118.921
118.887
119.714
121.115
122.792
124.548
126.295
128.033
129.802
131.623
133.427
135.029
136.176
136.625
136.243
135.137
133.774
132.905
133.129
134.443
136.334
138.256
139.893
141.141
141.991
142.447
142.488
142.067
141.139
139.692
137.779
135.527
133.14
130.861
128.935
127.575
126.942
127.133
128.153
129.886
132.091
134.452
136.667
138.519
139.895
140.767
141.158
141.093
140.578
139.609
138.218
136.552
134.936
133.837
133.705
134.743
136.814
139.548
142.546
145.488
148.16
150.407
152.111
153.17
153.52
153.159
152.163
150.697
148.999
147.362
146.09
145.407
145.353
145.759
146.339
146.827
147.081
147.08
146.85
146.378
145.601
144.434
142.825
140.79
138.409
135.803
133.132
130.614
128.561
127.352
127.344
128.703
131.269
134.581
138.041
141.126
143.482
144.943
145.506
145.291
144.513
143.414
142.196
140.956
139.711
138.474
137.323
136.339
135.477
134.514
133.188
131.403
129.326
127.341
125.894
125.319
125.691
126.809
128.315
129.881
131.339
132.7
134.063
135.49
136.933
138.26
139.357
140.21
140.913
141.599
142.347
143.116
143.758
144.073
143.881
143.08
141.676
139.801
137.715
135.754
134.224
133.284
132.908
132.966
133.328
133.921
134.695
135.567
136.394
137.009
137.271
137.098
136.48
135.471
134.19
132.816
131.572
130.688
130.338
130.584
131.348
132.437
133.612
134.687
135.61
136.472
137.427
138.558
139.768
140.795
141.32
141.1
140.053
138.277
136.008
133.57
131.32
129.561
128.468
128.025
128.062
128.344
128.657
128.862
128.908
128.817
128.646
128.438
128.202
127.922
127.589
127.198
126.754
126.312
126.02
126.063
126.556
127.47
128.68
130.058
131.515
132.982
134.349
135.468
136.227
136.64
136.875
137.208
137.931
139.237
141.143
143.476
145.939
148.22
150.074
151.373
152.102
152.321
152.124
151.595
150.784
149.713
148.401
146.895
145.279
143.664
142.177
140.958
140.132
139.769
139.845
140.25
140.795
141.226
141.263
140.68
139.425
137.718
136.015
134.783
134.193
134.044
133.991
133.934
134.234
135.462
137.759
140.569
143.089
144.768
145.404
144.996
143.611
141.334
138.289
134.676
130.803
127.073
123.914
121.672
120.517
120.416
121.187
122.563
124.268
126.045
127.674
128.983
129.854
130.231
130.149
129.804
129.618
130.161
131.809
134.394
137.267
139.742
141.416
142.204
142.233
141.746
141.023
140.322
139.843
139.713
139.965
140.523
141.206
141.797
142.114
142.055
141.607
140.827
139.792
138.512
136.891
134.808
132.277
129.569
127.17
125.609
125.268
126.239
128.271
130.89
133.605
136.056
138.035
139.467
140.366
140.806
140.889
140.726
140.413
140.026
139.611
139.182
138.725
138.205
137.584
136.845
136.012
135.135
134.266
133.447
132.721
132.156
131.862
131.943
132.418
133.145
133.85
134.244
134.155
133.57
132.583
131.314
129.861
128.299
126.69
125.102
123.62
122.377
121.557
121.332
121.77
122.795
124.236
125.916
127.721
129.628
131.687
133.928
136.259
138.437
140.135
141.077
141.129
140.325
138.835
136.924
134.906
133.085
131.675
130.772
130.36
130.367
130.725
131.409
132.41
133.673
135.052
136.345
137.404
138.221
138.93
139.736
140.771
142.009
143.279
144.379
145.174
145.618
145.729
145.556
145.174
144.678
144.159
143.668
143.168
142.539
141.624
140.316
138.601
136.573
134.397
132.287
130.471
129.161
128.488
128.455
128.951
129.829
130.979
132.324
133.765
135.14
136.243
136.876
136.901
136.256
134.956
133.078
130.761
128.208
125.701
123.598
122.271
121.995
122.822
124.532
126.715
128.923
130.809
132.204
133.123
133.697
134.047
134.174
133.995
133.476
132.718
131.943
131.374
131.138
131.257
131.69
132.399
133.357
134.553
135.938
137.392
138.709
139.639
139.993
139.739
139.013
138.039
137.03
136.16
135.533
135.154
135.006
135.157
135.745
136.83
138.299
139.884
141.271
142.208
142.561
142.317
141.563
140.451
139.167
137.914
136.889
136.253
136.103
136.471
137.324
138.579
140.098
141.68
143.079
144.057
144.426
144.109
143.16
141.776
140.272
139.003
138.242
138.079
138.434
139.164
140.174
141.431
142.878
144.36
145.621
146.405
146.549
146.039
144.999
143.62
142.079
140.476
138.826
137.158
135.6
134.39
133.793
133.952
134.774
135.924
136.923
137.311
136.805
135.388
133.294
130.894
128.539
126.442
124.715
123.467
122.801
122.693
122.997
123.68
124.954
127.098
130.112
133.599
136.966
139.73
141.686
142.878
143.483
143.688
143.631
143.374
142.937
142.327
141.56
140.665
139.664
138.581
137.478
136.465
135.711
135.415
135.763
136.865
138.704
141.124
143.858
146.589
149.02
150.933
152.199
152.773
152.661
151.903
150.564
148.746
146.593
144.271
141.942
139.721
137.678
135.855
134.293
133.03
132.088
131.462
131.138
131.127
131.489
132.293
133.535
135.085
136.715
138.15
139.163
139.613
139.467
138.827
137.918
137.05
136.511
136.463
136.9
137.689
138.634
139.54
140.254
140.699
140.87
140.805
140.556
140.179
139.758
139.439
139.428
139.917
140.969
142.44
144.027
145.382
146.206
146.293
145.563
144.1
142.191
140.257
138.703
137.755
137.424
137.573
138.036
138.681
139.417
140.191
140.969
141.722
142.41
142.973
143.338
143.437
143.212
142.626
141.676
140.41
138.921
137.333
135.78
134.4
133.329
132.704
132.602
132.98
133.654
134.369
134.895
135.077
134.811
134.011
132.625
130.721
128.548
126.504
124.995
124.246
124.231
124.734
125.495
126.325
127.141
127.959
128.845
129.87
131.063
132.404
133.871
135.497
137.363
139.521
141.925
144.427
146.83
148.951
150.641
151.802
152.376
152.344
151.711
150.517
148.87
146.977
145.147
143.703
142.853
142.609
142.809
143.187
143.455
143.379
142.853
141.914
140.71
139.411
138.141
136.96
135.901
134.969
134.112
133.225
132.211
131.056
129.854
128.772
128.004
127.725
128.058
129.018
130.49
132.247
134.018
135.565
136.765
137.639
138.313
138.894
139.366
139.573
139.303
138.413
136.933
135.094
133.272
131.847
131.067
131.021
131.671
132.862
134.347
135.843
137.084
137.873
138.113
137.833
137.203
136.512
136.064
136.044
136.424
137.011
137.592
138.056
138.421
138.772
139.173
139.629
140.129
140.687
141.345
142.127
143.01
143.923
144.777
145.491
145.997
146.255
146.283
146.157
145.993
145.889
145.857
145.799
145.543
144.919
143.867
142.48
140.968
139.538
138.298
137.222
136.188
135.049
133.686
132.061
130.24
128.399
126.806
125.771
125.564
126.327
127.987
130.235
132.619
134.703
136.195
137.017
137.307
137.348
137.436
137.737
138.2
138.6
138.657
138.142
136.928
135.036
132.793
130.935
130.303
131.19
133.148
135.481
137.694
139.542
140.907
141.707
141.89
141.448
140.415
138.868
136.941
134.855
132.912
131.403
130.485
130.099
130.036
130.056
129.962
129.619
128.949
127.949
126.711
125.422
124.322
123.628
123.487
123.927
124.87
126.154
127.577
128.947
130.146
131.181
132.168
133.253
134.5
135.838
137.071
137.937
138.209
137.783
136.748
135.392
134.132
133.363
133.29
133.852
134.776
135.707
136.323
136.399
135.834
134.692
133.262
132.029
131.513
131.997
133.341
135.04
136.495
137.287
137.303
136.731
135.932
135.282
135.008
135.112
135.409
135.622
135.514
134.973
134.041
132.894
131.769
130.88
130.344
130.15
130.167
130.196
130.048
129.627
128.965
128.174
127.345
126.509
125.689
124.976
124.582
124.785
125.799
127.636
130.058
132.655
134.993
136.738
137.698
137.833
137.23
136.087
134.687
133.383
132.551
132.504
133.396
135.16
137.535
140.169
142.727
144.949
146.641
147.665
147.946
147.512
146.527
145.287
144.132
143.311
142.878
142.676
142.455
142.023
141.325
140.43
139.475
138.604
137.919
137.453
137.156
136.909
136.582
136.071
135.314
134.285
133.053
131.908
131.397
132.017
133.698
135.776
137.487
138.357
138.213
137.107
135.327
133.431
132.151
132.068
133.27
135.328
137.614
139.614
141.009
141.63
141.392
140.307
138.523
136.346
134.184
132.415
131.275
130.852
131.14
132.061
133.477
135.224
137.154
139.151
141.092
142.825
144.172
144.977
145.175
144.827
144.114
143.282
142.562
142.103
141.924
141.914
141.889
141.665
141.128
140.261
139.113
137.756
136.253
134.65
132.99
131.335
129.775
128.426
127.428
126.935
127.102
128.012
129.579
131.535
133.507
135.182
136.385
137.089
137.363
137.319
137.081
136.776
136.532
136.465
136.663
137.173
137.978
139
140.104
141.134
141.952
142.471
142.678
142.629
142.422
142.153
141.876
141.583
141.211
140.709
140.117
139.59
139.324
139.399
139.7
139.972
139.963
139.506
138.526
137.033
135.117
132.938
130.71
128.654
126.949
125.684
124.86
124.422
124.331
124.635
125.51
127.184
129.78
133.19
137.096
141.099
144.843
148.077
150.663
152.572
153.846
154.543
154.689
154.279
153.307
151.789
149.762
147.29
144.481
141.519
138.675
136.283
134.661
134.013
134.353
135.471
137.003
138.592
140.029
141.304
142.519
143.75
144.957
145.991
146.661
146.779
146.188
144.787
142.582
139.733
136.576
133.549
131.043
129.302
128.414
128.388
129.207
130.801
133.016
135.615
138.332
140.934
143.227
145.026
146.131
146.377
145.726
144.307
142.386
140.268
138.184
136.241
134.464
132.896
131.674
131.017
131.136
132.149
134.007
136.489
139.247
141.902
144.153
145.839
146.948
147.576
147.849
147.875
147.705
147.329
146.689
145.718
144.381
142.75
141.071
139.729
139.081
139.201
139.838
140.627
141.332
141.876
142.208
142.196
141.668
140.521
138.755
136.464
133.831
131.109
128.613
126.674
125.562
125.412
126.203
127.777
129.895
132.296
134.744
137.046
139.044
140.622
141.725
142.39
142.75
142.96
143.084
143.074
142.862
142.474
142.064
141.848
141.983
142.477
143.163
143.773
144.059
143.862
143.106
141.774
139.896
137.571
134.986
132.4
130.071
128.142
126.607
125.371
124.379
123.687
123.456
123.865
125.018
126.876
129.241
131.79
134.177
136.151
137.622
138.644
139.35
139.884
140.352
140.815
141.32
141.914
142.645
143.511
144.442
145.332
146.128
146.856
147.548
148.152
148.536
148.568
148.166
147.29
145.932
144.121
141.959
139.653
137.53
135.97
135.245
135.37
136.143
137.28
138.521
139.652
140.507
140.98
141.044
140.753
140.233
139.645
139.166
138.947
139.069
139.498
140.064
140.508
140.558
140.028
138.887
137.29
135.599
134.39
134.332
135.798
138.482
141.575
144.314
146.296
147.444
147.86
147.696
147.084
146.102
144.807
143.282
141.675
140.143
138.755
137.462
136.198
134.989
133.967
133.269
132.934
132.88
132.962
133.065
133.189
133.431
133.904
134.649
135.618
136.716
137.861
139.015
140.181
141.367
142.542
143.613
144.446
144.902
144.904
144.442
143.571
142.391
141.02
139.561
138.084
136.662
135.412
134.525
134.185
134.417
135.017
135.658
136.075
136.179
136.023
135.696
135.25
134.679
133.969
133.181
132.494
132.17
132.444
133.427
135.051
137.075
139.131
140.804
141.743
141.773
140.96
139.579
137.99
136.478
135.167
134.053
133.085
132.233
131.537
131.114
131.099
131.53
132.295
133.185
133.979
134.507
134.66
134.392
133.751
132.906
132.113
131.637
131.649
132.177
133.144
134.422
135.872
137.37
138.814
140.103
141.129
141.762
141.88
141.41
140.359
138.827
136.992
135.073
133.281
131.788
130.699
130.068
129.913
130.234
131.011
132.185
133.641
135.223
136.767
138.127
139.209
139.974
140.435
140.636
140.632
140.478
140.236
139.998
139.897
140.074
140.638
141.632
143.037
144.79
146.8
148.942
151.044
152.887
154.245
154.934
154.852
154.035
152.648
150.949
149.208
147.629
146.307
145.236
144.337
143.498
142.603
141.549
140.277
138.795
137.208
135.727
134.626
134.188
134.601
135.821
137.52
139.214
140.466
141.009
140.726
139.581
137.593
134.842
131.496
127.834
124.24
121.133
118.834
117.452
116.908
117.083
117.945
119.542
121.917
124.994
128.526
132.13
135.387
137.947
139.612
140.353
140.299
139.693
138.831
137.987
137.362
137.069
137.14
137.522
138.09
138.682
139.147
139.389
139.37
139.109
138.665
138.117
137.557
137.049
136.598
136.154
135.649
135.054
134.425
133.886
133.59
133.671
134.21
135.187
136.419
137.591
138.422
138.833
138.945
138.916
138.775
138.413
137.713
136.671
135.418
134.183
133.211
132.692
132.716
133.255
134.182
135.291
136.33
137.023
137.129
136.48
135.057
133.024
130.735
128.661
127.268
126.857
127.459
128.846
130.654
132.545
134.29
135.775
136.974
137.935
138.754
139.541
140.366
141.234
142.093
142.869
143.479
143.842
143.89
143.593
142.968
142.085
141.064
140.057
139.22
138.67
138.439
138.469
138.612
138.67
138.437
137.728
136.403
134.41
131.866
129.099
126.599
124.869
124.236
124.718
126.052
127.883
129.93
132.029
134.101
136.112
138.05
139.9
141.626
143.149
144.328
144.984
144.961
144.201
142.795
140.969
139.017
137.198
135.639
134.3
133.02
131.63
130.082
128.499
127.136
126.239
125.885
125.901
125.93
125.644
124.981
124.287
124.214
125.33
127.71
130.894
134.187
136.949
138.736
139.348
138.825
137.431
135.62
133.967
133.033
133.161
134.31
136.065
137.868
139.273
140.078
140.309
140.143
139.812
139.513
139.343
139.271
139.173
138.906
138.405
137.721
136.989
136.348
135.888
135.639
135.568
135.589
135.601
135.561
135.531
135.647
136.002
136.531
137
137.077
136.464
134.979
132.601
129.472
125.898
122.378
119.605
118.324
118.93
121.133
124.115
127.046
129.447
131.198
132.35
132.94
132.915
132.196
130.805
128.936
126.969
125.365
124.526
124.659
125.72
127.507
129.793
132.425
135.318
138.397
141.536
144.527
147.096
148.943
149.827
149.628
148.383
146.259
143.508
140.414
137.271
134.38
132.049
130.556
130.097
130.703
132.213
134.266
136.375
138.063
138.977
138.955
138.022
136.337
134.14
131.711
129.328
127.243
125.676
124.79
124.657
125.236
126.394
127.936
129.653
131.336
132.773
133.767
134.164
133.895
133.008
131.679
130.179
128.823
127.902
127.621
128.051
129.092
130.509
132.003
133.296
134.169
134.459
134.076
133.033
131.475
129.66
127.909
126.536
125.739
125.542
125.8
126.338
127.1
128.152
129.52
131.056
132.499
133.632
134.412
134.968
135.508
136.183
137.001
137.844
138.581
139.19
139.796
140.604
141.752
143.191
144.74
146.222
147.54
148.665
149.586
