-7.81078e-21
-7.81021e-21
-7.80957e-21
-7.80834e-21
-7.80572e-21
-7.80119e-21
-7.79772e-21
-7.79006e-21
-7.78371e-21
-7.77673e-21
-7.77126e-21
-7.76699e-21
-7.76416e-21
-7.7608e-21
-7.76185e-21
-7.76409e-21
-7.76688e-21
-7.76916e-21
-7.77259e-21
-7.77686e-21
-7.77947e-21
-7.78383e-21
-7.78486e-21
-7.78663e-21
-7.78693e-21
-7.78763e-21
-7.78655e-21
-7.78832e-21
-7.78674e-21
-7.78715e-21
-7.78732e-21
-7.78603e-21
-7.78476e-21
-7.78474e-21
-7.78622e-21
-7.78594e-21
-7.78419e-21
-7.78351e-21
-7.78321e-21
-7.78233e-21
-7.78239e-21
-7.78365e-21
-7.78387e-21
-7.78576e-21
-7.78675e-21
-7.78572e-21
-7.78805e-21
-7.78765e-21
-7.78777e-21
-7.78841e-21
-7.7894e-21
-7.79027e-21
-7.79084e-21
-7.78965e-21
-7.7885e-21
-7.78895e-21
-7.78979e-21
-7.78903e-21
-7.78917e-21
-7.78942e-21
-7.78997e-21
-7.78976e-21
-7.79e-21
-7.7899e-21
-7.78921e-21
-7.78869e-21
-7.78808e-21
-7.78768e-21
-7.78822e-21
-7.78798e-21
-7.7872e-21
-7.78691e-21
-7.78736e-21
-7.78734e-21
-7.78665e-21
-7.78734e-21
-7.78769e-21
-7.78743e-21
-7.78874e-21
-7.78878e-21
-7.78948e-21
-7.78932e-21
-7.78909e-21
-7.78932e-21
-7.78951e-21
-7.79041e-21
-7.78901e-21
-7.78809e-21
-7.78896e-21
-7.78817e-21
-7.78727e-21
-7.78651e-21
-7.78661e-21
-7.78699e-21
-7.7886e-21
-7.78914e-21
-7.78832e-21
-7.78764e-21
-7.78809e-21
-7.78769e-21
-7.78618e-21
-7.78633e-21
-7.78592e-21
-7.78676e-21
-7.7869e-21
-7.78738e-21
-7.78651e-21
-7.78704e-21
-7.78696e-21
-7.78821e-21
-7.78726e-21
-7.7883e-21
-7.79006e-21
-7.79103e-21
-7.78972e-21
-7.79113e-21
-7.79202e-21
-7.79388e-21
-7.79368e-21
-7.7934e-21
-7.7925e-21
-7.79223e-21
-7.79162e-21
-7.79155e-21
-7.79211e-21
-7.79168e-21
-7.79279e-21
-7.79262e-21
-7.79327e-21
-7.79334e-21
-7.79393e-21
-7.79423e-21
-7.79251e-21
-7.79484e-21
-7.79359e-21
-7.7941e-21
-7.79422e-21
-7.79347e-21
-7.79311e-21
-7.79285e-21
-7.79264e-21
-7.79317e-21
-7.7934e-21
-7.79281e-21
-7.7929e-21
-7.79294e-21
-7.79296e-21
-7.79201e-21
-7.79063e-21
-7.79011e-21
-7.78996e-21
-7.79192e-21
-7.79192e-21
-7.79142e-21
-7.79209e-21
-7.79191e-21
-7.7909e-21
-7.78986e-21
-7.78934e-21
-7.78888e-21
-7.78952e-21
-7.79074e-21
-7.78977e-21
-7.79031e-21
-7.79056e-21
-7.79096e-21
-7.79222e-21
-7.79306e-21
-7.79198e-21
-7.79126e-21
-7.79145e-21
-7.79065e-21
-7.78944e-21
-7.78917e-21
-7.78738e-21
-7.78806e-21
-7.78884e-21
-7.79087e-21
-7.79131e-21
-7.79189e-21
-7.79167e-21
-7.79275e-21
-7.79269e-21
-7.79202e-21
-7.79297e-21
-7.79343e-21
-7.79405e-21
-7.79499e-21
-7.79469e-21
-7.79419e-21
-7.7938e-21
-7.79187e-21
-7.79271e-21
-7.79238e-21
-7.79165e-21
-7.79177e-21
-7.79121e-21
-7.79069e-21
-7.79369e-21
-7.79271e-21
-7.79253e-21
-7.79093e-21
-7.79069e-21
-7.78981e-21
-7.78902e-21
-7.78952e-21
-7.78999e-21
-7.79037e-21
-7.79109e-21
-7.79437e-21
-7.79571e-21
-7.79562e-21
-7.79466e-21
-7.79412e-21
-7.79255e-21
-7.79123e-21
-7.79122e-21
-7.79055e-21
-7.79001e-21
-7.79114e-21
-7.79243e-21
-7.79162e-21
-7.79168e-21
-7.79304e-21
-7.79365e-21
-7.79268e-21
-7.79263e-21
-7.793e-21
-7.79331e-21
-7.79285e-21
-7.79365e-21
-7.79322e-21
-7.79282e-21
-7.79168e-21
-7.79277e-21
-7.79206e-21
-7.79203e-21
-7.79167e-21
-7.791e-21
-7.7898e-21
-7.78909e-21
-7.78867e-21
-7.78807e-21
-7.78756e-21
-7.7884e-21
-7.79005e-21
-7.78976e-21
-7.79021e-21
-7.79113e-21
-7.79123e-21
-5.10697e-21
-5.10295e-21
-5.10044e-21
-5.09839e-21
-5.09585e-21
-5.09532e-21
-5.09692e-21
-5.09785e-21
-5.09868e-21
-5.10147e-21
-5.10164e-21
-5.10357e-21
-5.10704e-21
-5.10876e-21
-5.10947e-21
-5.11155e-21
-5.11235e-21
-5.1144e-21
-5.11398e-21
-5.11456e-21
-5.11617e-21
-5.11508e-21
-5.11376e-21
-5.11098e-21
-5.11098e-21
-5.10944e-21
-5.10662e-21
-5.10449e-21
-5.10467e-21
-5.104e-21
-5.10561e-21
-5.10602e-21
-5.10699e-21
-5.10524e-21
-5.10559e-21
-5.10626e-21
-5.10598e-21
-5.10403e-21
-5.10174e-21
-5.1011e-21
-5.09805e-21
-5.0948e-21
-5.09279e-21
-5.09054e-21
-5.09026e-21
-5.09012e-21
-5.09073e-21
-5.09158e-21
-5.09282e-21
-5.09408e-21
-5.09613e-21
-5.09831e-21
-5.09739e-21
-5.09613e-21
-5.0929e-21
-5.09274e-21
-5.09192e-21
-5.09139e-21
-5.09187e-21
-5.09138e-21
-5.09185e-21
-5.09203e-21
-5.09291e-21
-5.09312e-21
-5.09437e-21
-5.09398e-21
-5.09342e-21
-5.09401e-21
-5.09461e-21
-5.09584e-21
-5.09794e-21
-5.10355e-21
-5.10497e-21
-5.10633e-21
-5.10645e-21
-5.10592e-21
-5.10539e-21
-5.10186e-21
-5.10089e-21
-5.10201e-21
-5.10172e-21
-5.10139e-21
-5.10108e-21
-5.10005e-21
-5.10201e-21
-5.10282e-21
-5.10443e-21
-5.1036e-21
-5.10269e-21
-5.10237e-21
-5.10389e-21
-5.10554e-21
-5.10498e-21
-5.10546e-21
-5.10603e-21
-5.10589e-21
-5.10572e-21
-5.1075e-21
-5.10832e-21
-5.10741e-21
-5.10618e-21
-5.10459e-21
-5.10389e-21
-5.10238e-21
-5.10005e-21
-5.10108e-21
-5.1027e-21
-5.10325e-21
-5.10438e-21
-5.1055e-21
-5.10519e-21
-5.10549e-21
-5.10391e-21
-5.10192e-21
-5.10091e-21
-5.099e-21
-5.09963e-21
-5.10069e-21
-5.10008e-21
-5.10283e-21
-5.10265e-21
-5.10413e-21
-5.10509e-21
-5.1054e-21
-5.10707e-21
-5.10769e-21
-5.1076e-21
-5.10742e-21
-5.1064e-21
-5.10391e-21
-5.10161e-21
-5.10045e-21
-5.09688e-21
-5.09388e-21
-5.09222e-21
-5.09217e-21
-5.09335e-21
-5.09652e-21
-5.09735e-21
-5.09598e-21
-5.09525e-21
-5.09729e-21
-5.09651e-21
-5.09672e-21
-5.09598e-21
-5.0961e-21
-5.09476e-21
-5.09172e-21
-5.09134e-21
-5.0906e-21
-5.08941e-21
-5.08994e-21
-5.09031e-21
-5.09006e-21
-5.09178e-21
-5.09313e-21
-5.09407e-21
-5.09591e-21
-5.09555e-21
-5.09589e-21
-5.09615e-21
-5.09404e-21
-5.09203e-21
-5.0927e-21
-5.09417e-21
-5.09626e-21
-5.09918e-21
-5.10111e-21
-5.09914e-21
-5.09902e-21
-5.0963e-21
-5.09543e-21
-5.09757e-21
-5.10116e-21
-5.10399e-21
-5.10413e-21
-5.10448e-21
-5.10298e-21
-5.10112e-21
-5.09914e-21
-5.09812e-21
-5.09823e-21
-5.09848e-21
-5.09872e-21
-5.10051e-21
-5.09803e-21
-5.09958e-21
-5.1012e-21
-5.10209e-21
-5.10121e-21
-5.09882e-21
-5.10101e-21
-5.10204e-21
-5.10157e-21
-5.10194e-21
-5.10123e-21
-5.1022e-21
-5.10402e-21
-5.10568e-21
-5.10608e-21
-5.10638e-21
-5.10507e-21
-5.10298e-21
-5.10392e-21
-5.10263e-21
-5.10358e-21
-5.1035e-21
-5.10292e-21
-5.10143e-21
-5.10259e-21
-5.10317e-21
-5.1034e-21
-5.10243e-21
-5.10092e-21
-5.1007e-21
-5.10014e-21
-5.09966e-21
-5.09834e-21
-5.09793e-21
-5.09672e-21
-5.09948e-21
-5.09911e-21
-5.09947e-21
-5.09982e-21
-5.10164e-21
-5.10485e-21
-5.10608e-21
-5.1063e-21
-5.10699e-21
-5.10559e-21
-5.10525e-21
-5.10417e-21
-5.10363e-21
-5.10178e-21
-5.10172e-21
-5.1021e-21
-5.10233e-21
-5.09984e-21
-5.10163e-21
-5.10002e-21
-5.0992e-21
-5.09866e-21
-5.1001e-21
-5.10007e-21
-5.10096e-21
-5.1031e-21
-5.1048e-21
-5.10459e-21
-5.10573e-21
-5.10433e-21
-5.77553e-21
-5.77489e-21
-5.77197e-21
-5.77096e-21
-5.76993e-21
-5.76924e-21
-5.769e-21
-5.76976e-21
-5.77017e-21
-5.76961e-21
-5.77146e-21
-5.77115e-21
-5.77031e-21
-5.77144e-21
-5.77273e-21
-5.77356e-21
-5.77507e-21
-5.77665e-21
-5.77619e-21
-5.77638e-21
-5.77447e-21
-5.77584e-21
-5.7739e-21
-5.77259e-21
-5.77096e-21
-5.77075e-21
-5.76842e-21
-5.76853e-21
-5.76841e-21
-5.76713e-21
-5.76711e-21
-5.76888e-21
-5.77046e-21
-5.77102e-21
-5.7701e-21
-5.7701e-21
-5.77009e-21
-5.77008e-21
-5.77003e-21
-5.7704e-21
-5.76922e-21
-5.76781e-21
-5.76671e-21
-5.76645e-21
-5.76827e-21
-5.76893e-21
-5.76864e-21
-5.76986e-21
-5.77023e-21
-5.77068e-21
-5.77074e-21
-5.77171e-21
-5.7687e-21
-5.76926e-21
-5.76762e-21
-5.76703e-21
-5.76825e-21
-5.76801e-21
-5.7685e-21
-5.76733e-21
-5.76767e-21
-5.76702e-21
-5.76522e-21
-5.76323e-21
-5.76249e-21
-5.76266e-21
-5.76383e-21
-5.76549e-21
-5.76734e-21
-5.76664e-21
-5.7675e-21
-5.76859e-21
-5.76954e-21
-5.77e-21
-5.77042e-21
-5.76954e-21
-5.76854e-21
-5.76999e-21
-5.76805e-21
-5.76729e-21
-5.76714e-21
-5.76519e-21
-5.76521e-21
-5.76464e-21
-5.76555e-21
-5.7665e-21
-5.76899e-21
-5.77131e-21
-5.77187e-21
-5.77215e-21
-5.77295e-21
-5.77232e-21
-5.7746e-21
-5.77407e-21
-5.77331e-21
-5.77132e-21
-5.77032e-21
-5.77054e-21
-5.76945e-21
-5.77104e-21
-5.76852e-21
-5.76789e-21
-5.76873e-21
-5.77021e-21
-5.76857e-21
-5.77223e-21
-5.77326e-21
-5.773e-21
-5.77357e-21
-5.77466e-21
-5.77517e-21
-5.77631e-21
-5.77523e-21
-5.77382e-21
-5.77364e-21
-5.77476e-21
-5.77543e-21
-5.77585e-21
-5.77692e-21
-5.77742e-21
-5.77667e-21
-5.77773e-21
-5.7765e-21
-5.77426e-21
-5.77118e-21
-5.76934e-21
-5.76867e-21
-5.76855e-21
-5.76856e-21
-5.7687e-21
-5.77007e-21
-5.77022e-21
-5.77214e-21
-5.77173e-21
-5.7718e-21
-5.77247e-21
-5.77282e-21
-5.77046e-21
-5.76977e-21
-5.76693e-21
-5.76665e-21
-5.76655e-21
-5.76619e-21
-5.76804e-21
-5.7697e-21
-5.77051e-21
-5.77356e-21
-5.77475e-21
-5.7753e-21
-5.77497e-21
-5.77573e-21
-5.77598e-21
-5.77462e-21
-5.77362e-21
-5.77025e-21
-5.76886e-21
-5.76763e-21
-5.76624e-21
-5.76689e-21
-5.76594e-21
-5.7664e-21
-5.76769e-21
-5.7684e-21
-5.76888e-21
-5.76806e-21
-5.7679e-21
-5.76888e-21
-5.76824e-21
-5.76796e-21
-5.76824e-21
-5.76933e-21
-5.76681e-21
-5.76711e-21
-5.76799e-21
-5.76742e-21
-5.76789e-21
-5.76984e-21
-5.76985e-21
-5.77014e-21
-5.76918e-21
-5.7683e-21
-5.76711e-21
-5.76668e-21
-5.76461e-21
-5.76437e-21
-5.76325e-21
-5.76259e-21
-5.76253e-21
-5.76462e-21
-5.76761e-21
-5.76917e-21
-5.76969e-21
-5.76793e-21
-5.76739e-21
-5.76589e-21
-5.7645e-21
-5.76447e-21
-5.76513e-21
-5.76561e-21
-5.76515e-21
-5.76528e-21
-5.7649e-21
-5.76503e-21
-5.7645e-21
-5.76342e-21
-5.76466e-21
-5.76232e-21
-5.76445e-21
-5.76578e-21
-5.76699e-21
-5.76672e-21
-5.76657e-21
-5.76666e-21
-5.76522e-21
-5.76425e-21
-5.76596e-21
-5.7674e-21
-5.76804e-21
-5.76876e-21
-5.76918e-21
-5.76798e-21
-5.76923e-21
-5.76962e-21
-5.77038e-21
-5.77205e-21
-5.77215e-21
-5.77281e-21
-5.77256e-21
-5.77038e-21
-5.76956e-21
-5.76838e-21
-5.76858e-21
-5.76682e-21
-5.76729e-21
-5.76842e-21
-5.77019e-21
-5.77287e-21
-5.77271e-21
-5.77051e-21
-5.76998e-21
-5.7696e-21
-5.76764e-21
-5.76583e-21
-5.76387e-21
-5.76434e-21
-5.76568e-21
-5.76519e-21
-5.7662e-21
-5.76369e-21
-5.76255e-21
-5.40681e-21
-5.40779e-21
-5.40761e-21
-5.4069e-21
-5.40908e-21
-5.41141e-21
-5.41235e-21
-5.41501e-21
-5.41589e-21
-5.41745e-21
-5.41627e-21
-5.41391e-21
-5.41255e-21
-5.41001e-21
-5.40784e-21
-5.4051e-21
-5.40552e-21
-5.40592e-21
-5.40599e-21
-5.40825e-21
-5.41006e-21
-5.41177e-21
-5.41444e-21
-5.41915e-21
-5.42e-21
-5.41894e-21
-5.41842e-21
-5.41679e-21
-5.41478e-21
-5.41316e-21
-5.41126e-21
-5.40958e-21
-5.4099e-21
-5.40952e-21
-5.41125e-21
-5.41083e-21
-5.41092e-21
-5.41311e-21
-5.41406e-21
-5.41574e-21
-5.41588e-21
-5.41619e-21
-5.41814e-21
-5.41872e-21
-5.42147e-21
-5.42249e-21
-5.42134e-21
-5.42204e-21
-5.42201e-21
-5.42211e-21
-5.42072e-21
-5.42083e-21
-5.42083e-21
-5.42022e-21
-5.42041e-21
-5.41937e-21
-5.41765e-21
-5.41655e-21
-5.41627e-21
-5.4167e-21
-5.41731e-21
-5.41871e-21
-5.41894e-21
-5.41835e-21
-5.41617e-21
-5.41395e-21
-5.41174e-21
-5.40835e-21
-5.40851e-21
-5.40686e-21
-5.40899e-21
-5.41038e-21
-5.40918e-21
-5.41155e-21
-5.41287e-21
-5.41445e-21
-5.41539e-21
-5.41638e-21
-5.41735e-21
-5.41753e-21
-5.41749e-21
-5.41692e-21
-5.41645e-21
-5.41457e-21
-5.41257e-21
-5.41096e-21
-5.41052e-21
-5.412e-21
-5.41297e-21
-5.41228e-21
-5.41406e-21
-5.41631e-21
-5.41732e-21
-5.41895e-21
-5.42081e-21
-5.42096e-21
-5.42133e-21
-5.42157e-21
-5.42211e-21
-5.42107e-21
-5.41932e-21
-5.41883e-21
-5.42009e-21
-5.41994e-21
-5.41935e-21
-5.4179e-21
-5.41702e-21
-5.41641e-21
-5.41679e-21
-5.41505e-21
-5.41292e-21
-5.41277e-21
-5.4159e-21
-5.41624e-21
-5.41665e-21
-5.4153e-21
-5.41529e-21
-5.41527e-21
-5.41569e-21
-5.41753e-21
-5.41893e-21
-5.41953e-21
-5.41906e-21
-5.41761e-21
-5.41608e-21
-5.41498e-21
-5.41313e-21
-5.41116e-21
-5.41021e-21
-5.41006e-21
-5.41008e-21
-5.41204e-21
-5.41548e-21
-5.41829e-21
-5.41829e-21
-5.41913e-21
-5.41793e-21
-5.41514e-21
-5.41396e-21
-5.41484e-21
-5.41447e-21
-5.41218e-21
-5.41348e-21
-5.41286e-21
-5.41438e-21
-5.41746e-21
-5.41688e-21
-5.41864e-21
-5.41927e-21
-5.42156e-21
-5.42165e-21
-5.42172e-21
-5.42072e-21
-5.42053e-21
-5.41843e-21
-5.41849e-21
-5.41729e-21
-5.41866e-21
-5.4192e-21
-5.41988e-21
-5.42117e-21
-5.41987e-21
-5.41879e-21
-5.41695e-21
-5.41514e-21
-5.41377e-21
-5.41179e-21
-5.41011e-21
-5.41047e-21
-5.40871e-21
-5.41254e-21
-5.4135e-21
-5.41273e-21
-5.413e-21
-5.41158e-21
-5.41114e-21
-5.41126e-21
-5.41057e-21
-5.41012e-21
-5.40956e-21
-5.40957e-21
-5.40704e-21
-5.40805e-21
-5.40964e-21
-5.41113e-21
-5.41377e-21
-5.41396e-21
-5.41485e-21
-5.41797e-21
-5.41716e-21
-5.41584e-21
-5.41531e-21
-5.41582e-21
-5.41655e-21
-5.41735e-21
-5.41787e-21
-5.41883e-21
-5.41795e-21
-5.4166e-21
-5.41431e-21
-5.41175e-21
-5.41084e-21
-5.41053e-21
-5.40971e-21
-5.40805e-21
-5.40815e-21
-5.40857e-21
-5.41205e-21
-5.41144e-21
-5.41404e-21
-5.41613e-21
-5.417e-21
-5.41802e-21
-5.41958e-21
-5.41915e-21
-5.41924e-21
-5.41968e-21
-5.41858e-21
-5.41662e-21
-5.415e-21
-5.41473e-21
-5.41456e-21
-5.41565e-21
-5.41775e-21
-5.42003e-21
-5.42062e-21
-5.42027e-21
-5.42087e-21
-5.42015e-21
-5.42019e-21
-5.41971e-21
-5.42054e-21
-5.41971e-21
-5.41994e-21
-5.41895e-21
-5.4187e-21
-5.41685e-21
-5.41658e-21
-5.41209e-21
-5.41121e-21
-5.40964e-21
-5.40764e-21
-5.40674e-21
-5.40562e-21
-5.40666e-21
-5.40872e-21
-5.41079e-21
-5.41159e-21
-5.41364e-21
-5.41415e-21
-5.41239e-21
-5.41251e-21
-5.41426e-21
-5.41348e-21
-5.4137e-21
-5.41276e-21
-5.41191e-21
-5.41139e-21
-5.40985e-21
-5.41003e-21
-5.41114e-21
-5.40972e-21
-5.41176e-21
-5.41406e-21
-5.41699e-21
-5.4175e-21
-5.41725e-21
-5.41682e-21
-5.41467e-21
-5.41191e-21
-5.40832e-21
-5.40602e-21
-5.40489e-21
-5.4042e-21
-5.40487e-21
-5.40513e-21
-5.40657e-21
-5.41167e-21
-5.41355e-21
-5.41536e-21
-5.41702e-21
-5.41634e-21
-5.4165e-21
-5.41563e-21
-5.41291e-21
-5.41044e-21
-5.41063e-21
-5.41261e-21
-5.41142e-21
-5.40982e-21
-5.41095e-21
-5.41059e-21
-5.41014e-21
-5.40882e-21
-5.41022e-21
-5.41005e-21
-5.41133e-21
-5.41465e-21
-5.41511e-21
-5.4171e-21
-5.41843e-21
-5.41949e-21
-5.41927e-21
-5.42048e-21
-5.42025e-21
-5.41911e-21
-5.41842e-21
-5.41772e-21
-5.41527e-21
-5.41454e-21
-5.41463e-21
-5.41268e-21
-5.41182e-21
-5.41284e-21
-5.4142e-21
-5.41669e-21
-5.41821e-21
-5.41798e-21
-5.41635e-21
-5.41734e-21
-5.41576e-21
-5.41494e-21
-5.41211e-21
-5.41246e-21
-5.41169e-21
-5.41011e-21
-5.40782e-21
-5.40647e-21
-5.40723e-21
-5.40597e-21
-5.40597e-21
-5.40671e-21
-5.40808e-21
-5.41072e-21
-5.41097e-21
-5.41235e-21
-5.4146e-21
-5.41673e-21
-5.41744e-21
-5.41486e-21
-5.41419e-21
-5.41365e-21
-5.41087e-21
-5.4079e-21
-5.40647e-21
-5.40478e-21
-5.40661e-21
-5.40635e-21
-5.40733e-21
-5.40718e-21
-5.40781e-21
-5.41116e-21
-5.41253e-21
-5.4148e-21
-5.41495e-21
-5.4136e-21
-5.41447e-21
-5.41372e-21
-5.41195e-21
-5.40995e-21
-5.41053e-21
-5.40903e-21
-5.40611e-21
-5.40721e-21
-5.40573e-21
-5.40507e-21
-5.4048e-21
-5.40535e-21
-5.40669e-21
-5.40612e-21
-5.40601e-21
-5.40779e-21
-5.40789e-21
-5.40786e-21
-5.40786e-21
-5.40789e-21
-5.40908e-21
-5.4081e-21
-5.40822e-21
-5.4088e-21
-5.40749e-21
-5.40589e-21
-5.40634e-21
-5.40693e-21
-5.40581e-21
-5.40719e-21
-5.40812e-21
-5.41114e-21
-5.41416e-21
-5.41622e-21
-5.4181e-21
-5.41626e-21
-5.41503e-21
-5.41326e-21
-5.41236e-21
-5.41085e-21
-5.41021e-21
-5.40882e-21
-5.40816e-21
-5.40756e-21
-5.40805e-21
-5.40829e-21
-5.40688e-21
-5.40767e-21
-5.40653e-21
-5.40507e-21
-5.40304e-21
-5.40335e-21
-5.4025e-21
-5.40327e-21
-5.40498e-21
-5.40854e-21
-5.41178e-21
-5.41385e-21
-5.41426e-21
-5.41465e-21
-5.41427e-21
-5.41276e-21
-5.41341e-21
-5.41352e-21
-5.41389e-21
-5.41378e-21
-5.41389e-21
-5.4141e-21
-5.41317e-21
-5.41477e-21
-5.41386e-21
-5.41423e-21
-5.41214e-21
-5.4129e-21
-5.41126e-21
-5.41106e-21
-5.40876e-21
-5.40812e-21
-5.40815e-21
-5.40933e-21
-5.41047e-21
-5.41011e-21
-5.41186e-21
-5.41239e-21
-5.41137e-21
-5.4119e-21
-5.41058e-21
-5.41363e-21
-5.41494e-21
-5.41366e-21
-5.4133e-21
-5.4137e-21
-5.41276e-21
-5.41389e-21
-5.41294e-21
-5.41281e-21
-5.4126e-21
-5.41189e-21
-5.41387e-21
-5.41509e-21
-5.41678e-21
-5.41892e-21
-5.41857e-21
-5.41875e-21
-5.41794e-21
-5.41768e-21
-5.41873e-21
-5.41982e-21
-5.41939e-21
-5.42005e-21
-5.41906e-21
-5.41845e-21
-5.4155e-21
-5.41259e-21
-5.40981e-21
-5.40838e-21
-5.40768e-21
-5.40744e-21
-5.40647e-21
-5.41115e-21
-5.41159e-21
-5.41182e-21
-5.41007e-21
-5.40869e-21
-5.40713e-21
-5.40656e-21
-5.40858e-21
-5.40798e-21
-5.40817e-21
-5.40685e-21
-5.40674e-21
-5.40663e-21
-5.40651e-21
-5.40518e-21
-5.40583e-21
-5.4076e-21
-5.40772e-21
-5.40941e-21
-5.41141e-21
-5.40962e-21
-5.41135e-21
-5.41194e-21
-5.41086e-21
-5.40999e-21
-5.41032e-21
-5.41054e-21
-5.40871e-21
-5.40813e-21
-5.40993e-21
-5.41175e-21
-5.41305e-21
-5.4144e-21
-5.41723e-21
-5.41513e-21
-5.41595e-21
-5.41413e-21
-5.41367e-21
-5.41329e-21
-5.41209e-21
-5.41259e-21
-5.41272e-21
-5.41242e-21
-5.4129e-21
-5.41269e-21
-5.41162e-21
-5.41101e-21
-5.4119e-21
-5.41182e-21
-5.41303e-21
-5.41345e-21
-5.41416e-21
-5.41498e-21
-5.41447e-21
-5.41649e-21
-5.41419e-21
-5.41257e-21
-5.41065e-21
-5.41066e-21
-5.40843e-21
-5.40852e-21
-5.40883e-21
-5.41229e-21
-5.41304e-21
-5.41223e-21
-5.41273e-21
-5.41315e-21
-5.41623e-21
-5.41676e-21
-5.41713e-21
-5.41653e-21
-5.41321e-21
-5.41026e-21
-5.40766e-21
-5.40448e-21
-5.4045e-21
-5.4026e-21
-5.40023e-21
-5.40038e-21
-5.40091e-21
-5.40228e-21
-5.4062e-21
-5.40773e-21
-5.40649e-21
-5.40826e-21
-5.40995e-21
-5.41058e-21
-5.41047e-21
-5.4107e-21
-5.41039e-21
-5.40814e-21
-5.40787e-21
-5.40832e-21
-5.40792e-21
-5.40963e-21
-5.41196e-21
-5.41453e-21
-5.41558e-21
-5.41609e-21
-5.41469e-21
-5.41384e-21
-5.41185e-21
-5.41128e-21
-5.41027e-21
-5.41058e-21
-5.40913e-21
-5.40951e-21
-5.41206e-21
-5.4128e-21
-5.41201e-21
-5.41077e-21
-5.41035e-21
-5.41014e-21
-5.41031e-21
-5.40981e-21
-5.40971e-21
-5.40848e-21
-5.40715e-21
-5.40604e-21
-5.40527e-21
-5.40681e-21
-5.4077e-21
-5.40995e-21
-5.4127e-21
-5.41545e-21
-5.41774e-21
-5.41819e-21
-5.42008e-21
-5.42007e-21
-5.41874e-21
-5.41713e-21
-5.41724e-21
-5.41746e-21
-5.41787e-21
-5.41826e-21
-5.41661e-21
-5.41639e-21
-5.41756e-21
-5.41677e-21
-5.41749e-21
-5.4174e-21
-5.41697e-21
-5.41598e-21
-5.41725e-21
-5.41686e-21
-5.41658e-21
-5.4174e-21
-5.41579e-21
-5.41555e-21
-5.41649e-21
-5.41894e-21
-5.41953e-21
-5.41774e-21
-5.41899e-21
-5.41784e-21
-5.41695e-21
-5.41513e-21
-5.41369e-21
-5.41275e-21
-5.41253e-21
-5.41124e-21
-5.40959e-21
-5.41181e-21
-5.41344e-21
-5.41329e-21
-5.41424e-21
-5.41532e-21
-5.41643e-21
-5.41777e-21
-5.41881e-21
-5.4167e-21
-5.41679e-21
-5.41574e-21
-5.41399e-21
-5.41462e-21
-5.41594e-21
-5.41615e-21
-5.41597e-21
-5.41513e-21
-5.41436e-21
-5.4135e-21
-5.41138e-21
-5.41198e-21
-5.41246e-21
-5.41235e-21
-5.41303e-21
-5.41454e-21
-5.4161e-21
-5.41629e-21
-5.41808e-21
-5.41926e-21
-5.42043e-21
-5.42105e-21
-5.42347e-21
-5.42248e-21
-5.42234e-21
-5.41929e-21
-5.41865e-21
-5.42066e-21
-5.42055e-21
-5.41981e-21
-5.41857e-21
-5.41989e-21
-5.42111e-21
-5.41939e-21
-5.41843e-21
-5.41803e-21
-5.41627e-21
-5.41744e-21
-5.41881e-21
-5.4196e-21
-5.41864e-21
-5.41901e-21
-5.41707e-21
-5.41582e-21
-5.41571e-21
-5.41569e-21
-5.41596e-21
-5.41639e-21
-5.41628e-21
-5.41739e-21
-5.41863e-21
-5.41849e-21
-5.41997e-21
-5.4214e-21
-5.4218e-21
-5.42177e-21
-5.42108e-21
-5.41861e-21
-5.41725e-21
-5.4157e-21
-5.4158e-21
-5.41519e-21
-5.41379e-21
-5.41251e-21
-5.41195e-21
-5.41024e-21
-5.40879e-21
-5.41002e-21
-5.41079e-21
-5.41301e-21
-5.41434e-21
-5.41722e-21
-5.41837e-21
-5.42008e-21
-5.41944e-21
-5.41752e-21
-5.41646e-21
-5.4131e-21
-5.41155e-21
-5.41188e-21
-5.41084e-21
-5.41213e-21
-5.41198e-21
-5.41422e-21
-5.41521e-21
-5.41682e-21
-5.41731e-21
-5.41851e-21
-5.41961e-21
-5.42014e-21
-5.4214e-21
-5.4211e-21
-5.42089e-21
-5.42258e-21
-5.42126e-21
-5.41996e-21
-5.41867e-21
-5.41726e-21
-5.41703e-21
-5.41777e-21
-5.41816e-21
-5.4166e-21
-5.41763e-21
-5.41761e-21
-5.41587e-21
-5.41664e-21
-5.41842e-21
-5.42114e-21
-5.42066e-21
-5.42104e-21
-5.41981e-21
-5.41769e-21
-5.41793e-21
-5.41801e-21
-5.41686e-21
-5.41557e-21
-5.41594e-21
-5.41773e-21
-5.41665e-21
-5.41784e-21
-5.41941e-21
-5.41996e-21
-5.42039e-21
-5.41984e-21
-5.42043e-21
-5.42029e-21
-5.41813e-21
-5.41652e-21
-5.41537e-21
-5.41547e-21
-5.41508e-21
-5.41451e-21
-5.41617e-21
-5.41726e-21
-5.41848e-21
-5.41793e-21
-5.41808e-21
-5.41772e-21
-5.41776e-21
-5.41973e-21
-5.41924e-21
-5.41804e-21
-5.41703e-21
-5.41581e-21
-5.41367e-21
-5.41241e-21
-5.41052e-21
-5.41004e-21
-5.40935e-21
-5.40975e-21
-5.40866e-21
-5.40973e-21
-5.41045e-21
-5.41324e-21
-5.41674e-21
-5.41879e-21
-5.42136e-21
-5.42177e-21
-5.41965e-21
-5.41774e-21
-5.41452e-21
-5.41433e-21
-5.41357e-21
-5.41487e-21
-5.41626e-21
-5.41694e-21
-5.41506e-21
-5.41644e-21
-5.41768e-21
-5.41918e-21
-5.41767e-21
-5.41836e-21
-5.41994e-21
-5.41888e-21
-5.4221e-21
-5.42317e-21
-5.42104e-21
-5.41971e-21
-5.41852e-21
-5.41637e-21
-5.41537e-21
-5.41647e-21
-5.41527e-21
-5.41614e-21
-5.41703e-21
-5.41743e-21
-5.41639e-21
-5.4154e-21
-5.41545e-21
-5.41558e-21
-5.4144e-21
-5.4135e-21
-5.41226e-21
-5.41293e-21
-5.41543e-21
-5.41927e-21
-5.41916e-21
-5.41985e-21
-5.41814e-21
-5.41778e-21
-5.41813e-21
-5.41589e-21
-5.41572e-21
-5.41403e-21
-5.4129e-21
-5.41137e-21
-5.40977e-21
-5.40868e-21
-5.40716e-21
-5.40576e-21
-5.40764e-21
-5.40821e-21
-5.40838e-21
-5.40913e-21
-5.41097e-21
-5.41337e-21
-5.41229e-21
-5.41368e-21
-5.41304e-21
-5.4125e-21
-5.41311e-21
-5.41481e-21
-5.41386e-21
-5.41501e-21
-5.41412e-21
-5.41368e-21
-5.41361e-21
-5.41287e-21
-5.4117e-21
-5.41089e-21
-5.41017e-21
-5.41086e-21
-5.41003e-21
-5.41209e-21
-5.41223e-21
-5.41274e-21
-5.41334e-21
-5.41406e-21
-5.4118e-21
-5.41147e-21
-5.41043e-21
-5.40925e-21
-5.40968e-21
-5.40999e-21
-5.41055e-21
-5.41072e-21
-5.40885e-21
-5.41027e-21
-5.41059e-21
-5.41166e-21
-5.41175e-21
-5.41115e-21
-5.40828e-21
-5.40762e-21
-5.40621e-21
-5.4052e-21
-5.40522e-21
-5.40592e-21
-5.40779e-21
-5.41037e-21
-5.41228e-21
-5.41383e-21
-5.41206e-21
-5.41258e-21
-5.41295e-21
-5.41573e-21
-5.41571e-21
-5.41537e-21
-5.41517e-21
-5.41283e-21
-5.41309e-21
-5.41222e-21
-5.4125e-21
-5.41073e-21
-5.41127e-21
-5.41195e-21
-5.41012e-21
-5.41107e-21
-5.41104e-21
-5.41281e-21
-5.41461e-21
-5.4149e-21
-5.41423e-21
-5.41406e-21
-5.41489e-21
-5.41294e-21
-5.4111e-21
-5.41051e-21
-5.40948e-21
-5.40779e-21
-5.4071e-21
-5.40624e-21
-5.4066e-21
-5.40661e-21
-5.40705e-21
-5.40918e-21
-5.40975e-21
-5.41077e-21
-5.41055e-21
-5.41057e-21
-5.41053e-21
-5.41035e-21
-5.41058e-21
-5.41092e-21
-5.4125e-21
-5.41102e-21
-5.41105e-21
-5.41071e-21
-5.41129e-21
-5.41088e-21
-5.41075e-21
-5.40948e-21
-5.41131e-21
-5.41054e-21
-5.40927e-21
-5.4091e-21
-5.40885e-21
-5.4081e-21
-5.40613e-21
-5.40506e-21
-5.40307e-21
-5.40413e-21
-5.40615e-21
-5.41024e-21
-5.41131e-21
-5.41142e-21
-5.41107e-21
-5.41136e-21
-5.41083e-21
-5.4107e-21
-5.41026e-21
-5.4103e-21
-5.40945e-21
-5.41117e-21
-5.41057e-21
-5.41029e-21
-5.41031e-21
-5.41104e-21
-5.41009e-21
-5.4109e-21
-5.41109e-21
-5.41237e-21
-5.41245e-21
-5.41341e-21
-5.41577e-21
-5.4187e-21
-5.41928e-21
-5.41849e-21
-5.42058e-21
-5.42111e-21
-5.42084e-21
-5.41944e-21
-5.41745e-21
-5.41615e-21
-5.41488e-21
-5.41547e-21
-5.41261e-21
-5.41081e-21
-5.41037e-21
-5.40905e-21
-5.40978e-21
-5.40943e-21
-5.41117e-21
-5.41208e-21
-5.41306e-21
-5.41533e-21
-5.41613e-21
-5.41625e-21
-5.41804e-21
-5.417e-21
-5.41472e-21
-5.41213e-21
-5.41048e-21
-5.41029e-21
-5.40937e-21
-5.40885e-21
-5.40988e-21
-5.41055e-21
-5.41145e-21
-5.41237e-21
-5.41293e-21
-5.41443e-21
-5.41556e-21
-5.41663e-21
-5.4145e-21
-5.41535e-21
-5.41569e-21
-5.41511e-21
-5.4141e-21
-5.4141e-21
-5.414e-21
-5.41496e-21
-5.41599e-21
-5.41612e-21
-5.41438e-21
-5.41562e-21
-5.41545e-21
-5.41576e-21
-5.41556e-21
-5.41774e-21
-5.41631e-21
-5.41708e-21
-5.41746e-21
-5.41858e-21
-5.41875e-21
-5.41852e-21
-5.41777e-21
-5.41735e-21
-5.41726e-21
-5.41798e-21
-5.4174e-21
-5.41904e-21
-5.41774e-21
-5.41724e-21
-5.41674e-21
-5.41823e-21
-5.41934e-21
-5.42158e-21
-5.42277e-21
-5.42428e-21
-5.42536e-21
-5.42584e-21
-5.4241e-21
-5.42058e-21
-5.41993e-21
-5.41789e-21
-5.41782e-21
-5.41666e-21
-5.41751e-21
-5.41647e-21
-5.41584e-21
-5.41639e-21
-5.41564e-21
-5.41503e-21
-5.41278e-21
-5.41261e-21
-5.41309e-21
-5.41717e-21
-5.41857e-21
-5.4209e-21
-5.42306e-21
-5.42242e-21
-5.42183e-21
-5.42142e-21
-5.42108e-21
-5.41908e-21
-5.41627e-21
-5.41726e-21
-5.41711e-21
-5.41667e-21
-5.4166e-21
-5.41584e-21
-5.41549e-21
-5.41563e-21
-5.41661e-21
-5.41851e-21
-5.41965e-21
-5.41883e-21
-5.41967e-21
-5.4188e-21
-5.41784e-21
-5.41672e-21
-5.41791e-21
-5.41932e-21
-5.41947e-21
-5.41976e-21
-5.42123e-21
-5.42063e-21
-5.42051e-21
-5.4225e-21
-5.4218e-21
-5.42177e-21
-5.42038e-21
-5.42039e-21
-5.42147e-21
-5.42329e-21
-5.42359e-21
-5.42434e-21
-5.42434e-21
-5.42205e-21
-5.41914e-21
-5.41947e-21
-5.42023e-21
-5.42026e-21
-5.41894e-21
-5.42103e-21
-5.42149e-21
-5.42405e-21
-5.42341e-21
-5.42378e-21
-5.42509e-21
-5.42281e-21
-5.41974e-21
-5.42054e-21
-5.42119e-21
-5.42172e-21
-5.4234e-21
-5.42547e-21
-5.42701e-21
-5.42655e-21
-5.42473e-21
-5.42337e-21
-5.42138e-21
-5.41954e-21
-5.41927e-21
-5.4184e-21
-5.42001e-21
-5.41939e-21
-5.41898e-21
-5.41725e-21
-5.41641e-21
-5.41551e-21
-5.41461e-21
-5.41493e-21
-5.41474e-21
-5.4164e-21
-5.41741e-21
-5.41826e-21
-5.41974e-21
-5.41878e-21
-5.41676e-21
-5.41468e-21
-5.41205e-21
-5.41165e-21
-5.41038e-21
-5.41288e-21
-5.41273e-21
-5.41365e-21
-5.41437e-21
-5.4164e-21
-5.41843e-21
-5.42095e-21
-5.42048e-21
-5.42183e-21
-5.42163e-21
-5.41988e-21
-5.41716e-21
-5.41475e-21
-5.41417e-21
-5.41259e-21
-5.41319e-21
-5.41307e-21
-5.41444e-21
-5.41706e-21
-5.41751e-21
-5.41807e-21
-5.4207e-21
-5.41858e-21
-5.41735e-21
-5.41516e-21
-5.41414e-21
-5.4144e-21
-5.41285e-21
-5.41125e-21
-5.40941e-21
-5.41077e-21
-5.41178e-21
-5.41237e-21
-5.41681e-21
-5.41726e-21
-5.41596e-21
-5.41616e-21
-5.41415e-21
-5.41314e-21
-5.41343e-21
-5.41449e-21
-5.41469e-21
-5.41762e-21
-5.41785e-21
-5.41931e-21
-5.41876e-21
-5.4183e-21
-5.41749e-21
-5.41771e-21
-5.41701e-21
-5.41775e-21
-5.42074e-21
-5.42225e-21
-5.42409e-21
-5.42348e-21
-5.42032e-21
-5.41479e-21
-5.41092e-21
-5.40842e-21
-5.40831e-21
-5.40938e-21
-5.41043e-21
-5.41297e-21
-5.41628e-21
-5.41784e-21
-5.41642e-21
-5.41665e-21
-5.41517e-21
-5.41294e-21
-5.41064e-21
-5.41025e-21
-5.40859e-21
-5.40848e-21
-5.41072e-21
-5.41061e-21
-5.41355e-21
-5.4133e-21
-5.41521e-21
-5.41738e-21
-5.41898e-21
-5.41823e-21
-5.41972e-21
-5.41723e-21
-5.4167e-21
-5.41658e-21
-5.41533e-21
-5.41459e-21
-5.41461e-21
-5.4119e-21
-5.41266e-21
-5.41144e-21
-5.41339e-21
-5.41399e-21
-5.41599e-21
-5.4169e-21
-5.41864e-21
-5.41857e-21
-5.41763e-21
-5.41648e-21
-5.41548e-21
-5.41487e-21
-5.41538e-21
-5.41672e-21
-5.41541e-21
-5.41627e-21
-5.41733e-21
-5.41842e-21
-5.42032e-21
-5.42205e-21
-5.4223e-21
-5.42331e-21
-5.42418e-21
-5.42557e-21
-5.42646e-21
-5.42459e-21
-5.42279e-21
-5.42081e-21
-5.42004e-21
-5.41702e-21
-5.41726e-21
-5.41751e-21
-5.41928e-21
-5.41876e-21
-5.42038e-21
-5.41927e-21
-5.41932e-21
-5.42088e-21
-5.42188e-21
-5.42206e-21
-5.4225e-21
-5.42059e-21
-5.41998e-21
-5.42005e-21
-5.4201e-21
-5.4203e-21
-5.4198e-21
-5.4182e-21
-5.41621e-21
-5.41394e-21
-5.41339e-21
-5.41351e-21
-5.41521e-21
-5.41635e-21
-5.4153e-21
-5.41669e-21
-5.41413e-21
-5.41234e-21
-5.41149e-21
-5.41126e-21
-5.40854e-21
-5.40997e-21
-5.40937e-21
-5.40846e-21
-5.40957e-21
-5.40876e-21
-5.41037e-21
-5.40885e-21
-5.40933e-21
-5.41006e-21
-5.4115e-21
-5.41511e-21
-5.41874e-21
-5.42012e-21
-5.42371e-21
-5.42297e-21
-5.42062e-21
-5.41936e-21
-5.41871e-21
-5.41583e-21
-5.41459e-21
-5.41169e-21
-5.41205e-21
-5.40913e-21
-5.40798e-21
-5.40413e-21
-5.40238e-21
-5.40032e-21
-5.40079e-21
-5.40151e-21
-5.40312e-21
-5.40494e-21
-5.40757e-21
-5.40993e-21
-5.41081e-21
-5.41229e-21
-5.41296e-21
-5.41327e-21
-5.41288e-21
-5.41215e-21
-5.41164e-21
-5.41142e-21
-5.41048e-21
-5.40966e-21
-5.40869e-21
-5.40711e-21
-5.40474e-21
-5.40227e-21
-5.40148e-21
-5.39997e-21
-5.39981e-21
-5.40106e-21
-5.40298e-21
-5.40546e-21
-5.40799e-21
-5.41002e-21
-5.41121e-21
-5.41343e-21
-5.41347e-21
-5.41246e-21
-5.41292e-21
-5.41121e-21
-5.40986e-21
-5.40836e-21
-5.40771e-21
-5.40409e-21
-5.40206e-21
-5.40199e-21
-5.40105e-21
-5.39944e-21
-5.40018e-21
-5.39926e-21
-5.39988e-21
-5.40218e-21
-5.40263e-21
-5.4038e-21
-5.40634e-21
-5.40945e-21
-5.41101e-21
-5.41444e-21
-5.41683e-21
-5.41798e-21
-5.41666e-21
-5.41243e-21
-5.41107e-21
-5.40996e-21
-5.40962e-21
-5.40868e-21
-5.40929e-21
-5.4073e-21
-5.40618e-21
-5.40468e-21
-5.40445e-21
-5.40381e-21
-5.40412e-21
-5.40577e-21
-5.40742e-21
-5.41007e-21
-5.41272e-21
-5.41495e-21
-5.4144e-21
-5.41503e-21
-5.41448e-21
-5.41306e-21
-5.41309e-21
-5.41178e-21
-5.41057e-21
-5.40991e-21
-5.40847e-21
-5.40762e-21
-5.40897e-21
-5.41146e-21
-5.41288e-21
-5.41566e-21
-5.41722e-21
-5.41708e-21
-5.41916e-21
-5.41997e-21
-5.41884e-21
-5.4186e-21
-5.41632e-21
-5.41661e-21
-5.41763e-21
-5.41585e-21
-5.41691e-21
-5.41597e-21
-5.41526e-21
-5.41439e-21
-5.4132e-21
-5.41147e-21
-5.41242e-21
-5.41354e-21
-5.41534e-21
-5.4162e-21
-5.41706e-21
-5.41635e-21
-5.41497e-21
-5.4116e-21
-5.40891e-21
-5.40898e-21
-5.40844e-21
-5.40694e-21
-5.40493e-21
-5.40449e-21
-5.40473e-21
-5.4066e-21
-5.40657e-21
-5.4086e-21
-5.40887e-21
-5.4089e-21
-5.40857e-21
-5.41055e-21
-5.40935e-21
-5.41039e-21
-5.4106e-21
-5.41058e-21
-5.41041e-21
-5.40839e-21
-5.40562e-21
-5.40458e-21
-5.40734e-21
-5.40612e-21
-5.40782e-21
-5.40686e-21
-5.40825e-21
-5.40849e-21
-5.40855e-21
-5.40902e-21
-5.40929e-21
-5.41162e-21
-5.41193e-21
-5.4131e-21
-5.41275e-21
-5.41318e-21
-5.41281e-21
-5.41148e-21
-5.41127e-21
-5.41077e-21
-5.40903e-21
-5.40918e-21
-5.4104e-21
-5.41043e-21
-5.41099e-21
-5.41379e-21
-5.41563e-21
-5.42022e-21
-5.42249e-21
-5.42319e-21
-5.42289e-21
-5.42071e-21
-5.41949e-21
-5.41839e-21
-5.41708e-21
-5.41597e-21
-5.41416e-21
-5.41547e-21
-5.41588e-21
-5.41505e-21
-5.41576e-21
-5.41625e-21
-5.41701e-21
-5.41744e-21
-5.41562e-21
-5.41357e-21
-5.41266e-21
-5.41105e-21
-5.40994e-21
-5.41146e-21
-5.41345e-21
-5.41577e-21
-5.41745e-21
-5.41759e-21
-5.41477e-21
-5.41327e-21
-5.41288e-21
-5.41228e-21
-5.41199e-21
-5.40992e-21
-5.41097e-21
-5.40814e-21
-5.40782e-21
-5.40609e-21
-5.40386e-21
-5.40413e-21
-5.40549e-21
-5.40453e-21
-5.40302e-21
-5.40458e-21
-5.40659e-21
-5.40604e-21
-5.40646e-21
-5.40733e-21
-5.40809e-21
-5.40896e-21
-5.40835e-21
-5.41016e-21
-5.41319e-21
-5.41456e-21
-5.41497e-21
-5.41525e-21
-5.41602e-21
-5.41606e-21
-5.41508e-21
-5.41548e-21
-5.41312e-21
-5.41246e-21
-5.41256e-21
-5.41335e-21
-5.41317e-21
-5.41167e-21
-5.41117e-21
-5.4109e-21
-5.41156e-21
-5.4111e-21
-5.41081e-21
-5.40987e-21
-5.41035e-21
-5.40984e-21
-5.41162e-21
-5.41277e-21
-5.41326e-21
-5.41338e-21
-5.41226e-21
-5.41258e-21
-5.41256e-21
-5.41282e-21
-5.41053e-21
-5.41227e-21
-5.41227e-21
-5.41327e-21
-5.41532e-21
-5.41698e-21
-5.41719e-21
-5.4188e-21
-5.41924e-21
-5.41959e-21
-5.41961e-21
-5.41807e-21
-5.41567e-21
-5.41468e-21
-5.41617e-21
-5.41486e-21
-5.41821e-21
-5.41841e-21
-5.41801e-21
-5.41876e-21
-5.42001e-21
-5.41995e-21
-5.42068e-21
-5.42087e-21
-5.42021e-21
-5.42093e-21
-5.42093e-21
-5.42127e-21
-5.42057e-21
-5.41722e-21
-5.41762e-21
-5.41824e-21
-5.41959e-21
-5.42076e-21
-5.42166e-21
-5.423e-21
-5.42351e-21
-5.42378e-21
-5.42277e-21
-5.42248e-21
-5.42245e-21
-5.42023e-21
-5.42104e-21
-5.41985e-21
-5.41839e-21
-5.41622e-21
-5.41347e-21
-5.41335e-21
-5.41079e-21
-5.4104e-21
-5.41022e-21
-5.4097e-21
-5.41021e-21
-5.41112e-21
-5.41135e-21
-5.41109e-21
-5.41281e-21
-5.41245e-21
-5.41291e-21
-5.41233e-21
-5.4129e-21
-5.41415e-21
-5.41289e-21
-5.41075e-21
-5.41184e-21
-5.41176e-21
-5.40953e-21
-5.40941e-21
-5.41017e-21
-5.40933e-21
-5.40973e-21
-5.41167e-21
-5.41314e-21
-5.41526e-21
-5.41615e-21
-5.41619e-21
-5.41557e-21
-5.41823e-21
-5.41657e-21
-5.41475e-21
-5.41496e-21
-5.41423e-21
-5.41394e-21
-5.41258e-21
-5.41171e-21
-5.4118e-21
-5.41222e-21
-5.41465e-21
-5.41363e-21
-5.41544e-21
-5.41639e-21
-5.41738e-21
-5.41612e-21
-5.41688e-21
-5.41696e-21
-5.41574e-21
-5.41489e-21
-5.41513e-21
-5.41464e-21
-5.41476e-21
-5.41565e-21
-5.41871e-21
-5.41985e-21
-5.41931e-21
-5.42001e-21
-5.41873e-21
-5.41534e-21
-5.41357e-21
-5.41279e-21
-5.41061e-21
-5.40918e-21
-5.40823e-21
-5.40923e-21
-5.4101e-21
-5.41228e-21
-5.41391e-21
-5.41426e-21
-5.4161e-21
-5.41726e-21
-5.41897e-21
-5.42031e-21
-5.42164e-21
-5.42463e-21
-5.42392e-21
-5.42309e-21
-5.42268e-21
-5.42096e-21
-5.42252e-21
-5.4197e-21
-5.4188e-21
-5.41849e-21
-5.41728e-21
-5.41732e-21
-5.41794e-21
-5.41844e-21
-5.41941e-21
-5.41818e-21
-5.41964e-21
-5.41926e-21
-5.41911e-21
-5.41809e-21
-5.4188e-21
-5.41586e-21
-5.41581e-21
-5.41595e-21
-5.41651e-21
-5.41765e-21
-5.41973e-21
-5.41791e-21
-5.41498e-21
-5.41507e-21
-5.41437e-21
-5.41474e-21
-5.41565e-21
-5.4148e-21
-5.41577e-21
-5.41528e-21
-5.41498e-21
-5.41474e-21
-5.41611e-21
-5.41583e-21
-5.41492e-21
-5.41397e-21
-5.41464e-21
-5.41503e-21
-5.41478e-21
-5.41493e-21
-5.41548e-21
-5.4163e-21
-5.41709e-21
-5.41841e-21
-5.41905e-21
-5.419e-21
-5.42159e-21
-5.42395e-21
-5.42275e-21
-5.42149e-21
-5.4208e-21
-5.41915e-21
-5.41516e-21
-5.41474e-21
-5.41622e-21
-5.41697e-21
-5.42031e-21
-5.42197e-21
-5.42339e-21
-5.42387e-21
-5.42483e-21
-5.4242e-21
-5.42348e-21
-5.42089e-21
-5.42008e-21
-5.41768e-21
-5.41826e-21
-5.4183e-21
-5.4199e-21
-5.4202e-21
-5.42185e-21
-5.42209e-21
-5.4214e-21
-5.42005e-21
-5.41785e-21
-5.41588e-21
-5.41652e-21
-5.41485e-21
-5.41473e-21
-5.41394e-21
-5.41244e-21
-5.4121e-21
-5.41273e-21
-5.41388e-21
-5.41615e-21
-5.41699e-21
-5.41592e-21
-5.41426e-21
-5.41438e-21
-5.41356e-21
-5.41347e-21
-5.41303e-21
-5.41492e-21
-5.41798e-21
-5.41964e-21
-5.41997e-21
-5.42033e-21
-5.42075e-21
-5.42122e-21
-5.42347e-21
-5.42462e-21
-5.42623e-21
-5.42706e-21
-5.42635e-21
-5.42502e-21
-5.42346e-21
-5.4213e-21
-5.42002e-21
-5.41976e-21
-5.41803e-21
-5.4144e-21
-5.41336e-21
-5.41317e-21
-5.41364e-21
-5.41494e-21
-5.41549e-21
-5.41365e-21
-5.41206e-21
-5.41231e-21
-5.4115e-21
-5.41077e-21
-5.41215e-21
-5.41367e-21
-5.41431e-21
-5.41242e-21
-5.41307e-21
-5.41454e-21
-5.41491e-21
-5.41845e-21
-5.42321e-21
-5.42445e-21
-5.42485e-21
-5.42405e-21
-5.42287e-21
-5.42104e-21
-5.41832e-21
-5.41469e-21
-5.4146e-21
-5.4141e-21
-5.41511e-21
-5.41559e-21
-5.41939e-21
-5.42214e-21
-5.42402e-21
-5.42479e-21
-5.4219e-21
-5.42087e-21
-5.42034e-21
-5.41928e-21
-5.41818e-21
-5.41915e-21
-5.41943e-21
-5.41976e-21
-5.41878e-21
-5.41832e-21
-5.41811e-21
-5.41786e-21
-5.41568e-21
-5.41599e-21
-5.41742e-21
-5.41884e-21
-5.41813e-21
-5.41745e-21
-5.42035e-21
-5.42002e-21
-5.41944e-21
-5.42139e-21
-5.42238e-21
-5.42227e-21
-5.42254e-21
-5.41986e-21
-5.41793e-21
-5.41479e-21
-5.41229e-21
-5.41027e-21
-5.40984e-21
-5.41043e-21
-5.41335e-21
-5.41659e-21
-5.42142e-21
-5.42365e-21
-5.42249e-21
-5.42095e-21
-5.42137e-21
-5.41931e-21
-5.41614e-21
-5.41444e-21
-5.41432e-21
-5.4116e-21
-5.41011e-21
-5.41275e-21
-5.41406e-21
-5.41406e-21
-5.41622e-21
-5.41826e-21
-5.42149e-21
-5.42397e-21
-5.42505e-21
-5.42516e-21
-5.42562e-21
-5.42539e-21
-5.42506e-21
-5.42571e-21
-5.42675e-21
-5.42395e-21
-5.42026e-21
-5.41576e-21
-5.415e-21
-5.41444e-21
-5.41221e-21
-5.41183e-21
-5.41181e-21
-5.41218e-21
-5.41367e-21
-5.41768e-21
-5.41866e-21
-5.42026e-21
-5.42153e-21
-5.42338e-21
-5.42293e-21
-5.42135e-21
-5.41925e-21
-5.41653e-21
-5.41278e-21
-5.41173e-21
-5.41023e-21
-5.40982e-21
-5.4107e-21
-5.41108e-21
-5.41286e-21
-5.41389e-21
-5.41619e-21
-5.41854e-21
-5.42179e-21
-5.4211e-21
-5.42097e-21
-5.42167e-21
-5.42093e-21
-5.42132e-21
-5.42122e-21
-5.4196e-21
-5.41822e-21
-5.41684e-21
-5.41433e-21
-5.41348e-21
-5.4144e-21
-5.41511e-21
-5.41628e-21
-5.41831e-21
-5.41776e-21
-5.41609e-21
-5.41615e-21
-5.41408e-21
-5.41399e-21
-5.41382e-21
-5.41357e-21
-5.41226e-21
-5.41333e-21
-5.41484e-21
-5.4164e-21
-5.41894e-21
-5.42031e-21
-5.42129e-21
-5.42075e-21
-5.42051e-21
-5.42094e-21
-5.42099e-21
-5.4218e-21
-5.42207e-21
-5.42207e-21
-5.42093e-21
-5.41969e-21
-5.41887e-21
-5.41921e-21
-5.41915e-21
-5.41804e-21
-5.41799e-21
-5.41857e-21
-5.41904e-21
-5.41891e-21
-5.41888e-21
-5.4188e-21
-5.41805e-21
-5.41677e-21
-5.41439e-21
-5.41472e-21
-5.4143e-21
