3.7331e-21
3.72271e-21
3.70414e-21
3.67628e-21
3.63759e-21
3.58611e-21
3.51945e-21
3.4349e-21
3.32992e-21
3.20229e-21
3.05103e-21
2.87723e-21
2.68512e-21
2.48249e-21
2.28042e-21
2.09182e-21
1.92882e-21
1.80054e-21
1.71161e-21
1.66198e-21
1.64785e-21
1.66292e-21
1.69977e-21
1.75088e-21
1.80946e-21
1.86986e-21
1.92773e-21
1.98007e-21
2.0251e-21
2.06211e-21
2.09107e-21
2.11236e-21
2.1264e-21
2.13335e-21
2.13318e-21
2.1258e-21
2.11137e-21
2.0905e-21
2.06453e-21
2.03546e-21
2.00574e-21
1.97809e-21
1.95535e-21
1.94012e-21
1.93435e-21
1.93869e-21
1.95213e-21
1.97216e-21
1.99553e-21
2.01903e-21
2.04002e-21
2.05662e-21
2.06765e-21
2.07267e-21
2.07187e-21
2.0662e-21
2.05724e-21
2.04701e-21
2.03763e-21
2.03089e-21
2.02797e-21
2.02919e-21
2.03412e-21
2.04179e-21
2.05095e-21
2.06037e-21
2.06896e-21
2.0758e-21
2.08019e-21
2.08154e-21
2.07934e-21
2.07323e-21
2.06303e-21
2.04888e-21
2.03152e-21
2.01232e-21
1.9933e-21
1.97658e-21
1.96364e-21
1.95489e-21
1.94954e-21
1.94623e-21
1.94371e-21
1.94119e-21
1.93815e-21
1.9341e-21
1.92836e-21
1.92038e-21
1.91019e-21
1.89872e-21
1.88761e-21
1.87881e-21
1.874e-21
1.87419e-21
1.87953e-21
1.88938e-21
1.90253e-21
1.9175e-21
1.93271e-21
1.94656e-21
1.95764e-21
1.96459e-21
1.9664e-21
1.96257e-21
1.95331e-21
1.93962e-21
1.92321e-21
1.90607e-21
1.89024e-21
1.87726e-21
1.86808e-21
1.86292e-21
1.86153e-21
1.86347e-21
1.86822e-21
1.87537e-21
1.88455e-21
1.89542e-21
1.90748e-21
1.91981e-21
1.93103e-21
1.93942e-21
1.94348e-21
1.94272e-21
1.93822e-21
1.93271e-21
1.92996e-21
1.93358e-21
1.94578e-21
1.96658e-21
1.99383e-21
2.02397e-21
2.05304e-21
2.07774e-21
2.09605e-21
2.10748e-21
2.11282e-21
2.11374e-21
2.11217e-21
2.10981e-21
2.10775e-21
2.10622e-21
2.10479e-21
2.10265e-21
2.09882e-21
2.09243e-21
2.08298e-21
2.07055e-21
2.05578e-21
2.03992e-21
2.02452e-21
2.0112e-21
2.00106e-21
1.99443e-21
1.99075e-21
1.98878e-21
1.98725e-21
1.98533e-21
1.98293e-21
1.98066e-21
1.97957e-21
1.98089e-21
1.98562e-21
1.99432e-21
2.00682e-21
2.02217e-21
2.03872e-21
2.05431e-21
2.0666e-21
2.07347e-21
2.07334e-21
2.06548e-21
2.05051e-21
2.03035e-21
2.00797e-21
1.98649e-21
1.96823e-21
1.95394e-21
1.94295e-21
1.93382e-21
1.92541e-21
1.9176e-21
1.91148e-21
1.90885e-21
1.91154e-21
1.92058e-21
1.93553e-21
1.95446e-21
1.97445e-21
1.99247e-21
2.00614e-21
2.01411e-21
2.01622e-21
2.01316e-21
2.00626e-21
1.99689e-21
1.98625e-21
1.97505e-21
1.96363e-21
1.95231e-21
1.94157e-21
1.93229e-21
1.92578e-21
1.92353e-21
1.92694e-21
1.93695e-21
1.95371e-21
1.97639e-21
2.00326e-21
2.03192e-21
2.05975e-21
2.08423e-21
2.10328e-21
2.11551e-21
2.12012e-21
2.1169e-21
2.10626e-21
2.08913e-21
2.06701e-21
2.04193e-21
2.01615e-21
1.99191e-21
1.97113e-21
1.95498e-21
1.94376e-21
1.93699e-21
1.9336e-21
1.93241e-21
1.93243e-21
1.93313e-21
1.93441e-21
1.93651e-21
1.9398e-21
1.94456e-21
1.95075e-21
1.95789e-21
1.96516e-21
1.97153e-21
1.97599e-21
1.97789e-21
1.97695e-21
1.9734e-21
1.96795e-21
1.9617e-21
1.9559e-21
1.9517e-21
1.94995e-21
1.95102e-21
1.95471e-21
1.96031e-21
5.62356e-21
5.58348e-21
5.50542e-21
5.3906e-21
5.2438e-21
5.07351e-21
4.89114e-21
4.70868e-21
4.5363e-21
4.38169e-21
4.2506e-21
4.14755e-21
4.07485e-21
4.03128e-21
4.01168e-21
4.00811e-21
4.01237e-21
4.01875e-21
4.02562e-21
4.03501e-21
4.05075e-21
4.07548e-21
4.10812e-21
4.14396e-21
4.17642e-21
4.19997e-21
4.21234e-21
4.2145e-21
4.20982e-21
4.20317e-21
4.20081e-21
4.21033e-21
4.23811e-21
4.28522e-21
4.34568e-21
4.40993e-21
4.46994e-21
4.52145e-21
4.56284e-21
4.59289e-21
4.60983e-21
4.61128e-21
4.59406e-21
4.55459e-21
4.49065e-21
4.40415e-21
4.30424e-21
4.20791e-21
4.13588e-21
4.10245e-21
4.10697e-21
4.13475e-21
4.16644e-21
4.18641e-21
4.18717e-21
4.16929e-21
4.13915e-21
4.10478e-21
4.0719e-21
4.04261e-21
4.01662e-21
3.99339e-21
3.97239e-21
3.95219e-21
3.93013e-21
3.90362e-21
3.87191e-21
3.83802e-21
3.80979e-21
3.79872e-21
3.81578e-21
3.86576e-21
3.94429e-21
4.03923e-21
4.13605e-21
4.22314e-21
4.29424e-21
4.34768e-21
4.38404e-21
4.40422e-21
4.40943e-21
4.40165e-21
4.38407e-21
4.36066e-21
4.33502e-21
4.30953e-21
4.28524e-21
4.26267e-21
4.24333e-21
4.23063e-21
4.2294e-21
4.24337e-21
4.27212e-21
4.31098e-21
4.35369e-21
4.39581e-21
4.43561e-21
4.47291e-21
4.50623e-21
4.53086e-21
4.53943e-21
4.52507e-21
4.48574e-21
4.42695e-21
4.36027e-21
4.29692e-21
4.24176e-21
4.1945e-21
4.15517e-21
4.12471e-21
4.1005e-21
4.07489e-21
4.04028e-21
3.9944e-21
3.9411e-21
3.88798e-21
3.84304e-21
3.81299e-21
3.80303e-21
3.81641e-21
3.85295e-21
3.90891e-21
3.97986e-21
4.06291e-21
4.1563e-21
4.25724e-21
4.36056e-21
4.45905e-21
4.54447e-21
4.60945e-21
4.64849e-21
4.65854e-21
4.63939e-21
4.59377e-21
4.52762e-21
4.4507e-21
4.37579e-21
4.31524e-21
4.27581e-21
4.25563e-21
4.24697e-21
4.24343e-21
4.24464e-21
4.25406e-21
4.27255e-21
4.2944e-21
4.30992e-21
4.31077e-21
4.29305e-21
4.25704e-21
4.20583e-21
4.14451e-21
4.08028e-21
4.0217e-21
3.97664e-21
3.94949e-21
3.94011e-21
3.94493e-21
3.9585e-21
3.97405e-21
3.98372e-21
3.98053e-21
3.96216e-21
3.93362e-21
3.907e-21
3.89618e-21
3.9087e-21
3.93895e-21
3.96848e-21
3.97513e-21
3.94675e-21
3.89391e-21
3.85139e-21
3.85386e-21
3.90204e-21
3.96632e-21
4.01938e-21
4.0518e-21
4.06607e-21
4.06767e-21
4.06074e-21
4.04757e-21
4.02993e-21
4.01022e-21
3.99213e-21
3.97961e-21
3.97473e-21
3.97641e-21
3.98152e-21
3.9881e-21
3.99762e-21
4.01428e-21
4.04133e-21
4.07782e-21
4.11902e-21
4.15953e-21
4.19652e-21
4.23015e-21
4.26197e-21
4.29264e-21
4.32134e-21
4.34655e-21
4.36727e-21
4.38351e-21
4.39563e-21
4.40376e-21
4.40759e-21
4.40684e-21
4.40206e-21
4.39485e-21
4.3875e-21
4.38222e-21
4.38054e-21
4.38262e-21
4.38687e-21
4.38956e-21
4.38537e-21
4.36881e-21
4.33673e-21
4.28968e-21
4.23219e-21
4.17172e-21
4.1175e-21
4.07976e-21
4.06732e-21
4.08327e-21
4.12201e-21
4.17124e-21
4.21819e-21
4.25482e-21
4.27921e-21
4.29366e-21
4.30207e-21
4.30779e-21
4.31262e-21
4.31642e-21
4.31765e-21
4.31382e-21
4.30197e-21
4.27932e-21
4.24485e-21
4.20063e-21
4.15181e-21
4.10553e-21
4.06848e-21
4.04532e-21
4.03832e-21
4.04703e-21
4.06772e-21
4.09391e-21
3.20415e-21
3.23658e-21
3.26708e-21
3.28944e-21
3.30093e-21
3.30357e-21
3.30307e-21
3.30458e-21
3.3092e-21
3.31453e-21
3.31819e-21
3.32005e-21
3.32236e-21
3.32821e-21
3.34039e-21
3.36034e-21
3.38807e-21
3.42193e-21
3.4587e-21
3.49394e-21
3.52271e-21
3.5409e-21
3.54644e-21
3.53981e-21
3.52318e-21
3.49904e-21
3.46936e-21
3.43621e-21
3.40264e-21
3.37294e-21
3.35148e-21
3.34057e-21
3.33923e-21
3.34418e-21
3.3519e-21
3.36018e-21
3.36839e-21
3.37657e-21
3.38442e-21
3.39108e-21
3.39565e-21
3.39786e-21
3.3983e-21
3.39798e-21
3.39797e-21
3.39933e-21
3.40297e-21
3.40935e-21
3.41791e-21
3.42699e-21
3.4344e-21
3.43858e-21
3.43913e-21
3.43666e-21
3.43191e-21
3.42566e-21
3.41867e-21
3.41183e-21
3.40535e-21
3.39801e-21
3.38707e-21
3.36902e-21
3.34096e-21
3.30202e-21
3.25411e-21
3.20169e-21
3.15089e-21
3.10855e-21
3.08136e-21
3.07418e-21
3.08778e-21
3.1175e-21
3.15528e-21
3.19299e-21
3.22497e-21
3.24847e-21
3.26363e-21
3.27263e-21
3.27807e-21
3.2808e-21
3.27961e-21
3.27301e-21
3.26173e-21
3.24967e-21
3.24271e-21
3.24608e-21
3.26216e-21
3.29015e-21
3.32711e-21
3.36955e-21
3.41428e-21
3.45873e-21
3.50111e-21
3.5404e-21
3.57648e-21
3.60969e-21
3.64022e-21
3.66786e-21
3.69185e-21
3.71102e-21
3.72386e-21
3.72865e-21
3.72414e-21
3.7106e-21
3.69133e-21
3.67273e-21
3.66165e-21
3.66114e-21
3.6685e-21
3.67736e-21
3.68185e-21
3.67879e-21
3.66776e-21
3.65041e-21
3.62998e-21
3.61039e-21
3.59567e-21
3.58926e-21
3.59322e-21
3.60737e-21
3.62907e-21
3.65338e-21
3.67376e-21
3.68321e-21
3.67593e-21
3.64918e-21
3.60529e-21
3.55267e-21
3.50413e-21
3.4721e-21
3.46387e-21
3.47952e-21
3.5131e-21
3.55602e-21
3.60023e-21
3.63924e-21
3.66794e-21
3.68237e-21
3.67996e-21
3.66057e-21
3.62696e-21
3.58446e-21
3.53992e-21
3.50028e-21
3.47127e-21
3.45643e-21
3.45669e-21
3.47106e-21
3.49749e-21
3.53376e-21
3.57751e-21
3.62557e-21
3.67386e-21
3.71754e-21
3.75197e-21
3.77339e-21
3.77973e-21
3.77081e-21
3.74874e-21
3.71763e-21
3.68258e-21
3.64827e-21
3.61788e-21
3.59265e-21
3.57223e-21
3.55578e-21
3.54263e-21
3.53228e-21
3.52388e-21
3.51567e-21
3.50509e-21
3.4899e-21
3.46977e-21
3.44782e-21
3.43048e-21
3.42455e-21
3.43328e-21
3.45434e-21
3.48166e-21
3.50889e-21
3.53152e-21
3.54702e-21
3.55407e-21
3.55196e-21
3.54049e-21
3.52054e-21
3.49499e-21
3.46897e-21
3.44917e-21
3.44177e-21
3.44979e-21
3.47109e-21
3.49937e-21
3.52725e-21
3.54993e-21
3.56711e-21
3.58253e-21
3.60136e-21
3.6267e-21
3.65721e-21
3.68823e-21
3.71465e-21
3.73288e-21
3.74129e-21
3.73966e-21
3.72858e-21
3.70923e-21
3.68319e-21
3.65235e-21
3.61855e-21
3.58323e-21
3.54736e-21
3.51148e-21
3.47576e-21
3.44064e-21
3.40757e-21
3.38027e-21
3.36482e-21
3.36701e-21
3.38784e-21
3.42193e-21
3.46129e-21
3.49994e-21
3.53513e-21
3.5653e-21
3.58793e-21
3.59918e-21
3.59514e-21
3.57364e-21
3.53524e-21
3.48369e-21
3.42573e-21
3.3702e-21
3.32612e-21
3.30048e-21
3.29662e-21
3.31339e-21
3.34509e-21
3.38301e-21
3.41832e-21
3.44512e-21
3.46226e-21
3.47257e-21
3.47991e-21
3.48622e-21
3.49024e-21
3.4887e-21
3.47885e-21
3.46064e-21
3.43705e-21
3.91916e-21
3.88603e-21
3.85225e-21
3.81931e-21
3.78779e-21
3.75906e-21
3.73596e-21
3.72223e-21
3.72109e-21
3.73393e-21
3.75984e-21
3.79631e-21
3.8398e-21
3.88559e-21
3.92736e-21
3.95749e-21
3.9685e-21
3.95492e-21
3.9152e-21
3.85348e-21
3.78022e-21
3.71123e-21
3.66385e-21
3.65104e-21
3.6768e-21
3.73593e-21
3.81729e-21
3.90795e-21
3.99523e-21
4.06785e-21
4.11639e-21
4.13379e-21
4.11658e-21
4.06729e-21
3.99621e-21
3.91991e-21
3.8555e-21
3.81354e-21
3.79552e-21
3.7967e-21
3.81044e-21
3.83033e-21
3.85047e-21
3.86508e-21
3.86938e-21
3.86136e-21
3.84333e-21
3.8222e-21
3.80791e-21
3.80983e-21
3.8313e-21
3.86633e-21
3.90244e-21
3.92838e-21
3.9392e-21
3.9365e-21
3.92501e-21
3.90914e-21
3.89103e-21
3.87046e-21
3.84679e-21
3.82046e-21
3.79338e-21
3.76745e-21
3.74344e-21
3.72144e-21
3.702e-21
3.68703e-21
3.67918e-21
3.67946e-21
3.68645e-21
3.69764e-21
3.71074e-21
3.72409e-21
3.73684e-21
3.74936e-21
3.76327e-21
3.78017e-21
3.79949e-21
3.81774e-21
3.82998e-21
3.8323e-21
3.82312e-21
3.80335e-21
3.77699e-21
3.75231e-21
3.74089e-21
3.75104e-21
3.77904e-21
3.80911e-21
3.82293e-21
3.8094e-21
3.76898e-21
3.71317e-21
3.66106e-21
3.63285e-21
3.64249e-21
3.69265e-21
3.77495e-21
3.87417e-21
3.97331e-21
4.05785e-21
4.11795e-21
4.14917e-21
4.15209e-21
4.1311e-21
4.0928e-21
4.04378e-21
3.98906e-21
3.93203e-21
3.87579e-21
3.82387e-21
3.77945e-21
3.7442e-21
3.71807e-21
3.70005e-21
3.68954e-21
3.68725e-21
3.69505e-21
3.71454e-21
3.74612e-21
3.78865e-21
3.84037e-21
3.89961e-21
3.96471e-21
4.03293e-21
4.10006e-21
4.16091e-21
4.20994e-21
4.24144e-21
4.2496e-21
4.22964e-21
4.17984e-21
4.10331e-21
4.00783e-21
3.90454e-21
3.80587e-21
3.72291e-21
3.6631e-21
3.62922e-21
3.61992e-21
3.63153e-21
3.6599e-21
3.70143e-21
3.75349e-21
3.81479e-21
3.88403e-21
3.95814e-21
4.03034e-21
4.091e-21
4.13026e-21
4.14138e-21
4.12269e-21
4.07763e-21
4.013e-21
3.93672e-21
3.85596e-21
3.77599e-21
3.69997e-21
3.62918e-21
3.56392e-21
3.50491e-21
3.45493e-21
3.41955e-21
3.40628e-21
3.42144e-21
3.4652e-21
3.52934e-21
3.60018e-21
3.6644e-21
3.71399e-21
3.74824e-21
3.77292e-21
3.79676e-21
3.8265e-21
3.86312e-21
3.90186e-21
3.93577e-21
3.96038e-21
3.97586e-21
3.98648e-21
3.99772e-21
4.01328e-21
4.03358e-21
4.05604e-21
4.07704e-21
4.09408e-21
4.1074e-21
4.12007e-21
4.13621e-21
4.15751e-21
4.18057e-21
4.19771e-21
4.20029e-21
4.18142e-21
4.13658e-21
4.06308e-21
3.9604e-21
3.83173e-21
3.68648e-21
3.54211e-21
3.42255e-21
3.3504e-21
3.33555e-21
3.36954e-21
3.43095e-21
3.49686e-21
3.55169e-21
3.58962e-21
3.61258e-21
3.62653e-21
3.63805e-21
3.6515e-21
3.66806e-21
3.68591e-21
3.70198e-21
3.71414e-21
3.72262e-21
3.72977e-21
3.73842e-21
3.75047e-21
3.76601e-21
3.78351e-21
3.80006e-21
3.81212e-21
3.81656e-21
3.8117e-21
3.79762e-21
3.77586e-21
3.74902e-21
3.72061e-21
3.69521e-21
3.67778e-21
3.67211e-21
3.67935e-21
3.69798e-21
3.72638e-21
3.7647e-21
3.81375e-21
3.8719e-21
3.93304e-21
3.98777e-21
4.02659e-21
4.04257e-21
4.03281e-21
3.99882e-21
3.94601e-21
3.8831e-21
3.82105e-21
3.77163e-21
3.74443e-21
3.74417e-21
3.76896e-21
3.81087e-21
3.85796e-21
3.89723e-21
3.918e-21
3.91466e-21
3.88745e-21
3.8415e-21
3.78439e-21
3.72385e-21
3.66613e-21
3.61579e-21
3.57661e-21
3.55264e-21
3.54812e-21
3.56664e-21
3.60938e-21
3.67391e-21
3.75417e-21
3.8417e-21
3.92728e-21
4.00242e-21
4.06024e-21
4.0962e-21
4.10861e-21
4.09884e-21
4.07026e-21
4.02656e-21
3.97003e-21
3.90217e-21
3.82621e-21
3.74963e-21
3.68306e-21
3.63493e-21
3.60689e-21
3.59408e-21
3.58923e-21
3.58684e-21
3.58653e-21
3.59339e-21
3.61378e-21
3.6493e-21
3.69494e-21
3.74207e-21
3.78259e-21
3.81137e-21
3.82664e-21
3.82958e-21
3.82435e-21
3.81767e-21
3.81746e-21
3.82977e-21
3.85608e-21
3.8926e-21
3.93259e-21
3.97011e-21
4.00332e-21
4.0348e-21
4.06792e-21
4.103e-21
4.13694e-21
4.16576e-21
4.18685e-21
4.19881e-21
4.20046e-21
4.19041e-21
4.16779e-21
4.13315e-21
4.08858e-21
4.03739e-21
3.98381e-21
3.93286e-21
3.89026e-21
3.86117e-21
3.84825e-21
3.85031e-21
3.86285e-21
3.88018e-21
3.89728e-21
3.91076e-21
3.91868e-21
3.92041e-21
3.91717e-21
3.91283e-21
3.91299e-21
3.92172e-21
3.9382e-21
3.95651e-21
3.96852e-21
3.96729e-21
3.94908e-21
3.91391e-21
3.8658e-21
3.8118e-21
3.7594e-21
3.71368e-21
3.67603e-21
3.64509e-21
3.61906e-21
3.59717e-21
3.57917e-21
3.56447e-21
3.55235e-21
3.54359e-21
3.54219e-21
3.55409e-21
3.58233e-21
3.62284e-21
3.66599e-21
3.70321e-21
3.73126e-21
3.75158e-21
3.76721e-21
3.78068e-21
3.79331e-21
3.80528e-21
3.81584e-21
3.824e-21
3.82973e-21
3.83433e-21
3.83977e-21
3.84659e-21
3.85217e-21
3.85119e-21
3.8381e-21
3.81023e-21
3.76991e-21
3.72426e-21
3.68337e-21
3.65643e-21
3.64766e-21
3.65558e-21
3.67624e-21
3.70708e-21
3.74715e-21
3.79391e-21
3.84157e-21
3.8833e-21
3.91522e-21
3.93846e-21
3.95848e-21
3.98233e-21
4.01519e-21
4.0574e-21
4.10365e-21
4.1448e-21
4.1707e-21
4.17315e-21
4.14796e-21
4.09663e-21
4.02701e-21
3.9515e-21
3.88291e-21
3.82962e-21
3.79349e-21
3.77208e-21
3.76241e-21
3.76394e-21
3.7777e-21
3.80296e-21
3.83484e-21
3.8662e-21
3.89205e-21
3.91272e-21
3.93244e-21
3.95437e-21
3.9769e-21
3.99462e-21
4.00273e-21
4.00039e-21
3.99078e-21
3.97886e-21
3.9689e-21
3.9631e-21
3.96091e-21
3.95921e-21
3.95384e-21
3.9421e-21
3.92502e-21
3.90778e-21
3.89726e-21
3.89832e-21
3.91112e-21
3.93122e-21
3.95189e-21
3.96702e-21
3.97324e-21
3.97021e-21
3.95993e-21
3.9454e-21
3.92983e-21
3.91631e-21
3.90698e-21
3.9018e-21
3.89789e-21
3.89062e-21
3.87719e-21
3.86001e-21
3.8466e-21
3.84517e-21
3.85846e-21
3.88206e-21
3.90858e-21
3.93284e-21
3.95383e-21
3.9733e-21
3.99244e-21
4.00972e-21
4.02113e-21
4.02234e-21
4.01063e-21
3.98611e-21
3.95083e-21
3.90741e-21
3.8583e-21
3.80693e-21
3.76028e-21
3.73001e-21
3.72861e-21
3.76092e-21
3.81842e-21
3.88328e-21
3.9381e-21
3.97281e-21
3.98578e-21
3.98196e-21
3.97042e-21
3.96157e-21
3.96342e-21
3.97816e-21
4.00114e-21
4.02335e-21
4.03536e-21
4.03104e-21
4.01063e-21
3.98255e-21
3.96026e-21
3.95364e-21
3.96208e-21
3.97783e-21
3.99455e-21
4.01095e-21
4.02834e-21
4.04683e-21
4.06378e-21
4.07449e-21
4.07383e-21
4.05751e-21
4.02304e-21
3.97166e-21
3.91132e-21
3.85803e-21
3.83176e-21
3.84631e-21
3.9003e-21
3.9786e-21
4.06186e-21
4.13524e-21
4.19128e-21
4.22889e-21
4.25061e-21
4.26035e-21
4.26113e-21
4.25373e-21
4.23654e-21
4.20685e-21
4.16325e-21
4.10722e-21
4.04271e-21
3.97454e-21
3.90633e-21
3.84023e-21
3.77832e-21
3.724e-21
3.68252e-21
3.65952e-21
3.65861e-21
3.67899e-21
3.71471e-21
3.75631e-21
3.7937e-21
3.81902e-21
3.8279e-21
3.82009e-21
3.79885e-21
3.76958e-21
3.7382e-21
3.70948e-21
3.68679e-21
3.67284e-21
3.67018e-21
3.68099e-21
3.70556e-21
3.74094e-21
3.78064e-21
3.81609e-21
3.83988e-21
3.8488e-21
3.84454e-21
3.83226e-21
3.81848e-21
3.80997e-21
3.81288e-21
3.83165e-21
3.86709e-21
3.91538e-21
3.9689e-21
4.01892e-21
4.05852e-21
4.08503e-21
4.10093e-21
4.11267e-21
4.12719e-21
4.14753e-21
4.17134e-21
4.19291e-21
4.20662e-21
4.20917e-21
4.20042e-21
4.18273e-21
4.15966e-21
4.13459e-21
4.10963e-21
4.08639e-21
4.0674e-21
4.05619e-21
4.05501e-21
4.06185e-21
4.07134e-21
4.07793e-21
4.07825e-21
4.07132e-21
4.05847e-21
4.04335e-21
4.03082e-21
4.02388e-21
4.02109e-21
4.0169e-21
4.00512e-21
3.98183e-21
3.94632e-21
3.90062e-21
3.84881e-21
3.79691e-21
3.75275e-21
3.72485e-21
3.72018e-21
3.74103e-21
3.78307e-21
3.83619e-21
3.88771e-21
3.92597e-21
3.94318e-21
3.9371e-21
3.911e-21
3.87235e-21
3.82996e-21
3.7905e-21
3.75661e-21
3.72751e-21
3.70169e-21
3.67966e-21
3.66387e-21
3.6563e-21
3.65591e-21
3.65899e-21
3.66295e-21
3.66993e-21
3.68614e-21
3.71691e-21
3.76203e-21
3.81609e-21
3.87238e-21
3.92601e-21
3.9741e-21
4.01483e-21
4.04642e-21
4.06687e-21
4.07444e-21
4.06824e-21
4.0493e-21
4.0209e-21
3.98855e-21
3.95881e-21
3.93745e-21
3.92781e-21
3.93001e-21
3.94131e-21
3.95719e-21
3.97288e-21
3.98448e-21
3.98981e-21
3.9884e-21
3.98063e-21
3.96782e-21
3.95187e-21
3.9347e-21
3.91715e-21
3.89826e-21
3.87636e-21
3.85113e-21
3.82505e-21
3.80232e-21
3.7863e-21
3.77785e-21
3.77636e-21
3.78158e-21
3.79392e-21
3.81322e-21
3.83724e-21
3.86059e-21
3.87562e-21
3.87493e-21
3.85465e-21
3.81658e-21
3.76839e-21
3.72159e-21
3.68784e-21
3.67444e-21
3.68193e-21
3.70534e-21
3.73741e-21
3.77041e-21
3.79615e-21
3.80702e-21
3.7986e-21
3.77256e-21
3.73694e-21
3.70265e-21
3.67819e-21
3.66643e-21
3.66573e-21
3.67228e-21
3.68166e-21
3.68956e-21
3.69296e-21
3.69109e-21
3.68531e-21
3.67727e-21
3.66731e-21
3.65486e-21
3.64081e-21
3.62943e-21
3.62694e-21
3.63777e-21
3.66178e-21
3.69465e-21
3.73048e-21
3.76431e-21
3.79348e-21
3.81796e-21
3.83934e-21
3.85812e-21
3.87201e-21
3.87749e-21
3.87392e-21
3.8662e-21
3.86271e-21
3.87037e-21
3.89052e-21
3.91883e-21
3.94821e-21
3.97302e-21
3.9911e-21
4.00344e-21
4.01235e-21
4.01946e-21
4.02438e-21
4.02471e-21
4.0174e-21
4.00062e-21
3.97484e-21
3.94321e-21
3.91007e-21
3.87864e-21
3.84917e-21
3.81984e-21
3.789e-21
3.75692e-21
3.726e-21
3.69968e-21
3.6815e-21
3.67417e-21
3.67897e-21
3.69468e-21
3.71791e-21
3.74379e-21
3.76724e-21
3.78362e-21
3.78863e-21
3.77831e-21
3.75029e-21
3.70662e-21
3.65605e-21
3.61252e-21
3.5889e-21
3.59021e-21
3.61267e-21
3.648e-21
3.68723e-21
3.72193e-21
3.74485e-21
3.75138e-21
3.74207e-21
3.72505e-21
3.7144e-21
3.72257e-21
3.75176e-21
3.79403e-21
3.8385e-21
3.87757e-21
3.90814e-21
3.92984e-21
3.94338e-21
3.94967e-21
3.95029e-21
3.94701e-21
3.94047e-21
3.92932e-21
3.91121e-21
3.88431e-21
3.84809e-21
3.80303e-21
3.75137e-21
3.69898e-21
3.65623e-21
3.63387e-21
3.63729e-21
3.66543e-21
3.71389e-21
3.77783e-21
3.8512e-21
3.92535e-21
3.98956e-21
4.03345e-21
4.05035e-21
4.03887e-21
4.00253e-21
3.94781e-21
3.88201e-21
3.81169e-21
3.74201e-21
3.67719e-21
3.62219e-21
3.58421e-21
3.57212e-21
3.59176e-21
3.63996e-21
3.70332e-21
3.76363e-21
3.80555e-21
3.822e-21
3.81675e-21
3.80291e-21
3.79531e-21
3.80011e-21
3.81118e-21
3.8175e-21
3.81254e-21
3.79728e-21
3.77711e-21
3.75774e-21
3.74242e-21
3.73168e-21
3.72421e-21
3.71839e-21
3.7142e-21
3.71446e-21
3.72376e-21
3.74499e-21
3.7764e-21
3.812e-21
3.84465e-21
3.86943e-21
3.88435e-21
3.88923e-21
3.88393e-21
3.86771e-21
3.83993e-21
3.80181e-21
3.75799e-21
3.71624e-21
3.68543e-21
3.6722e-21
3.67882e-21
3.70274e-21
3.73788e-21
3.77647e-21
3.81066e-21
3.83375e-21
3.84127e-21
3.83207e-21
3.80923e-21
3.78007e-21
3.75348e-21
3.73433e-21
3.71964e-21
3.70082e-21
3.67099e-21
3.63102e-21
3.59027e-21
3.56196e-21
3.55651e-21
3.57735e-21
3.6213e-21
3.68138e-21
3.74917e-21
3.81655e-21
3.87733e-21
3.92789e-21
3.96639e-21
3.99161e-21
4.00213e-21
3.99713e-21
3.97756e-21
3.94735e-21
3.91337e-21
3.88406e-21
3.86651e-21
3.86336e-21
3.87202e-21
3.88662e-21
3.90139e-21
3.91242e-21
3.91754e-21
3.91479e-21
3.90142e-21
3.87428e-21
3.83189e-21
3.77619e-21
3.7131e-21
3.6523e-21
3.60571e-21
3.58558e-21
3.60103e-21
3.6529e-21
3.73044e-21
3.8149e-21
3.88792e-21
3.93753e-21
3.95916e-21
3.95413e-21
3.9282e-21
3.89066e-21
3.85154e-21
3.81732e-21
3.78821e-21
3.76073e-21
3.73425e-21
3.71454e-21
3.70997e-21
3.72417e-21
3.75295e-21
3.78798e-21
3.82288e-21
3.8562e-21
3.88945e-21
3.92279e-21
3.95335e-21
3.97731e-21
3.99255e-21
3.99919e-21
3.99859e-21
3.99251e-21
3.98297e-21
3.97183e-21
3.96017e-21
3.948e-21
3.93471e-21
3.91948e-21
3.90211e-21
3.88439e-21
3.87075e-21
3.86658e-21
3.87471e-21
3.89319e-21
3.91643e-21
3.93784e-21
3.95276e-21
3.95925e-21
3.95774e-21
3.94995e-21
3.93773e-21
3.9226e-21
3.90539e-21
3.88695e-21
3.86925e-21
3.85534e-21
3.84831e-21
3.84982e-21
3.85934e-21
3.87416e-21
3.89032e-21
3.90416e-21
3.91411e-21
3.92145e-21
3.9293e-21
3.94113e-21
3.95902e-21
3.98239e-21
4.00764e-21
4.02871e-21
4.0384e-21
4.03009e-21
3.99899e-21
3.94408e-21
3.87112e-21
3.79536e-21
3.73956e-21
3.72313e-21
3.74917e-21
3.80366e-21
3.8665e-21
3.92127e-21
3.95759e-21
3.97011e-21
3.95823e-21
3.92649e-21
3.88486e-21
3.8465e-21
3.82391e-21
3.82514e-21
3.85135e-21
3.89649e-21
3.94914e-21
3.99579e-21
4.02421e-21
4.02723e-21
4.00684e-21
3.97792e-21
3.96512e-21
3.98657e-21
4.03841e-21
4.10053e-21
4.15474e-21
4.19344e-21
4.21703e-21
4.22917e-21
4.23326e-21
4.23104e-21
4.22274e-21
4.20913e-21
4.19369e-21
4.18273e-21
4.18177e-21
4.191e-21
4.20535e-21
4.2185e-21
4.22563e-21
4.22359e-21
4.21033e-21
4.18552e-21
4.15158e-21
4.11357e-21
4.07664e-21
4.04356e-21
4.01455e-21
3.99007e-21
3.97324e-21
3.96883e-21
3.97939e-21
4.00275e-21
4.03325e-21
4.06472e-21
4.09288e-21
4.11666e-21
4.13823e-21
4.16194e-21
4.19145e-21
4.22624e-21
4.26057e-21
4.28606e-21
4.29605e-21
4.28782e-21
4.26225e-21
4.22258e-21
4.17354e-21
4.12099e-21
4.07128e-21
4.02949e-21
3.99728e-21
3.97182e-21
3.94649e-21
3.91365e-21
3.86848e-21
3.81228e-21
3.75227e-21
3.69712e-21
3.6528e-21
3.6237e-21
3.61471e-21
3.62746e-21
3.65344e-21
3.67651e-21
3.68562e-21
3.6827e-21
3.67698e-21
3.67557e-21
3.68296e-21
3.70508e-21
3.74808e-21
3.81206e-21
3.88928e-21
3.96965e-21
4.04653e-21
4.1168e-21
4.178e-21
4.22676e-21
4.25911e-21
4.27146e-21
4.26166e-21
4.23009e-21
4.18094e-21
4.12226e-21
4.0641e-21
4.01466e-21
3.97701e-21
3.94908e-21
3.92593e-21
3.90325e-21
3.87952e-21
3.85741e-21
3.84358e-21
3.84627e-21
3.87106e-21
3.91716e-21
3.97693e-21
4.03831e-21
4.08854e-21
4.11671e-21
4.11533e-21
4.08137e-21
4.0185e-21
3.9381e-21
3.85738e-21
3.79303e-21
3.75409e-21
3.7407e-21
3.74886e-21
3.77416e-21
3.81152e-21
3.85418e-21
3.89555e-21
3.93146e-21
3.96062e-21
3.98315e-21
3.99895e-21
4.00651e-21
4.00282e-21
3.98385e-21
3.94579e-21
3.88843e-21
3.82086e-21
3.76383e-21
3.73878e-21
3.75052e-21
3.78546e-21
3.82511e-21
3.85592e-21
3.87025e-21
3.86543e-21
3.84397e-21
3.81333e-21
3.78349e-21
3.76205e-21
3.75056e-21
3.7456e-21
3.74335e-21
3.74218e-21
3.74197e-21
3.7423e-21
3.74198e-21
3.74054e-21
3.74067e-21
3.74827e-21
3.7696e-21
3.80612e-21
3.85151e-21
3.8936e-21
3.92057e-21
3.92635e-21
3.91222e-21
3.88526e-21
3.85535e-21
3.83215e-21
3.82288e-21
3.8309e-21
3.85533e-21
3.89162e-21
3.93282e-21
3.971e-21
3.99884e-21
4.01133e-21
4.0062e-21
3.98425e-21
3.94851e-21
3.90356e-21
3.85511e-21
3.80968e-21
3.77403e-21
3.75408e-21
3.75322e-21
3.77035e-21
3.79964e-21
3.83395e-21
3.86854e-21
3.90186e-21
3.93314e-21
3.95997e-21
3.97832e-21
3.98428e-21
3.976e-21
3.95422e-21
3.92206e-21
3.88408e-21
3.84504e-21
3.80951e-21
3.78199e-21
3.76687e-21
3.76813e-21
3.78797e-21
3.8252e-21
3.87511e-21
3.93134e-21
3.98796e-21
4.04091e-21
4.08775e-21
4.12726e-21
4.15852e-21
4.18069e-21
4.19192e-21
4.18835e-21
4.16415e-21
4.11315e-21
4.03238e-21
3.92587e-21
3.80647e-21
3.69292e-21
3.60347e-21
3.54977e-21
3.53487e-21
3.55562e-21
3.60521e-21
3.67509e-21
3.75621e-21
3.84033e-21
3.921e-21
3.99413e-21
4.05715e-21
4.1079e-21
4.14312e-21
4.15774e-21
4.14589e-21
4.10334e-21
4.03155e-21
3.94134e-21
3.85242e-21
3.78632e-21
3.75536e-21
3.7582e-21
3.78505e-21
3.82468e-21
3.86684e-21
3.90262e-21
3.92585e-21
3.93501e-21
3.93307e-21
3.92578e-21
3.91916e-21
3.91785e-21
3.92367e-21
3.93453e-21
3.94511e-21
3.95004e-21
3.9465e-21
3.93429e-21
3.91476e-21
3.89015e-21
3.86387e-21
3.84078e-21
3.8267e-21
3.82645e-21
3.84152e-21
3.86906e-21
3.90342e-21
3.93847e-21
3.96992e-21
3.99585e-21
4.01625e-21
4.03191e-21
4.04342e-21
4.05056e-21
4.05238e-21
4.04888e-21
4.04296e-21
4.04095e-21
4.05031e-21
4.07601e-21
4.11917e-21
4.17791e-21
4.24791e-21
4.32202e-21
4.3905e-21
4.44344e-21
4.4737e-21
4.47854e-21
4.45946e-21
4.42081e-21
4.36788e-21
4.30515e-21
4.23524e-21
4.15898e-21
4.07667e-21
3.98951e-21
3.90087e-21
3.81634e-21
3.74261e-21
3.68515e-21
3.64669e-21
3.62648e-21
3.62131e-21
3.6269e-21
3.64001e-21
3.65996e-21
3.6882e-21
3.72595e-21
3.77193e-21
3.82264e-21
3.87422e-21
3.92348e-21
3.96702e-21
3.99976e-21
4.01566e-21
4.01026e-21
3.98381e-21
3.94302e-21
3.90031e-21
3.87022e-21
3.86394e-21
3.88545e-21
3.931e-21
3.99132e-21
4.05457e-21
4.10939e-21
4.14701e-21
4.16202e-21
4.15229e-21
4.11872e-21
4.06481e-21
3.99679e-21
3.92341e-21
3.85475e-21
3.80072e-21
3.76932e-21
3.76519e-21
3.78894e-21
3.83726e-21
3.90389e-21
3.98048e-21
4.05732e-21
4.12392e-21
4.16964e-21
4.18548e-21
4.16759e-21
4.12311e-21
4.07354e-21
4.04556e-21
4.05105e-21
4.0796e-21
4.11232e-21
4.13624e-21
4.14696e-21
4.14503e-21
4.13265e-21
4.11163e-21
4.08384e-21
4.0523e-21
4.02222e-21
4.00056e-21
3.99399e-21
4.00569e-21
4.03258e-21
4.06614e-21
4.0963e-21
4.11579e-21
4.12262e-21
4.11967e-21
4.11258e-21
4.10671e-21
4.10433e-21
4.10345e-21
4.09865e-21
4.08343e-21
4.05314e-21
4.00754e-21
3.95235e-21
3.89846e-21
3.8581e-21
3.8388e-21
3.8394e-21
3.85163e-21
3.86555e-21
3.87383e-21
3.87333e-21
3.86522e-21
3.85446e-21
3.84711e-21
3.84585e-21
3.84722e-21
3.84392e-21
3.83028e-21
3.80542e-21
3.77201e-21
3.73347e-21
3.69358e-21
3.65837e-21
3.63618e-21
3.63399e-21
3.65289e-21
3.68638e-21
3.72292e-21
3.75081e-21
3.76235e-21
3.75592e-21
3.73569e-21
3.70988e-21
3.68818e-21
3.67876e-21
3.68563e-21
3.707e-21
3.73583e-21
3.76331e-21
3.78344e-21
3.79701e-21
3.81163e-21
3.837e-21
3.87737e-21
3.9275e-21
3.97637e-21
4.01422e-21
4.03675e-21
4.04437e-21
4.04022e-21
4.02809e-21
4.01169e-21
3.99487e-21
3.98172e-21
3.97634e-21
3.98176e-21
3.99826e-21
4.02247e-21
4.04806e-21
4.0677e-21
4.07496e-21
4.06572e-21
4.03902e-21
3.99754e-21
3.94809e-21
3.9014e-21
3.87008e-21
3.8643e-21
3.88731e-21
3.93343e-21
3.9906e-21
4.04492e-21
4.08478e-21
4.10271e-21
4.09567e-21
4.06475e-21
4.01484e-21
3.95475e-21
3.89637e-21
3.85182e-21
3.82879e-21
3.8273e-21
3.84066e-21
3.85995e-21
3.87783e-21
3.88962e-21
3.89288e-21
3.88733e-21
3.87523e-21
3.86162e-21
3.85284e-21
3.85408e-21
3.8676e-21
3.89298e-21
3.92867e-21
3.97206e-21
4.01855e-21
4.06121e-21
4.09187e-21
4.10354e-21
4.09262e-21
4.06018e-21
4.01186e-21
3.95593e-21
3.90045e-21
3.8509e-21
3.80992e-21
3.77885e-21
3.75957e-21
3.75477e-21
3.76655e-21
3.79403e-21
3.83226e-21
3.87345e-21
3.90966e-21
3.93489e-21
3.94591e-21
3.94248e-21
3.9269e-21
3.90328e-21
3.87667e-21
3.85199e-21
3.83289e-21
3.82128e-21
3.81726e-21
3.81955e-21
3.82598e-21
3.83418e-21
3.84226e-21
3.84966e-21
3.85741e-21
3.86887e-21
3.88902e-21
3.92244e-21
3.9707e-21
4.03076e-21
4.09546e-21
4.15518e-21
4.20019e-21
4.22289e-21
4.21922e-21
4.19003e-21
4.14127e-21
4.08329e-21
4.02854e-21
3.98807e-21
3.9679e-21
3.96679e-21
3.97705e-21
3.98823e-21
3.99035e-21
3.9757e-21
3.93963e-21
3.88176e-21
3.80696e-21
3.72501e-21
3.64905e-21
3.59145e-21
3.55986e-21
3.55592e-21
3.57617e-21
3.61401e-21
3.66179e-21
3.71222e-21
3.75932e-21
3.79847e-21
3.8264e-21
3.8414e-21
3.84489e-21
3.84377e-21
3.85134e-21
3.88232e-21
3.94138e-21
4.01682e-21
4.08771e-21
4.13571e-21
4.15019e-21
4.12745e-21
4.06898e-21
3.98143e-21
3.87782e-21
3.77784e-21
3.70486e-21
3.67857e-21
3.7055e-21
3.77441e-21
3.86197e-21
3.94393e-21
4.0031e-21
4.03061e-21
4.02447e-21
3.989e-21
3.93601e-21
3.88475e-21
3.85768e-21
3.87054e-21
3.92334e-21
3.99993e-21
4.07627e-21
4.13042e-21
4.14848e-21
4.12757e-21
4.07566e-21
4.00734e-21
3.93568e-21
3.86804e-21
3.80905e-21
3.76392e-21
3.73628e-21
3.72467e-21
3.7244e-21
3.73177e-21
3.74529e-21
3.76283e-21
3.78041e-21
3.79461e-21
3.80521e-21
3.81439e-21
3.82409e-21
3.83468e-21
3.84552e-21
3.85655e-21
3.86791e-21
3.87842e-21
3.88506e-21
3.88455e-21
3.87562e-21
3.86012e-21
3.84177e-21
3.82427e-21
3.81083e-21
3.80613e-21
3.81662e-21
3.84562e-21
3.88719e-21
3.92877e-21
3.96048e-21
3.98018e-21
3.99147e-21
3.99946e-21
4.00689e-21
4.01252e-21
4.0125e-21
4.00368e-21
3.98688e-21
3.96751e-21
3.95331e-21
3.95038e-21
3.9603e-21
3.98002e-21
4.00405e-21
4.02693e-21
4.04481e-21
4.0559e-21
4.06057e-21
4.06114e-21
4.06033e-21
4.05917e-21
4.05674e-21
4.05265e-21
4.04987e-21
4.05434e-21
4.07118e-21
4.10024e-21
4.13504e-21
4.16598e-21
4.18434e-21
4.18468e-21
4.16492e-21
4.12622e-21
4.07245e-21
4.00951e-21
3.94427e-21
3.88301e-21
3.83006e-21
3.78692e-21
3.75279e-21
3.72636e-21
3.70761e-21
3.69806e-21
3.69984e-21
3.71413e-21
3.74026e-21
3.77617e-21
3.81875e-21
3.8642e-21
3.90749e-21
3.94203e-21
3.96078e-21
3.95848e-21
3.93455e-21
3.89551e-21
3.85456e-21
3.82619e-21
3.81871e-21
3.83077e-21
3.8548e-21
3.88402e-21
3.91592e-21
3.95093e-21
3.98941e-21
4.02996e-21
4.06955e-21
4.10479e-21
4.13263e-21
4.1512e-21
4.16043e-21
4.1622e-21
4.15941e-21
4.15448e-21
4.14794e-21
4.13788e-21
4.12048e-21
4.09136e-21
4.04727e-21
3.98753e-21
3.91504e-21
3.83671e-21
3.76271e-21
3.70453e-21
3.67199e-21
3.67067e-21
3.70069e-21
3.7573e-21
3.83235e-21
3.91619e-21
3.99916e-21
4.07265e-21
4.12941e-21
4.16377e-21
4.17219e-21
4.15524e-21
4.12017e-21
4.08237e-21
4.06095e-21
4.06802e-21
4.10051e-21
4.14424e-21
4.18412e-21
4.20995e-21
4.21672e-21
4.20454e-21
4.17911e-21
4.15079e-21
4.13127e-21
4.12966e-21
4.14956e-21
4.18804e-21
4.23716e-21
4.28625e-21
4.3244e-21
4.34268e-21
4.33555e-21
4.30089e-21
4.23925e-21
4.15311e-21
4.0471e-21
3.92983e-21
3.81479e-21
3.71789e-21
3.65159e-21
3.62121e-21
3.62534e-21
3.6575e-21
3.70719e-21
3.76175e-21
3.80914e-21
3.84038e-21
3.85077e-21
3.83986e-21
3.81079e-21
3.77004e-21
3.72819e-21
3.69918e-21
3.69565e-21
3.72268e-21
3.77538e-21
3.84219e-21
3.9102e-21
3.96882e-21
4.01078e-21
4.032e-21
4.03159e-21
4.01233e-21
3.98132e-21
3.94874e-21
3.92416e-21
3.91231e-21
3.91124e-21
3.91449e-21
3.91482e-21
3.90833e-21
3.89647e-21
3.8862e-21
3.8872e-21
3.9061e-21
3.94124e-21
3.98306e-21
4.01913e-21
4.0396e-21
4.0399e-21
4.0206e-21
3.98614e-21
3.94324e-21
3.8996e-21
3.86276e-21
3.8389e-21
3.83155e-21
3.8401e-21
3.85983e-21
3.88366e-21
3.90478e-21
3.9191e-21
3.9262e-21
3.92845e-21
3.92953e-21
3.93273e-21
3.93951e-21
3.94863e-21
3.95578e-21
3.95378e-21
3.935e-21
3.89576e-21
3.83924e-21
3.77494e-21
3.71466e-21
3.66776e-21
3.63836e-21
3.62645e-21
3.62982e-21
3.64559e-21
3.67113e-21
3.7044e-21
3.74383e-21
3.78834e-21
3.83695e-21
3.88807e-21
3.93865e-21
3.98427e-21
4.02089e-21
4.04696e-21
4.06433e-21
4.07733e-21
4.09085e-21
4.10817e-21
4.13024e-21
4.15575e-21
4.18199e-21
4.20562e-21
4.22299e-21
4.23036e-21
4.22442e-21
4.20356e-21
4.16898e-21
4.12543e-21
4.08037e-21
4.04199e-21
4.01698e-21
4.009e-21
4.01771e-21
4.0382e-21
4.06178e-21
4.07762e-21
4.07563e-21
4.04983e-21
4.00076e-21
3.93638e-21
3.87073e-21
3.81988e-21
3.79635e-21
3.8045e-21
3.83985e-21
3.89202e-21
3.94905e-21
4.00039e-21
4.03851e-21
4.05917e-21
4.06133e-21
4.0465e-21
4.01755e-21
3.97733e-21
3.92776e-21
3.87068e-21
3.81059e-21
3.75783e-21
3.72686e-21
3.72798e-21
3.7588e-21
3.80598e-21
3.85493e-21
3.89691e-21
3.92995e-21
3.95671e-21
3.98188e-21
4.00986e-21
4.0429e-21
4.07985e-21
4.11608e-21
4.14493e-21
4.15983e-21
4.15641e-21
4.13313e-21
4.0913e-21
4.03477e-21
3.96956e-21
3.90362e-21
3.84593e-21
3.80506e-21
3.78692e-21
3.79273e-21
3.81904e-21
3.85948e-21
3.90725e-21
3.95672e-21
4.00384e-21
4.04588e-21
4.08079e-21
4.10673e-21
4.12208e-21
4.12626e-21
4.12067e-21
4.10836e-21
4.0925e-21
4.07518e-21
4.0573e-21
4.03872e-21
4.01914e-21
3.99865e-21
3.97865e-21
3.96226e-21
3.95377e-21
3.95689e-21
3.97231e-21
3.99658e-21
4.02297e-21
4.04396e-21
4.05384e-21
4.05061e-21
4.0369e-21
4.01967e-21
4.00794e-21
4.00876e-21
4.02348e-21
4.04758e-21
4.07404e-21
4.09678e-21
4.11223e-21
4.11863e-21
4.11465e-21
4.09874e-21
4.06933e-21
4.02591e-21
3.9707e-21
3.91039e-21
3.85627e-21
3.82114e-21
3.81348e-21
3.83288e-21
3.87054e-21
3.91479e-21
3.95661e-21
3.9923e-21
4.02264e-21
4.05063e-21
4.07982e-21
4.11263e-21
4.14918e-21
4.18656e-21
4.21966e-21
4.243e-21
4.25305e-21
4.24947e-21
4.23533e-21
4.21571e-21
4.19594e-21
4.17948e-21
4.16631e-21
4.15273e-21
4.13289e-21
4.10208e-21
4.0596e-21
4.00972e-21
3.96057e-21
3.92141e-21
3.89964e-21
3.89837e-21
3.9154e-21
3.94412e-21
3.97605e-21
4.00336e-21
4.02025e-21
4.023e-21
4.00969e-21
3.98e-21
3.9357e-21
3.88108e-21
3.82254e-21
3.76702e-21
3.71998e-21
3.68429e-21
3.66e-21
3.64513e-21
3.63706e-21
3.63342e-21
3.63207e-21
3.63123e-21
3.62961e-21
3.62735e-21
3.62683e-21
3.63248e-21
3.64915e-21
3.67912e-21
3.72014e-21
3.76611e-21
3.80924e-21
3.84225e-21
3.8611e-21
3.86838e-21
3.87338e-21
3.8855e-21
3.90569e-21
3.92513e-21
3.93337e-21
3.92526e-21
3.90192e-21
3.86753e-21
3.82651e-21
3.78238e-21
3.73797e-21
3.69608e-21
3.66011e-21
3.63433e-21
3.62319e-21
3.62837e-21
3.64721e-21
3.6751e-21
3.70826e-21
3.7441e-21
3.78031e-21
3.81416e-21
3.84248e-21
3.86192e-21
3.87017e-21
3.86798e-21
3.86031e-21
3.85488e-21
3.85745e-21
3.86824e-21
3.88268e-21
3.89566e-21
3.90479e-21
3.9106e-21
3.91528e-21
3.92136e-21
3.93087e-21
