-2.69342e+06
-2.67621e+06
-2.64698e+06
-2.60476e+06
-2.54823e+06
-2.47595e+06
-2.38776e+06
-2.28001e+06
-2.15376e+06
-2.0075e+06
-1.84244e+06
-1.66054e+06
-1.46626e+06
-1.26574e+06
-1.07027e+06
-888751
-730437
-601958
-507632
-447394
-417362
-414136
-429814
-460115
-498591
-541271
-583458
-624291
-659352
-689849
-714427
-732505
-744741
-751639
-753213
-748074
-736542
-720297
-700182
-677428
-654639
-634075
-616994
-606508
-602963
-606318
-618020
-633646
-652109
-671001
-688208
-702067
-711560
-715684
-715334
-711855
-705914
-698190
-691289
-686200
-683852
-684046
-686970
-691583
-696864
-702197
-706647
-709639
-710952
-709439
-704890
-697539
-687456
-674368
-658828
-642799
-627035
-612904
-602328
-594327
-589119
-585085
-581648
-578424
-574819
-570775
-564605
-557177
-549199
-540000
-531487
-525198
-522645
-524287
-530586
-540052
-551612
-564700
-578451
-590768
-600372
-607366
-610038
-608763
-602922
-593741
-581785
-569740
-558273
-549396
-542356
-539153
-539141
-541401
-544964
-551612
-559706
-569577
-579543
-589734
-598924
-606455
-610990
-612688
-612533
-611867
-614437
-621543
-635477
-655480
-680300
-706889
-731576
-754447
-770779
-782361
-788777
-790961
-790782
-789329
-787338
-785316
-782566
-778344
-772657
-764683
-754196
-740957
-725786
-710211
-695231
-682778
-671993
-663740
-658357
-654192
-650413
-646819
-643599
-640984
-640098
-641520
-644703
-651453
-660762
-671989
-684111
-694951
-702149
-705124
-703014
-694642
-680824
-663650
-644328
-626860
-612000
-600884
-591957
-585088
-579217
-575210
-572789
-573372
-579014
-589347
-604094
-621745
-639429
-655306
-667712
-674935
-678607
-677567
-673062
-666626
-658527
-649684
-641977
-632679
-624329
-616810
-612359
-611296
-614960
-624495
-639369
-658835
-681672
-706932
-730668
-751138
-766949
-777486
-781459
-779210
-771454
-758087
-740585
-721114
-700756
-680270
-662325
-648002
-636705
-627793
-621611
-617168
-613620
-610315
-608048
-605943
-604767
-604344
-605838
-607180
-608785
-609484
-608587
-605521
-600553
-593791
-585580
-576842
-569006
-562694
-557352
-554362
-553434
-553483
-539605
-493402
-416097
-308810
-175372
-23883
136492
297418
450377
587977
707047
801848
870471
915092
939227
947768
947918
943023
936244
925219
907853
884494
855348
824567
795053
772366
757894
750001
745515
742200
734238
717854
688155
646196
594447
540474
490526
448131
414247
389251
376350
376499
391307
423623
473519
539552
614218
685240
738099
763493
762178
744968
726808
717452
722918
740782
768287
799566
830312
859705
886740
911935
934947
957048
979012
1.00334e+06
1.02946e+06
1.05421e+06
1.07225e+06
1.07525e+06
1.05581e+06
1.01004e+06
944821
867300
788353
716078
654943
607848
572538
548894
537751
537241
545093
558802
574181
591077
607618
624341
638722
647667
647025
634891
612573
582023
548066
514368
482218
451485
425026
406892
401815
414463
445392
491170
543640
593327
637913
677901
712205
740353
764845
789973
821659
860491
902895
944189
977180
997877
1.00334e+06
989083
957901
910450
850766
781123
702396
618177
532632
451240
380624
326720
293044
281484
293676
326289
374472
430880
486476
532206
565189
586558
600080
608833
615212
615466
610278
603193
601980
612425
635240
671268
718089
770831
824822
873935
911482
935365
945754
944671
937372
927555
921078
923571
935266
951202
963692
963473
945902
916342
889090
876759
888796
915188
931613
916534
872111
819830
776893
750626
738944
738137
744814
757004
773505
792262
809745
825505
834565
839226
841685
843354
842762
834352
818365
795677
768619
741638
715541
690696
666766
644042
622819
604890
590667
578608
570621
564673
562229
563072
566836
570814
574752
577086
577259
575103
571226
569147
572537
585519
609405
644244
684573
727847
765704
791200
797721
783541
754402
718649
684625
659041
642057
633015
628862
628127
628322
630097
634752
645043
660001
684500
717099
756094
796672
835011
865352
884368
891425
887855
875287
860205
843009
821405
801512
785920
777300
774084
772337
768812
763128
757210
751097
746538
741161
731884
716931
696255
669286
638024
605508
574684
549383
531477
524751
527516
538489
555165
577565
602378
627649
651049
668001
676983
679242
677968
674248
670358
666115
661584
657390
653845
652249
652358
653367
654197
653824
652535
649692
644121
636755
629273
622792
618503
617857
618552
621439
625143
629407
634059
639425
646407
656552
672191
695579
726927
764791
802749
840118
869574
888051
892184
880709
857609
828919
799682
774100
754365
741062
731326
724448
720492
718992
721839
727582
733661
735403
730335
715255
692060
662870
629648
595181
559759
526400
494959
465369
438589
413399
390153
369871
353520
342979
338997
340939
349230
361949
373400
380413
381102
375088
368679
365937
367520
374827
386668
399906
412180
420806
422994
417886
406015
389256
372511
359399
354591
362039
384662
418188
457283
491904
514110
518957
506980
482093
451480
419720
391016
370441
361109
364131
379521
405571
438509
471818
501889
523640
535498
536458
527034
509448
483740
454150
421523
389773
362071
341368
331201
332523
345244
367435
395172
426623
456831
485710
510132
531429
549384
564119
576120
586178
595602
605242
617581
631868
646221
655162
654768
642294
621253
596239
572036
551720
536681
527837
527032
533466
545890
562212
579815
591495
595253
587915
570723
548852
527374
510454
496766
484523
470555
453299
433049
414039
399413
392116
391456
399122
414042
434187
459287
488358
519856
551164
582949
614090
644483
672762
699173
719556
729561
726520
709165
682685
652636
623024
594546
570124
552163
542974
545077
559435
585888
620820
659563
695174
722173
734941
731324
712877
683815
650551
620145
595181
577076
565071
556652
550569
547607
550999
561093
577678
597606
622994
650937
679380
706459
731474
753249
769615
777035
774451
759754
734470
702020
664008
624590
588069
561330
549573
556070
580859
621197
668323
711252
737341
739001
712954
662803
597378
526730
459470
405032
368406
354486
367126
403500
455095
510030
557264
587146
601191
602106
593924
581433
568388
559030
556030
560896
572390
583788
589678
582795
563454
535137
506315
486314
477093
478279
486426
498132
513620
531803
553653
576916
601727
626448
649988
671991
691887
708875
721185
728325
730359
728939
725858
722101
718146
713002
705692
696076
684338
673577
666441
667059
675217
690104
709569
726857
735775
731065
714423
699823
697760
714349
749104
791614
828841
845683
833780
792439
727152
650485
572733
505653
455692
427649
419934
429885
452893
485146
522183
562453
602521
638811
671078
696453
715859
728690
734740
733791
723991
705614
676499
639692
594548
544018
488714
432698
379697
333017
297036
277127
277142
299765
345164
411844
493460
581514
664529
736402
791312
826708
842513
841879
827581
801762
766494
722996
674243
621358
569973
528193
502550
498874
517168
555723
608046
668812
732973
796628
856531
911056
961448
1.00486e+06
1.03943e+06
1.06162e+06
1.06606e+06
1.04934e+06
1.01196e+06
960248
904123
853000
811796
782517
758521
735461
708719
676812
645223
617550
596898
581588
569147
555134
538452
518313
497009
477108
459370
444167
429012
412016
392098
373070
360459
359586
374563
410090
468451
547903
645728
753954
860676
946181
996945
1.00676e+06
980969
936673
889427
848449
818548
798414
784358
772244
759298
744117
729396
715910
705158
698216
692110
684494
675583
664753
654581
645868
642110
644433
653138
670453
692618
716910
741203
761695
775341
778018
770565
754015
729493
696551
654946
606724
558303
515659
486829
474669
481338
506918
545804
591942
637043
671829
690586
689678
671249
640312
607711
581703
569196
574774
597722
634095
678342
726064
770999
810971
841334
861489
866012
853157
822592
776138
717581
654484
594566
541546
502722
481023
477737
490187
518315
558193
608135
667313
732650
797014
852958
895608
923541
939911
949845
957456
961649
958805
945563
919959
887096
854117
824464
803442
791503
787987
789348
791606
787442
773889
750835
719644
686060
653708
623007
593819
563680
532746
503068
477617
457608
446301
442727
448421
464381
489905
522854
559986
600453
638016
669826
691307
700941
699983
692022
680593
669553
661230
657125
657421
661510
666211
666853
662707
653942
645039
641234
647008
665109
695427
735164
778565
820815
857232
887405
911391
931487
947537
958437
965138
968478
967254
958898
940631
910479
873098
833119
799007
771108
749474
731999
715986
703675
692398
682563
675898
671884
669733
667120
665278
665605
672205
687851
714312
748782
787309
820797
843134
851114
846589
831713
809080
778084
742597
705952
673310
647370
626950
607761
585105
554929
519399
481071
447750
427496
423983
440654
476283
524517
576739
623710
660705
685421
699834
705780
702760
691408
671412
646680
622909
603075
586958
572012
555420
538780
526083
520789
523075
529581
538941
547717
553655
558071
562765
570040
582738
598525
614682
625040
627880
621981
611725
599754
592088
590942
594860
603891
614396
624494
631905
636617
638042
638308
641119
648338
658096
664058
662392
651809
634936
617227
601509
589383
577995
568986
562288
561225
568322
585286
611362
644942
683928
725586
767146
803106
825509
825249
800475
758674
710529
671467
645133
633899
634261
639584
642897
639105
626862
610550
595303
587634
591235
606667
626490
641638
645533
639731
628921
617162
603468
589939
573717
559355
548406
545754
554025
573764
604834
639200
665385
671189
647584
596502
530423
461521
400035
351347
316381
295445
282836
278357
282803
294532
317000
352187
395768
446416
499086
553298
605694
654450
697213
729639
747012
748353
734709
710470
682638
658511
643194
640316
649638
669475
694554
719843
743194
761835
773487
777727
769900
752600
727013
699887
675401
659159
652193
654257
661715
669902
674021
668608
652026
625000
588603
549113
511839
482207
461656
448884
439292
427950
412736
396513
382228
374256
375239
384395
398927
418888
439715
459437
476908
490889
498293
499746
494600
487211
483534
483593
489903
499946
513145
524392
533053
540031
549527
564998
589524
623723
663471
707958
751323
787596
810876
817023
804007
776378
740908
706156
681207
672157
679511
699248
728107
758753
786501
811127
831378
848829
864149
874523
879231
879040
876046
873000
866039
853121
827882
794227
753753
712183
671915
635495
605337
580568
564269
556647
558722
569186
585073
603200
618030
626642
625781
616400
599173
579938
561123
544960
534360
529935
530091
534187
541477
551124
561617
574568
590999
609357
628920
646873
659775
668145
672059
670528
664152
653972
640334
629372
625123
631836
652713
684588
723010
758987
784957
795295
791343
773966
751379
727295
710498
704143
711066
730273
755759
779630
797264
806184
807619
804082
798830
796455
795991
798644
804487
812458
822655
833389
845098
853751
855510
846582
829029
804555
778342
752690
730524
711428
693420
679515
669500
664724
666870
671882
673410
667490
653435
633608
614665
598678
586946
578871
573731
570120
569509
571946
581314
598056
620587
648045
676832
704127
731258
757976
785113
812340
836960
858287
871939
875896
871045
857321
838991
818582
800826
789084
786384
795306
817243
850288
888214
919708
935868
933836
916557
889722
858619
830382
810337
800337
800992
806823
806777
793986
767838
733094
697407
666815
643018
626267
614775
609104
608005
609863
614754
623814
638430
659499
687126
721052
757188
792812
820723
833844
827654
803920
766436
717946
663755
610127
565603
536744
528247
540186
570098
614096
665507
720523
773093
821452
861425
886399
891561
872982
833657
784375
739021
705792
690038
689070
693704
695049
689794
681438
677649
682197
694809
710755
725069
738098
747386
754363
760246
762906
762250
754708
738154
715263
689864
666521
650512
641828
642062
651442
670247
698326
734721
774394
812523
842952
860412
864205
856479
839905
821847
807064
799230
802747
817042
840403
867150
890583
907778
921710
938090
961076
989020
1.01504e+06
1.02948e+06
1.02509e+06
1.00172e+06
961587
910113
853694
797560
747053
705226
673109
652396
642357
644543
656942
676801
698464
715612
723975
721201
709845
695133
679498
667023
659865
658798
667010
685515
715570
755237
798291
839221
868600
877692
861512
818922
758069
693477
637595
598320
579214
579218
594370
618844
643818
666105
685847
703771
720347
730537
728864
713403
687000
655635
625347
594788
563373
533186
505943
484269
470634
464205
463482
467955
475619
486665
498976
512791
527576
544313
562004
581288
596886
604737
602609
594218
581934
571311
564487
562986
567300
575681
587296
600843
615416
630920
645014
656582
662827
663790
659262
651137
643046
635646
631410
628095
624754
618646
608299
594414
579678
568812
565818
575644
601608
643036
694532
745453
779675
784552
760336
716162
667076
624288
594640
583240
588342
608439
633822
655908
666257
659105
635123
598630
558417
522440
501310
498660
511844
530063
536536
520419
485467
446164
413406
391881
381125
378146
381095
389131
401368
417274
433506
445235
450795
448689
443717
439243
438486
445125
458773
481182
507835
536754
564593
589631
610310
627285
636834
637285
627800
609131
585257
561982
541448
522727
504768
485338
461934
435624
410965
393269
386286
393115
413111
442829
478802
517721
554210
585661
610308
631920
653663
681926
718597
762018
808481
849879
883289
903787
909142
897983
877286
858973
848967
846238
843454
835757
819684
791767
748980
691503
624814
556099
490695
430292
378764
338211
311765
300800
308006
331899
368543
414873
459950
500417
532923
559380
582880
605288
626889
645150
656178
654374
635995
603066
561083
519850
487800
472913
481262
512624
565617
629496
692789
743916
776315
788578
785444
768153
744044
714161
684339
659081
637504
622181
610808
606750
611231
626838
655257
695936
741475
777248
789036
775757
747752
715760
691018
677797
678646
690875
709866
729172
743997
751867
756610
759829
762074
763625
765355
767763
771152
772344
766974
752975
728945
699143
672957
658340
657440
670972
691173
712589
728717
733676
726111
706357
678304
646490
617954
597564
588908
593723
610270
637217
669229
703013
733948
757058
767645
764346
748855
724447
696574
668639
643423
619265
597811
584123
580099
586726
602738
627039
654139
682302
709058
730698
742485
742042
728626
703014
668045
628712
589209
552022
519186
492124
470749
457126
451645
458947
480860
523659
587237
669611
758232
839945
902660
937222
942856
920800
876711
816690
748201
676802
607933
544622
490181
446198
414922
400238
406539
436653
488088
551349
612928
657041
676067
672612
652108
622979
592491
566247
549553
542385
543418
548321
553680
556869
555693
553036
552663
556418
567971
585281
607943
634213
661191
683013
697889
700699
690950
671377
646550
620053
595142
573341
554472
538949
524456
513811
505760
501592
497182
488106
470763
440664
398861
346144
287634
228013
174116
133464
110076
108221
125895
159166
205655
260053
321293
389177
460652
536121
612163
683682
747146
797080
831838
851713
859043
856702
847034
829685
804660
771085
730866
686992
642332
599203
561109
531816
515845
516206
531205
556873
583754
599780
599122
579870
543781
499030
453676
414942
389039
380045
390461
418120
459945
511648
566501
616987
655252
674453
673574
650054
608378
552479
489429
425954
369537
329322
310265
314464
337927
363836
375636
366311
343183
320218
303995
298043
301127
312682
330394
353309
377791
400748
417982
422355
414682
396793
376699
359298
350317
349820
355820
365417
374130
380969
388097
398542
416598
445962
484578
530125
573575
607227
626292
631051
628668
625088
625974
631853
643288
655715
665668
669327
671747
677551
690442
709379
734199
761765
789180
811867
823120
820741
803921
778756
751546
731895
724677
729602
743713
760702
773979
778029
770867
752706
729944
708052
689790
675322
658829
634246
599034
558816
519669
488853
468468
458851
457637
462466
470534
479539
485657
486712
478770
464455
445167
425116
410241
405088
412484
432537
463002
499234
532798
554591
557865
542249
510857
473000
438463
414711
406563
417372
444267
484418
530827
576429
611230
630409
634567
628364
619238
611156
607613
609534
617904
629952
642491
649567
649521
639168
619656
593506
560479
525089
493553
470210
461474
468156
490416
523392
562285
599138
632116
658488
677414
686818
685912
673495
650569
621730
590498
565712
549057
543680
548740
563856
583690
605969
625722
641553
651378
655562
653710
648848
643161
636439
630064
622503
612367
594919
568489
531207
486319
439501
399016
370043
358779
367380
394348
435658
483993
529125
565018
585860
594441
594618
594654
601048
619926
653342
702210
761770
825895
884465
929215
955049
960337
948476
924321
892274
858016
826023
798423
778320
766820
762201
758496
746681
717461
670025
612370
559859
524333
513629
529822
570611
630715
701404
766795
811690
821318
794054
738162
669990
606867
559759
536884
537725
559394
592426
623927
637259
623747
583064
530202
479232
446327
440182
462230
506009
561362
618763
672553
719868
755358
777541
788056
789884
786056
777610
765381
753357
743762
737016
730473
724600
717926
710352
703414
696741
690370
687454
689412
696907
709017
721681
733148
740516
741061
730157
706724
675724
645772
622925
607350
597321
587994
579628
571849
567158
568247
573826
579480
580371
572571
554966
530598
504175
479518
459004
443534
433175
426286
421040
417479
414500
413945
413655
407919
393984
373009
350112
330519
320945
325424
345367
379069
423394
474807
526978
576050
618157
652968
680817
701804
716149
721646
718490
704864
681832
651958
618118
581906
548084
521306
507029
508879
526030
553749
581514
600440
604256
595451
577809
555364
530777
503134
472116
439649
408792
381470
359770
344472
336793
335345
337361
341330
348728
359728
377045
404523
443050
490956
547325
607305
662434
704115
725812
723451
699058
654055
595601
531019
467208
410644
366840
340150
333090
343617
366145
391210
403001
396964
373869
344175
317551
300990
298161
308894
326719
346104
357948
357981
340767
311906
277881
244677
221842
214841
228515
264198
319813
394751
482705
578880
671807
749499
804067
831952
834156
815398
783270
746811
715986
696596
692365
702359
724359
754224
782570
801109
801324
778922
738801
688612
638893
596346
566287
551319
553136
567228
588989
613124
631965
642497
646307
647366
650553
658463
668714
676775
675754
661761
636910
607566
583252
569197
569580
583126
606504
635103
662849
685217
696676
695998
683463
663358
640683
620704
606101
595821
589738
585771
581859
575675
570634
568590
574750
594978
630214
678407
731107
780041
818065
842116
853653
852635
841009
820989
793470
759814
720938
678190
633420
589244
548599
514261
486750
465086
446793
427551
406291
381094
354780
329508
306607
288716
279407
280321
292146
314977
343570
373894
399137
415606
422491
418520
408616
398410
396666
409656
441268
487770
544192
599908
643543
665565
663757
643139
609077
571142
535755
510160
496843
496861
508512
529737
560460
597033
638428
681367
717148
737296
734035
710224
675473
639983
607700
581146
559579
538694
515117
490190
462993
438468
420659
413383
421000
443253
478628
524701
575587
626507
670188
698961
709775
702715
680161
647538
608352
567926
530381
496286
468083
446012
433291
430487
434350
443363
456777
472038
488524
506387
524908
544353
562300
577500
585704
585040
575492
559732
542453
528371
523458
525938
535028
545995
551039
548372
534454
513875
492001
472928
458985
451317
452295
462242
481715
511573
549819
589610
624856
645633
646217
628705
597601
562131
529157
502137
477593
455676
433062
408958
383503
359059
339873
328953
329146
340213
359480
382998
407097
430253
451430
472701
498867
531104
571043
614170
655409
686871
704049
705359
693428
672624
650606
630833
619372
617196
628239
650669
684705
726232
769713
811134
846193
873423
891527
903283
910960
914618
915624
916590
916818
917053
914683
907433
890580
864647
830207
793016
758233
730428
713246
702414
693388
680355
663136
647282
640803
646613
663746
689161
719583
753348
787902
820742
849471
870931
882132
881569
871265
853794
832741
808370
782835
757974
735722
719185
710185
706667
705607
701597
691188
674692
655858
637229
621071
607201
593894
579381
563805
