0        31.0531
1        25.1662
2        12.2944
3        10.8595
4        7.10311
5        5.81836
6        4.51533
7        4.10498
8        4.10498
9        4.10498
10        4.09622
11        4.09622
12        4.09622
13        4.07091
14        4.07091
15        4.07091
16        4.07091
17        4.07091
18        4.07091
19        4.07091
20        4.07091
21        3.83963
22        3.83963
23        3.83963
24        3.83963
25        3.83963
26        3.83963
27        3.83963
28        3.83963
29        3.83963
