0        31.0531
1        19.6782
2        12.2944
3        9.04609
4        5.83427
5        5.77659
6        4.51533
7        4.10498
8        4.10498
9        4.10498
10        4.02611
11        3.90158
12        3.87293
13        3.87293
14        3.86416
15        3.86416
16        3.74607
17        3.74607
18        3.74607
19        3.74607
20        3.74607
21        3.74607
22        3.74607
23        3.74607
24        3.74607
25        3.74607
26        3.74607
27        3.74607
28        3.74607
29        3.74607
