-0.295056      -0.606032
-0.23496      -0.160599
0.0383818      -0.172898
0.0784102      -0.110544
0.40809      -0.095953
0.517327      0.0332411
0.778237      -0.281408
0.920347      0.0739525
0.715252       0.326945
0.654072       0.344451
0.857126       0.575745
0.872308       0.871812
0.902365       0.649313
0.747566       0.541242
0.420209       0.617622
0.396573         0.5973
0.225144        0.12322
-0.195018       0.231542
-0.0666801       0.393802
-0.325851       0.937899
-0.584557       0.851586
-0.706789       0.737057
-0.661515       0.303593
-0.59629      -0.257044
-0.837163      -0.705603
-0.976802        -0.8876
-0.711857      -0.658066
-0.289984      -0.792258
0.169676      -0.992553
0.146976      -0.773547
