           1      0.2306      0.2306           0
           2     -0.1244      0.0531    0.125511
           3     -0.2912  -0.0616667    0.125628
           4      0.5196     0.08365    0.157211
           5      0.5394      0.1748    0.149881
           6     -0.3158   0.0930333    0.145505
           7     -0.4268   0.0187714    0.142414
           8      0.2372    0.046075    0.127203
           9      -0.328  0.00451111    0.119667
          10     -0.2336     -0.0193    0.110044
          11     -0.5504  -0.0675818    0.110124
          12     -0.1882  -0.0776333    0.101404
          13      -0.309  -0.0954308   0.0951529
          14      0.1216  -0.0799286   0.0896102
          15       0.917  -0.0134667    0.105441
          16     -0.1366  -0.0211625    0.099131
          17      0.4114  0.00428235   0.0965101
          18       0.341   0.0229889   0.0929437
          19      0.1214   0.0281684   0.0881961
          20      0.1816     0.03584   0.0841193
          21     -0.4994   0.0103524   0.0838861
          22     -0.1614  0.00254545   0.0804356
          23     -0.0886 -0.00141739   0.0770359
          24     -0.3162  -0.0145333   0.0749343
          25      0.5384    0.007584   0.0751301
          26     -0.0108  0.00687692   0.0722438
          27      0.3346   0.0190148   0.0705804
          28        0.17   0.0244071   0.0682654
          29     -0.0978   0.0201931   0.0660413
          30      -0.405     0.00602   0.0653431
          31       0.667   0.0273419   0.0666232
          32      0.2854   0.0354062   0.0650275
          33      -0.157   0.0295758   0.0633178
          34       0.218   0.0351176   0.0616976
          35        0.21   0.0401143   0.0601368
          36     -0.0884   0.0365444   0.0585722
          37     -0.3106   0.0271622   0.0577357
          38      0.0034   0.0265368   0.0562197
          39      0.0284   0.0265846   0.0547782
          40     -0.7152     0.00804   0.0564606
          41     -0.2626  0.00143902    0.055468
          42       -0.34 -0.00669048   0.0547399
          43     -0.1972  -0.0111209   0.0536458
          44      -0.817  -0.0294364   0.0554651
          45      0.4632  -0.0184889   0.0553024
          46     -0.1998  -0.0224304   0.0542405
          47       0.297   -0.015634   0.0535105
          48      0.0142  -0.0150125   0.0523993
          49      0.2044  -0.0105347   0.0515209
          50     -0.2754   -0.015832   0.0507621
