           1   -0.462192   -0.462192           0
           2   -0.461888    -0.46204  0.00010748
           3   -0.460496   -0.461525 0.000426289
           4   -0.458232   -0.460702 0.000781426
           5     -0.4596   -0.460482 0.000655486
           6   -0.464472   -0.461147 0.000816683
           7   -0.462896   -0.461397 0.000737259
           8   -0.461576   -0.461419 0.000645442
           9   -0.462128   -0.461498 0.000578514
          10   -0.464368   -0.461785 0.000587565
          11   -0.460992   -0.461713 0.000538553
          12   -0.463184   -0.461835 0.000507438
          13   -0.461368   -0.461799 0.000469676
          14    -0.46232   -0.461837 0.000437597
          15   -0.461992   -0.461847 0.000408546
          16   -0.461768   -0.461842 0.000383042
          17   -0.461888   -0.461845  0.00036052
          18   -0.461968   -0.461852 0.000340556
          19    -0.46372    -0.46195 0.000336531
          20   -0.459272   -0.461816 0.000345315
          21   -0.460224    -0.46174  0.00033709
          22   -0.461752   -0.461741 0.000321768
          23   -0.464808   -0.461874 0.000334274
          24   -0.463496   -0.461942 0.000327106
          25   -0.464552   -0.462046 0.000330266
          26   -0.464624   -0.462145 0.000332113
          27   -0.460096   -0.462069 0.000328371
          28   -0.460336   -0.462007 0.000322425
          29   -0.461952   -0.462006 0.000311313
          30    -0.46136   -0.461984 0.000301679
          31   -0.461576   -0.461971 0.000292234
          32   -0.464368   -0.462046 0.000292546
          33    -0.46356   -0.462092 0.000287257
          34   -0.460856   -0.462055 0.000281097
          35   -0.461552   -0.462041 0.000273434
          36   -0.461928   -0.462038 0.000265856
          37   -0.461496   -0.462023 0.000259074
          38   -0.464128   -0.462079  0.00025811
          39   -0.462192   -0.462081 0.000251508
          40   -0.460248   -0.462036 0.000249362
          41   -0.461744   -0.462028 0.000243381
          42   -0.463376   -0.462061 0.000239692
          43    -0.46556   -0.462142 0.000247548
          44   -0.457808   -0.462043 0.000260783
          45      -0.461    -0.46202 0.000256017
          46   -0.462792   -0.462037    0.000251
          47   -0.462304   -0.462043 0.000245724
          48   -0.461952   -0.462041 0.000240612
          49   -0.461352   -0.462027 0.000236112
          50   -0.463624   -0.462059 0.000233541
