-3           0
-2.94           0
-2.88           0
-2.82           0
-2.76 2.21847e-06
-2.7           0
-2.64 4.43693e-06
-2.58 1.10923e-05
-2.52 2.21847e-06
-2.46 1.99662e-05
-2.4 3.77139e-05
-2.34 5.10247e-05
-2.28 0.000104268
-2.22 0.000150856
-2.16 0.000237376
-2.1 0.000412635
-2.04 0.000565709
-1.98  0.00086742
-1.92   0.0010693
-1.86  0.00159951
-1.8  0.00226505
-1.74  0.00297496
-1.68  0.00399546
-1.62  0.00541306
-1.56  0.00679072
-1.5  0.00901141
-1.44   0.0106886
-1.38   0.0126164
-1.32   0.0144622
-1.26   0.0162724
-1.2   0.0180805
-1.14   0.0195513
-1.08   0.0208802
-1.02   0.0215857
-0.96   0.0215568
-0.9    0.022056
-0.84   0.0223089
-0.78   0.0223888
-0.72   0.0220538
-0.66   0.0220671
-0.6   0.0221225
-0.54   0.0216478
-0.48    0.021122
-0.42   0.0208713
-0.36   0.0204787
-0.3   0.0196334
-0.24   0.0190012
-0.18   0.0188303
-0.12   0.0181293
-0.06   0.0182713
0   0.0178675
0.06   0.0181382
0.12   0.0185597
0.18   0.0191298
0.24   0.0193916
0.3    0.019873
0.36   0.0203234
0.42   0.0212773
0.48   0.0214947
0.54   0.0217277
0.6   0.0216855
0.66   0.0221469
0.72    0.022127
0.78   0.0224841
0.84   0.0218541
0.9   0.0218785
0.96   0.0208159
1.02   0.0205031
1.08   0.0195203
1.14    0.018025
1.2   0.0165009
1.26   0.0142647
1.32   0.0122171
1.38    0.010409
1.44  0.00889605
1.5  0.00690165
1.56  0.00527995
1.62  0.00420399
1.68  0.00289066
1.74  0.00231386
1.8  0.00160839
1.86   0.0011292
1.92 0.000725438
1.98 0.000510247
2.04  0.00041929
2.1  0.00024625
2.16 0.000139763
2.22 9.09571e-05
2.28 5.32432e-05
2.34 4.88062e-05
2.4 3.99324e-05
2.46 2.21847e-06
2.52 1.33108e-05
2.58  6.6554e-06
2.64 2.21847e-06
2.7           0
2.76           0
2.82           0
2.88           0
2.94           0
