           1   -0.437714   -0.437714           0    0.806122    0.607143
           2   -0.458173   -0.447944  0.00723323    0.806122    0.607143
           3   -0.453942   -0.449943    0.005091    0.806122    0.607143
           4   -0.450678   -0.450127  0.00382156    0.806122    0.607143
           5   -0.458028   -0.451707  0.00336819    0.806122    0.607143
           6   -0.451001   -0.451589  0.00280888    0.806122    0.607143
           7   -0.447367   -0.450986  0.00247152    0.806122    0.607143
           8    -0.44706   -0.450495  0.00221077    0.806122    0.607143
           9   -0.443188   -0.449683  0.00210896    0.806122    0.607143
          10   -0.455346    -0.45025  0.00197262    0.806122    0.607143
          11    -0.44856   -0.450096  0.00179926    0.806122    0.607143
          12   -0.438334   -0.449116  0.00189761    0.806122    0.607143
          13   -0.443921   -0.448716  0.00179322    0.806122    0.607143
          14   -0.465249   -0.449897  0.00201683    0.806122    0.607143
          15   -0.460662   -0.450615  0.00200599    0.806122    0.607143
          16   -0.439756   -0.449936  0.00199212    0.806122    0.607143
          17   -0.460296   -0.450546  0.00196594    0.806122    0.607143
          18   -0.455803   -0.450838  0.00187829    0.806122    0.607143
          19   -0.461404   -0.451394  0.00185993    0.806122    0.607143
          20   -0.436371   -0.450643   0.0019126    0.806122    0.607143
          21    -0.43801   -0.450041   0.0019138    0.806122    0.607143
          22   -0.439523   -0.449563  0.00188558    0.806122    0.607143
          23   -0.440181   -0.449155   0.0018472    0.806122    0.607143
          24   -0.435755   -0.448597  0.00185269    0.806122    0.607143
          25   -0.434406   -0.448029  0.00186351    0.806122    0.607143
          26   -0.447174   -0.447996  0.00179213    0.806122    0.607143
          27   -0.437953   -0.447624  0.00176393    0.806122    0.607143
          28   -0.431883   -0.447062  0.00178828    0.806122    0.607143
          29   -0.444285   -0.446966  0.00172918    0.806122    0.607143
          30   -0.449404   -0.447048  0.00167345    0.806122    0.607143
          31   -0.432903   -0.446591  0.00168052    0.806122    0.607143
          32   -0.452891   -0.446788  0.00163949    0.806122    0.607143
          33   -0.439391   -0.446564  0.00160506    0.806122    0.607143
          34   -0.444379     -0.4465  0.00155914    0.806122    0.607143
          35   -0.459947   -0.446884  0.00156122    0.806122    0.607143
          36   -0.446511   -0.446874  0.00151788    0.806122    0.607143
          37   -0.440218   -0.446694  0.00148748    0.806122    0.607143
          38    -0.43786   -0.446461  0.00146639    0.806122    0.607143
          39   -0.436399   -0.446203  0.00145131    0.806122    0.607143
          40   -0.433668    -0.44589  0.00144846    0.806122    0.607143
          41    -0.42933   -0.445486  0.00146837    0.806122    0.607143
          42   -0.445529   -0.445487  0.00143341    0.806122    0.607143
          43   -0.438609   -0.445327  0.00140897    0.806122    0.607143
          44   -0.442453   -0.445262  0.00137846    0.806122    0.607143
          45   -0.446437   -0.445288  0.00134807    0.806122    0.607143
          46   -0.432573   -0.445011  0.00134681    0.806122    0.607143
          47   -0.432019   -0.444735  0.00134622    0.806122    0.607143
          48   -0.453002   -0.444907  0.00132915    0.806122    0.607143
          49   -0.441397   -0.444836  0.00130395    0.806122    0.607143
          50   -0.423753   -0.444414  0.00134432    0.806122    0.607143
          51   -0.432287   -0.444176  0.00133883    0.806122    0.607143
          52   -0.457577   -0.444434  0.00133765    0.806122    0.607143
          53   -0.453864   -0.444612   0.0013242    0.806122    0.607143
          54   -0.443615   -0.444593   0.0012998    0.806122    0.607143
          55   -0.449429   -0.444681  0.00127914    0.806122    0.607143
          56    -0.43168   -0.444449  0.00127719    0.806122    0.607143
          57   -0.445278   -0.444464  0.00125487    0.806122    0.607143
          58    -0.44418   -0.444459  0.00123324    0.806122    0.607143
          59   -0.445326   -0.444473  0.00121243    0.806122    0.607143
          60   -0.431534   -0.444258  0.00121125    0.806122    0.607143
          61   -0.446046   -0.444287  0.00119175    0.806122    0.607143
          62   -0.444843   -0.444296  0.00117256    0.806122    0.607143
          63   -0.440675   -0.444239  0.00115535    0.806122    0.607143
          64   -0.437326   -0.444131  0.00114234    0.806122    0.607143
          65   -0.436811   -0.444018   0.0011303    0.806122    0.607143
          66   -0.437808   -0.443924  0.00111709    0.806122    0.607143
          67   -0.445735   -0.443951  0.00110074    0.806122    0.607143
          68   -0.460493   -0.444194  0.00111111    0.806122    0.607143
          69   -0.437395   -0.444096  0.00109937    0.806122    0.607143
          70   -0.455306   -0.444256  0.00109526    0.806122    0.607143
          71   -0.427875   -0.444025  0.00110387    0.806122    0.607143
          72   -0.447304   -0.444071  0.00108948    0.806122    0.607143
          73   -0.445587   -0.444091  0.00107475    0.806122    0.607143
          74   -0.457509   -0.444273  0.00107541    0.806122    0.607143
          75   -0.454742   -0.444412   0.0010701    0.806122    0.607143
          76   -0.445349   -0.444425  0.00105609    0.806122    0.607143
          77    -0.44453   -0.444426  0.00104237    0.806122    0.607143
          78   -0.447168   -0.444461   0.0010296    0.806122    0.607143
          79   -0.437866   -0.444378  0.00101995    0.806122    0.607143
          80    -0.43371   -0.444244  0.00101588    0.806122    0.607143
          81   -0.446226   -0.444269  0.00100363    0.806122    0.607143
          82   -0.448642   -0.444322 0.000992807    0.806122    0.607143
          83   -0.438572   -0.444253 0.000983259    0.806122    0.607143
          84   -0.442419   -0.444231 0.000971796    0.806122    0.607143
          85   -0.451814    -0.44432 0.000964449    0.806122    0.607143
          86   -0.444756   -0.444325 0.000953247    0.806122    0.607143
          87   -0.444432   -0.444327 0.000942291    0.806122    0.607143
          88   -0.456904   -0.444469  0.00094236    0.806122    0.607143
          89   -0.447479   -0.444503 0.000932378    0.806122    0.607143
          90    -0.44635   -0.444524 0.000922244    0.806122    0.607143
          91   -0.425938    -0.44432 0.000934451    0.806122    0.607143
          92   -0.455933   -0.444446 0.000932781    0.806122    0.607143
          93   -0.428351   -0.444273 0.000938669    0.806122    0.607143
          94   -0.450844   -0.444343 0.000931282    0.806122    0.607143
          95   -0.445203   -0.444352 0.000921523    0.806122    0.607143
          96   -0.444643   -0.444355 0.000911929    0.806122    0.607143
          97   -0.445251   -0.444364 0.000902575    0.806122    0.607143
          98    -0.45725   -0.444495 0.000902891    0.806122    0.607143
          99   -0.447717   -0.444528 0.000894358    0.806122    0.607143
         100   -0.450437   -0.444587 0.000887364    0.806122    0.607143
