0        40.8034
1        27.2901
2        13.7589
3         6.7471
4         5.9368
5        3.83821
6        3.65829
7        3.47175
8        2.97211
9        2.93886
10        2.89398
11         2.7608
12         2.7608
13         2.7608
14         2.7608
15         2.7608
16         2.7608
17         2.7608
18         2.7608
19         2.7608
20         2.7608
21         2.7608
22         2.7608
23         2.7608
24         2.7608
25         2.7608
26         2.7608
27         2.7608
28         2.7608
29         2.7608
0        38.4067
1        27.0865
2        21.0783
3        14.2524
4         10.451
5        9.11733
6        7.43757
7        6.05053
8        3.10135
9        2.91416
10         2.9155
11         2.9155
12         2.9155
13         2.9155
14         2.9155
15        2.50673
16        2.50673
17        2.50673
18        2.50673
19        2.50673
20        2.50673
21        2.50673
22        2.50673
23        2.50673
24        2.50673
25        2.50673
26        2.50673
27        2.50673
28        2.50673
29        2.50673
