0        38.6857
1        21.0225
2        11.3615
3         6.7471
4         5.9368
5        3.83821
6        3.60698
7         3.2529
8        2.97211
9        2.78652
10         2.7608
11         2.7608
12         2.7608
13         2.7608
14         2.7608
15         2.7608
16         2.7608
17         2.7608
18         2.7608
19         2.7608
20         2.7608
21         2.7608
22         2.7608
23         2.7608
24         2.7608
25         2.7608
26         2.7608
27         2.7608
28         2.7608
29         2.7608
0        38.4067
1        24.5789
2        12.0064
3         5.7774
4        3.86401
5        2.74996
6        2.86666
7        2.69688
8        2.68212
9        2.57067
10        2.56997
11        2.56997
12        2.56997
13        2.56997
14        2.50673
15        2.50673
16        2.50673
17        2.50673
18        2.50673
19        2.50673
20        2.50673
21        2.50673
22        2.50673
23        2.50673
24        2.50673
25        2.50673
26        2.50673
27        2.50673
28        2.50673
29        2.50673
