0 0.311134 0.00315333
1 0.222295 0.143442
2 0.251385 0.125804
3 0.667227 0.154519
4 0.334478 0.180528
5 0.664262 0.198745
6 0.199736 0.155208
7 0.164824 0.112917
8 0.385349 0.168432
9 0.250598 0.163946
10 0.466268 0.201169
11 0.579479 0.158257
12 0.367227 0.12572
13 0.317272 0.181615
14 0.243798 0.112508
15 0.377696 0.149829
16 0.255235 0.184459
17 0.359227 0.163312
18 0.474471 0.120983
19 0.24431 0.15364
20 0.275959 0.145674
21 0.314138 0.177879
22 0.28154 0.186448
23 0.412603 0.117344
24 0.234952 0.153474
25 0.197191 0.138124
26 0.171437 0.143379
27 0.250701 0.154372
28 0.333356 0.165652
29 0.319156 0.129471
30 0.220445 0.194139
31 0.281598 0.13783
32 0.301337 0.145285
33 0.18006 0.138363
34 0.476225 0.136353
35 0.196569 0.179236
36 0.534152 0.107158
37 0.235019 0.111058
38 -0.00496468 0.0972327
39 0.279207 0.117442
40 0.233133 0.090516
41 0.245627 0.117313
42 0.343857 0.149971
43 0.319558 0.122518
44 0.396479 0.133326
45 0.506139 0.108312
46 0.199109 0.0929824
47 0.449241 0.116396
48 0.0846363 0.0993347
49 0.559289 0.0976867
50 0.211862 0.0966162
51 0.498177 0.149077
52 0.180876 0.137803
53 0.23609 0.110936
54 0.479866 0.101655
55 -0.0142797 0.14805
56 0.448646 0.100834
57 0.30474 0.171286
58 0.299299 0.131289
59 0.0464564 0.159374
60 -0.0170764 0.172841
61 0.205583 0.16853
62 0.445701 0.21057
63 0.277969 0.121437
64 0.265127 0.124625
65 0.166777 0.134909
66 0.321039 0.200895
67 0.254777 0.175503
68 0.32095 0.173743
69 0.475746 0.138638
70 0.324605 0.138353
71 0.0246074 0.141815
72 0.236727 0.100739
73 0.192634 0.152752
74 0.202878 0.142369
75 0.31834 0.131886
76 0.38002 0.189984
77 0.319331 0.137566
78 0.150265 0.115345
79 0.382766 0.104185
80 0.415329 0.141338
81 0.309989 0.120699
82 0.146158 0.129034
83 0.0356091 0.140605
84 0.313714 0.116746
85 0.470383 0.136501
86 0.320292 0.111043
87 0.459349 0.163986
88 -0.00608311 0.16361
89 0.201202 0.147723
90 0.196302 0.103281
91 0.261006 0.177863
92 -0.0267472 0.12156
93 0.338172 0.121373
94 0.361956 0.118419
95 0.267672 0.106505
96 0.225862 0.100891
97 0.330288 0.123452
98 0.350296 0.120897
99 0.306377 0.167552
100 0.478115 0.111452
101 0.492565 0.121657
102 0.222947 0.198554
103 0.282895 0.0978165
104 0.339552 0.106475
105 0.317763 0.132253
106 0.54157 0.11305
107 0.316187 0.152111
108 0.397247 0.132273
109 0.418559 0.155312
110 0.469878 0.117046
111 0.0799276 0.123268
112 0.233594 0.1129
113 0.407565 0.10197
114 0.278514 0.105787
115 0.241705 0.127472
116 0.461537 0.10191
117 0.167204 0.144405
118 0.270023 0.118571
119 0.225195 0.107644
120 0.287057 0.100519
121 0.435687 0.116419
122 0.188872 0.10446
123 0.236103 0.132139
124 0.242905 0.124454
125 0.503206 0.105548
126 0.207084 0.0811327
127 0.319239 0.139927
128 0.499684 0.114409
129 0.543791 0.099949
130 0.612646 0.136969
131 0.178392 0.118442
132 0.420703 0.098128
133 0.424923 0.0947585
134 0.0810996 0.110997
135 0.321101 0.124317
136 0.13271 0.127462
137 0.00815747 0.126566
138 0.441646 0.117027
139 0.314935 0.162929
140 0.110069 0.0839362
141 0.534301 0.0884891
142 0.284094 0.10571
143 0.282257 0.111888
144 0.462478 0.119941
145 0.393072 0.111837
146 0.342319 0.0996914
147 0.254412 0.106421
148 0.367782 0.113267
149 0.358872 0.0933234
150 0.206427 0.120147
151 0.518332 0.102614
152 0.292869 0.162322
153 0.203581 0.114455
154 0.251992 0.0865408
155 0.428027 0.131517
156 0.345016 0.0996589
157 0.25525 0.114087
158 0.319977 0.118345
159 0.144147 0.106067
160 0.0995571 0.101225
161 0.234168 0.104604
162 0.301188 0.0907957
163 0.240601 0.119198
164 0.203516 0.133438
165 0.0611743 0.1094
166 0.463482 0.153166
167 0.367174 0.126272
168 0.235557 0.132578
169 0.328946 0.111693
170 0.0847642 0.113286
171 0.168337 0.089955
172 0.186142 0.123226
173 0.243281 0.128503
174 0.417034 0.0977799
175 0.41594 0.120054
176 0.252953 0.129049
177 0.279405 0.120909
178 0.362511 0.159512
179 0.208176 0.105145
180 0.293001 0.141386
181 0.320982 0.130859
182 0.291129 0.118383
183 0.151291 0.132286
184 0.32796 0.118584
185 0.266579 0.0889789
186 0.308023 0.106257
187 0.213305 0.129776
188 0.385797 0.103194
189 0.206314 0.14416
190 0.348168 0.104598
191 0.434572 0.144192
192 0.189954 0.102822
193 0.317794 0.145898
194 0.372211 0.143572
195 0.310609 0.118649
196 0.357848 0.10058
197 0.603466 0.129247
198 0.337178 0.101597
199 0.525674 0.113029
200 0.320448 0.128395
201 0.57428 0.122214
202 0.512035 0.0975404
203 0.25543 0.105411
204 0.379653 0.116935
205 0.384115 0.13515
206 0.363079 0.0992711
207 0.212715 0.127138
208 0.484071 0.155836
209 0.189583 0.154882
210 0.00739873 0.179037
211 0.264039 0.155979
212 0.452259 0.116816
213 0.387126 0.132104
214 0.529929 0.182681
215 0.110731 0.124433
216 0.519201 0.104018
217 0.580832 0.0839631
218 0.33788 0.173514
219 0.428286 0.160688
220 0.352328 0.141394
221 -0.0609667 0.152785
222 0.274038 0.140783
223 0.427166 0.124455
224 0.606848 0.127869
225 0.317964 0.161407
226 0.41539 0.14108
227 0.271328 0.143267
228 0.456997 0.140079
229 0.396346 0.117184
230 0.118779 0.153587
231 0.298746 0.15535
232 0.369485 0.141661
233 0.195668 0.143858
234 0.263545 0.152741
235 0.275361 0.13784
236 0.198843 0.135264
237 0.453156 0.17725
238 0.0286626 0.157507
239 0.365247 0.171065
240 0.3636 0.109714
241 0.342374 0.0823924
242 -0.00275111 0.105384
243 0.313557 0.13242
244 0.620477 0.130815
245 0.187864 0.133599
246 0.272436 0.158392
247 0.642017 0.0809403
248 0.442106 0.110661
249 0.327635 0.126866
250 0.532071 0.110924
251 0.292935 0.146477
252 0.252398 0.147445
253 0.385001 0.12661
254 0.279208 0.118538
255 0.193782 0.118396
256 0.226433 0.106634
257 0.206882 0.123954
258 0.382812 0.148937
259 0.260989 0.117808
260 0.291143 0.119563
261 0.332418 0.140845
262 0.106451 0.166435
263 0.117292 0.136368
264 0.226463 0.179149
265 0.326572 0.118479
266 0.152423 0.170503
267 0.16316 0.116504
268 0.402803 0.126054
269 0.326418 0.0970472
270 0.414052 0.124581
271 0.423178 0.171598
272 0.255271 0.16572
273 0.421169 0.150541
274 0.44295 0.146256
275 0.33253 0.131779
276 0.323308 0.16466
277 0.340784 0.150246
278 0.247633 0.121812
279 0.474157 0.137757
280 0.506077 0.129917
281 0.26511 0.168404
282 0.144953 0.182944
283 0.514994 0.115848
284 0.318697 0.129909
285 -0.00346645 0.108568
286 0.274395 0.142268
287 0.250502 0.122114
288 0.377716 0.130955
289 0.49109 0.126182
290 0.430215 0.117933
291 0.146804 0.179856
292 0.180815 0.180083
293 -0.00180311 0.167095
294 0.254747 0.152682
295 0.351868 0.12221
296 0.373234 0.149144
297 0.369768 0.12483
298 0.367281 0.157719
299 0.315541 0.00573509
