0 -0.770563 0.00340863
1 -0.772439 0.00352409
2 -0.775121 0.00345198
3 -0.778659 0.00323737
4 -0.777491 0.00431599
5 -0.779363 0.00393145
6 -0.779486 0.00402436
7 -0.782676 0.00421683
8 -0.781077 0.00404121
9 -0.779064 0.00385229
10 -0.780715 0.0036141
11 -0.778111 0.00444536
12 -0.778093 0.00390656
13 -0.778872 0.00364036
14 -0.777923 0.00323685
15 -0.777136 0.00360214
16 -0.777739 0.00440009
17 -0.776913 0.00410966
18 -0.776115 0.0037804
19 -0.775917 0.00402306
20 -0.774874 0.00356518
21 -0.778092 0.00297776
22 -0.778372 0.0033703
23 -0.777846 0.00368485
24 -0.778518 0.00397872
25 -0.777785 0.00362097
26 -0.773409 0.00415558
27 -0.774368 0.00436602
28 -0.775502 0.00388698
29 -0.778949 0.00303339
30 -0.780028 0.0035799
31 -0.782685 0.00337333
32 -0.780354 0.00427457
33 -0.777832 0.00364411
34 -0.77601 0.0044892
35 -0.778776 0.00401599
36 -0.779314 0.00458206
37 -0.779944 0.00365294
38 -0.777565 0.00283091
39 -0.776366 0.0026883
40 -0.779154 0.00287433
41 -0.778516 0.00258535
42 -0.778913 0.00257225
43 -0.779911 0.00381461
44 -0.779243 0.00408561
45 -0.777139 0.00408332
46 -0.776689 0.00368057
47 -0.778353 0.00393099
48 -0.779393 0.00430093
49 -0.777964 0.00378615
50 -0.77536 0.00372016
51 -0.778773 0.00324812
52 -0.776696 0.00359389
53 -0.777902 0.00381424
54 -0.779141 0.00327368
55 -0.779794 0.00306742
56 -0.775299 0.00388071
57 -0.778161 0.00380667
58 -0.782149 0.0045395
59 -0.7861 0.00430795
60 -0.786899 0.00381645
61 -0.7855 0.00429688
62 -0.787457 0.00378419
63 -0.789924 0.00377696
64 -0.792161 0.00403693
65 -0.788704 0.0035279
66 -0.784978 0.00381644
67 -0.783744 0.00470017
68 -0.785917 0.00473163
69 -0.785877 0.0045057
70 -0.783441 0.00474923
71 -0.780868 0.00395343
72 -0.779865 0.00438959
73 -0.782495 0.00446552
74 -0.781697 0.00468743
75 -0.782137 0.00386624
76 -0.784278 0.00407018
77 -0.780973 0.00371413
78 -0.781337 0.00405075
79 -0.782405 0.0035776
80 -0.784445 0.0031261
81 -0.785428 0.00348003
82 -0.781579 0.00353162
83 -0.782156 0.00360756
84 -0.780289 0.00370438
85 -0.782386 0.00397519
86 -0.782148 0.00445165
87 -0.784108 0.00433159
88 -0.782408 0.00375896
89 -0.780388 0.00416273
90 -0.779844 0.00395751
91 -0.780764 0.00399221
92 -0.779633 0.00355344
93 -0.77736 0.00440541
94 -0.779891 0.00502827
95 -0.778764 0.0044786
96 -0.77806 0.0041334
97 -0.779946 0.00396268
98 -0.780867 0.00299367
99 -0.781289 0.00301811
100 -0.779645 0.00352436
101 -0.777713 0.00371733
102 -0.776636 0.00391353
103 -0.774543 0.00372763
104 -0.770378 0.00360431
105 -0.769095 0.00358817
106 -0.771186 0.00321945
107 -0.771836 0.00319567
108 -0.772051 0.00286692
109 -0.774134 0.00332761
110 -0.774179 0.00353585
111 -0.773331 0.00377442
112 -0.771865 0.00340516
113 -0.771278 0.00318241
114 -0.769922 0.00378481
115 -0.775297 0.00404029
116 -0.775222 0.00413427
117 -0.775764 0.0036643
118 -0.773385 0.00346047
119 -0.774917 0.00366677
120 -0.773927 0.00402317
121 -0.774485 0.0042262
122 -0.774543 0.00385936
123 -0.775655 0.00299746
124 -0.777829 0.00313257
125 -0.77793 0.00368374
126 -0.777561 0.00377395
127 -0.779201 0.00396765
128 -0.779034 0.00400236
129 -0.781505 0.00463125
130 -0.781402 0.00430529
131 -0.783681 0.00389943
132 -0.780878 0.00312276
133 -0.780291 0.00371484
134 -0.781333 0.00373961
135 -0.779324 0.00393089
136 -0.780625 0.00391968
137 -0.782037 0.00394658
138 -0.781888 0.00391952
139 -0.783487 0.00387263
140 -0.785282 0.00359555
141 -0.790474 0.00339922
142 -0.79014 0.00331025
143 -0.789053 0.00309116
144 -0.789418 0.00328628
145 -0.790012 0.00316462
146 -0.78937 0.00368877
147 -0.78659 0.00333761
148 -0.787977 0.00408652
149 -0.785802 0.00410227
150 -0.789841 0.00345609
151 -0.787413 0.00368377
152 -0.785024 0.00383075
153 -0.784882 0.00413811
154 -0.782335 0.00408948
155 -0.781778 0.00356559
156 -0.779028 0.00365978
157 -0.781086 0.0033712
158 -0.781217 0.00364088
159 -0.779082 0.00360451
160 -0.777865 0.00330155
161 -0.779581 0.00289825
162 -0.779029 0.00285005
163 -0.781808 0.00312212
164 -0.782886 0.00375237
165 -0.780499 0.00376205
166 -0.778347 0.00247337
167 -0.778728 0.0025665
168 -0.778336 0.00250322
169 -0.781176 0.00285744
170 -0.781508 0.00261147
171 -0.784586 0.00344249
172 -0.783855 0.0032169
173 -0.780262 0.00360969
174 -0.776404 0.00317005
175 -0.773938 0.00412091
176 -0.776339 0.00394831
177 -0.774914 0.00371523
178 -0.774129 0.00356358
179 -0.776771 0.00402797
180 -0.773646 0.00321251
181 -0.776028 0.00345697
182 -0.7784 0.00353537
183 -0.777797 0.00341981
184 -0.776789 0.00384734
185 -0.774459 0.00337728
186 -0.772921 0.00381406
187 -0.774533 0.00325702
188 -0.7736 0.00245852
189 -0.775602 0.0031747
190 -0.778407 0.002801
191 -0.779621 0.00328799
192 -0.777458 0.00454908
193 -0.776881 0.00380942
194 -0.780192 0.00418757
195 -0.780062 0.00409833
196 -0.781206 0.00425431
197 -0.782048 0.00381106
198 -0.78328 0.00402772
199 -0.780238 0.0036247
200 -0.777688 0.00336832
201 -0.777177 0.00302205
202 -0.775945 0.00286306
203 -0.778054 0.0033525
204 -0.779562 0.00410015
205 -0.779686 0.00318798
206 -0.777615 0.0031639
207 -0.78305 0.00289372
208 -0.780796 0.00265085
209 -0.782158 0.00270067
210 -0.781596 0.00273846
211 -0.782918 0.00281749
212 -0.780941 0.00277716
213 -0.779674 0.00327282
214 -0.777079 0.00359527
215 -0.779306 0.00313762
216 -0.780745 0.00355114
217 -0.778738 0.00377822
218 -0.779936 0.00390198
219 -0.780461 0.00489612
220 -0.779564 0.00431091
221 -0.782823 0.00453828
222 -0.78179 0.0051797
223 -0.778695 0.00509004
224 -0.778927 0.00482491
225 -0.780873 0.00521958
226 -0.780552 0.00437025
227 -0.782342 0.00422088
228 -0.779745 0.00451578
229 -0.779067 0.00479559
230 -0.774195 0.00423351
231 -0.778038 0.00454713
232 -0.778483 0.00496563
233 -0.781969 0.004766
234 -0.781349 0.00516053
235 -0.780502 0.00542078
236 -0.7817 0.00507014
237 -0.780945 0.00560541
238 -0.778107 0.00526324
239 -0.778284 0.00575919
240 -0.7805 0.005282
241 -0.780733 0.00508554
242 -0.780019 0.00390082
243 -0.778768 0.00428966
244 -0.779484 0.00426678
245 -0.779558 0.00451576
246 -0.782619 0.00449513
247 -0.781675 0.00328552
248 -0.784121 0.00316813
249 -0.782898 0.00348205
250 -0.780738 0.00354726
251 -0.777633 0.00405967
252 -0.779528 0.00362359
253 -0.776076 0.00379203
254 -0.779657 0.00368991
255 -0.778025 0.00328245
256 -0.777855 0.00389993
257 -0.779449 0.00402372
258 -0.779058 0.00394054
259 -0.775493 0.00372756
260 -0.77667 0.00321253
261 -0.778206 0.0028585
262 -0.781234 0.00334641
263 -0.780896 0.002922
264 -0.77923 0.00315842
265 -0.786314 0.00308448
266 -0.786144 0.0038133
267 -0.782448 0.00323884
268 -0.783563 0.00305234
269 -0.786563 0.00321229
270 -0.784415 0.00332329
271 -0.783216 0.00323073
272 -0.782936 0.00338082
273 -0.784859 0.0041384
274 -0.782809 0.00350401
275 -0.781887 0.00366455
276 -0.779133 0.00357485
277 -0.778647 0.00394638
278 -0.779932 0.0042516
279 -0.779512 0.00317055
280 -0.777755 0.0033047
281 -0.781632 0.00348825
282 -0.785049 0.00365372
283 -0.782249 0.0040659
284 -0.780532 0.00347431
285 -0.781147 0.00316648
286 -0.77896 0.00336684
287 -0.778616 0.0034514
288 -0.779756 0.00365454
289 -0.784278 0.00343401
290 -0.778876 0.00318112
291 -0.781262 0.00342437
292 -0.781783 0.00419467
293 -0.787437 0.00433603
294 -0.783117 0.00376974
295 -0.783152 0.00355045
296 -0.78618 0.0036273
297 -0.781826 0.00354286
298 -0.779472 0.00359079
299 -0.77612 0.00464589
