           1     47.7524     47.7524           0
           2     45.6172     46.6848    0.754907
           3     46.1258     46.4985    0.525765
           4     45.3244     46.2049    0.469154
           5     43.7094     45.7058    0.583229
           6     38.5632     44.5154     1.19045
           7     38.7378       43.69      1.2748
           8     46.8712     44.0877     1.17583
           9     38.8326     43.5038      1.1813
          10     44.6252     43.6159     1.06848
          11     47.5994     43.9781     1.03089
          12     37.8372     43.4663     1.06444
          13     40.6524     43.2499     1.00433
          14     45.3926     43.4029    0.944182
          15     41.8142      43.297    0.887157
          16     47.8306     43.5804    0.875791
          17     47.8942     43.8341    0.860251
          18     44.3456     43.8625    0.812929
          19      46.182     43.9846    0.779255
          20     44.1532      43.993    0.740338
          21      45.511     44.0653    0.708604
          22      44.326     44.0772    0.676494
          23     46.2458     44.1715    0.653619
          24     46.5436     44.2703    0.633814
          25     45.1484     44.3054    0.609434
          26     44.9816     44.3314    0.586549
          27     47.8878     44.4631    0.579425
          28     45.9652     44.5168    0.561209
          29     39.6994     44.3507    0.565909
          30      47.555     44.4575    0.557034
          31     46.8718     44.5354    0.544482
          32     47.3342     44.6228    0.534446
          33     46.6776     44.6851    0.521865
          34     47.1942     44.7589    0.511707
          35      39.491     44.6084     0.51875
          36     44.1896     44.5967    0.504471
          37     47.3708     44.6717    0.496377
          38     47.9116      44.757    0.490582
          39     44.0538     44.7389    0.478334
          40     47.0386     44.7964    0.469818
          41     46.9536     44.8491    0.461296
          42     47.4184     44.9102    0.454351
          43     48.6184     44.9965    0.451894
          44     41.2194     44.9106    0.449703
          45     45.3486     44.9204    0.439815
          46     47.3912     44.9741    0.433522
          47      48.184     45.0424    0.429644
          48      47.531     45.0942     0.42381
          49     42.0678     45.0324    0.419637
          50     41.1852     44.9555    0.418239
          51     35.9148     44.7782    0.446026
          52     34.8242     44.5868     0.47676
          53     45.6374     44.6066    0.468176
          54      47.439     44.6591    0.462435
          55     46.3332     44.6895    0.455028
          56     46.6824     44.7251    0.448292
          57     45.1848     44.7332    0.440499
          58     46.5246     44.7641    0.433986
          59     45.0632     44.7691     0.42666
          60     46.5666     44.7991    0.420599
          61     42.5064     44.7615     0.41538
          62     36.5084     44.6284    0.429481
          63     43.2792      44.607    0.423197
          64      47.833     44.6574    0.419576
          65     47.0258     44.6938      0.4147
          66      48.015     44.7441    0.411458
          67     41.2284     44.6917    0.408649
          68       45.61     44.7052    0.402863
          69      48.589     44.7615    0.400937
          70      46.343     44.7841    0.395846
          71     46.3724     44.8064    0.390902
          72     47.6078     44.8453    0.387404
          73     48.2966     44.8926    0.384971
          74     45.6832     44.9033    0.379917
          75     44.7784     44.9016    0.374855
          76     45.0996     44.9042    0.369932
          77     39.0424     44.8281    0.372879
          78     45.5502     44.8374    0.368213
          79     43.2584     44.8174    0.364094
          80     44.0266     44.8075    0.359677
          81     48.2732     44.8503    0.357773
          82     47.4774     44.8823    0.354841
          83     42.5072     44.8537    0.351718
          84     45.3508     44.8596    0.347581
          85      27.256     44.6525    0.400466
          86     47.2252     44.6824    0.396925
          87     47.7428     44.7176    0.393918
          88      43.968     44.7091    0.389534
          89     47.4614       44.74    0.386383
          90      45.221     44.7454    0.382126
          91      42.306     44.7186    0.378866
          92      42.061     44.6897    0.375848
          93     43.7986     44.6801    0.371929
          94     40.0128     44.6304    0.371271
          95     48.3982     44.6701    0.369475
          96     47.2432     44.6969    0.366598
          97      47.845     44.7294    0.364252
          98     46.9734     44.7522    0.361254
          99      43.142      44.736    0.357971
         100     40.4752     44.6934    0.356918
         101     42.8962     44.6756    0.353828
         102     46.9898     44.6983    0.351085
         103     44.9738     44.7009    0.347687
         104      47.504     44.7279    0.345387
         105      48.131     44.7603    0.343615
         106       42.31     44.7372     0.34115
         107     40.3846     44.6965    0.340378
         108     47.0276     44.7181     0.33791
         109     44.8368     44.7192    0.334812
         110     38.4576     44.6623    0.336572
         111     40.6252     44.6259    0.335499
         112     47.5514      44.652    0.333519
         113     47.6282     44.6784    0.331606
         114     44.8158     44.6796    0.328699
         115     46.4832     44.6952    0.326215
         116     45.6648     44.7036     0.32351
         117     45.3924     44.7095    0.320798
         118     47.2034     44.7306    0.318775
         119     47.6464     44.7551    0.317037
         120     47.3742      44.777    0.315145
         121     41.4386     44.7494    0.313746
         122     41.1044     44.7195    0.312594
         123      47.256     44.7401    0.310732
         124      40.973     44.7097    0.309707
         125     42.7136     44.6938    0.307641
         126     46.4954     44.7081    0.305532
         127     46.6472     44.7233    0.303507
         128     44.9142     44.7248     0.30114
         129      46.067     44.7352    0.298985
         130       44.09     44.7303    0.296726
         131     46.9008     44.7468    0.294923
         132      47.749     44.7696    0.293565
         133     48.2348     44.7956    0.292511
         134      25.921     44.6548    0.322464
         135     46.5888     44.6691    0.320393
         136     47.2244     44.6879    0.318588
         137     46.9922     44.7047    0.316706
         138     46.2188     44.7157    0.314601
         139     41.7136     44.6941    0.313078
         140      47.343      44.713    0.311413
         141     47.9176     44.7357    0.310033
         142      47.815     44.7574    0.308607
         143     48.4166      44.783    0.307508
         144     36.4212     44.7249    0.310807
         145     45.4584       44.73    0.308704
         146      46.414     44.7415    0.306805
         147     46.8424     44.7558    0.305051
         148     40.5102     44.7271    0.304335
         149     45.0076      44.729    0.302299
         150     46.7194     44.7423    0.300575
         151     43.2038     44.7321    0.298757
         152      48.303     44.7556    0.297713
         153     46.6452     44.7679    0.296024
         154     45.8122     44.7747    0.294179
         155      17.453     44.5984    0.341026
         156      45.747     44.6058    0.338919
         157     46.4816     44.6178    0.336971
         158     48.0266     44.6393    0.335528
         159      41.475     44.6194    0.334008
         160     45.6194     44.6257    0.331979
         161     43.6872     44.6199    0.329968
         162     46.2452     44.6299    0.328083
         163      41.643     44.6116    0.326582
         164     47.5384     44.6294    0.325078
         165     47.6102     44.6475    0.323609
         166      40.944     44.6252    0.322428
         167     45.0304     44.6276    0.320506
         168     43.6768     44.6219    0.318649
         169      47.091     44.6365    0.317098
         170     46.4662     44.6473    0.315415
         171       42.12     44.6325    0.313917
         172     48.2502     44.6536    0.312795
         173      47.593     44.6705    0.311449
         174      43.705      44.665    0.309708
         175      48.286     44.6857    0.308629
         176     38.3324     44.6496    0.308979
         177     45.6058      44.655    0.307281
         178     47.6338     44.6717     0.30601
         179     48.3106     44.6921    0.304975
         180      46.863     44.7041    0.303519
         181     45.2234      44.707    0.301855
         182     46.5374      44.717    0.300364
         183     48.6536     44.7386    0.299492
         184      48.918     44.7613    0.298725
         185     47.3928     44.7755    0.297448
         186     47.1588     44.7883    0.296125
         187     45.5622     44.7924     0.29457
         188     45.4342     44.7959    0.293023
         189      45.729     44.8008    0.291515
         190     48.9178     44.8225    0.290784
         191     40.5962     44.8003    0.290103
         192     45.6092     44.8046    0.288622
         193     33.5998     44.7465    0.292908
         194     27.1496     44.6558    0.305119
         195      37.949     44.6214    0.305487
         196     47.8758      44.638    0.304379
         197      32.673     44.5773    0.308834
         198     45.1826     44.5803     0.30729
         199      48.123     44.5981    0.306261
         200     44.5826      44.598    0.304729
