130.084
126.252
119.815
110.986
100.103
87.6917
74.4969
61.4518
49.5947
39.91
33.1431
29.6425
29.3069
31.6422
35.8984
41.2328
46.8499
52.0947
56.4902
59.7531
61.782
62.6328
62.4883
61.6346
60.4036
59.1473
58.1845
57.7649
58.0392
59.0457
60.7194
62.91
65.4214
68.0441
70.5969
72.9415
74.992
76.7126
78.093
79.1299
79.8038
80.0872
79.9416
79.3335
78.2386
76.6604
74.64
72.2682
69.6704
67
64.4278
62.13
60.2669
58.9542
58.2601
58.1892
58.6865
59.6558
60.9678
62.476
64.0288
65.4894
66.7528
67.7504
68.4539
68.8606
68.9857
68.8664
68.5575
68.1253
67.6526
67.2334
66.955
66.8766
67.0279
67.4159
68.016
68.7833
69.6613
70.5787
71.4487
72.1836
72.7046
72.9617
72.941
72.6623
72.1749
71.5424
70.8235
70.0736
69.3255
68.5832
67.8412
67.0683
66.2176
65.2494
64.1401
62.8914
61.5458
60.1887
58.9404
57.9383
57.3103
57.1394
57.446
58.188
59.28
60.6221
62.1343
63.7742
65.5284
67.3993
69.3735
71.397
73.3703
75.1628
76.6331
77.6725
78.2072
78.2077
77.6953
76.7277
75.3947
73.8024
72.0654
70.3041
68.6184
67.1012
65.8303
64.8602
64.2123
63.8629
63.7626
63.8348
63.9934
64.1581
64.2671
64.2828
64.1952
64.0248
63.8161
63.6288
63.5295
63.5752
63.8041
64.2252
64.8059
65.4763
66.1395
66.6844
67.0076
67.038
66.7537
66.1855
65.4029
64.5041
63.592
62.7672
62.1225
61.7401
61.6946
62.0566
62.8753
64.1688
65.9078
67.9971
70.2892
72.6072
74.7652
76.5855
77.9215
78.6758
78.8113
78.3405
77.3276
75.8677
74.0886
72.1234
70.1003
68.1319
66.3044
64.6871
63.3227
62.2382
61.4478
60.9451
60.7059
60.6903
60.8351
61.0538
61.2451
61.3179
61.2088
60.9059
60.4662
60.001
59.6592
59.5944
59.9483
60.8272
62.285
64.3121
66.8258
69.6764
72.6694
75.5913
78.242
80.4636
82.1441
83.2184
83.6602
83.4718
82.6722
81.2921
79.3757
76.9935
74.2416
71.2492
68.1636
65.1249
62.2624
59.6717
57.4263
55.5823
54.1938
53.3139
52.9808
53.2093
53.9772
55.2233
56.8609
58.7931
60.9271
63.1721
65.438
67.6339
69.6594
71.4083
72.7794
73.6923
74.1009
74.005
73.4442
72.4915
71.2552
69.8669
68.4561
67.1384
66.012
65.1462
207.835
201.873
192.715
180.818
167.023
152.566
138.913
127.397
118.9
113.819
112.138
113.472
117.145
122.346
128.21
133.866
138.532
141.639
142.984
142.772
141.514
139.855
138.405
137.622
137.79
139.011
141.192
144.107
147.447
150.888
154.107
156.785
158.603
159.231
158.352
155.744
151.414
145.818
139.927
134.969
131.909
131.094
132.328
135.137
138.947
143.158
147.151
150.373
152.388
152.926
151.906
149.468
146.025
142.249
138.932
136.666
135.587
135.419
135.735
136.172
136.508
136.659
136.664
136.67
136.897
137.55
138.761
140.535
142.714
145.013
147.077
148.573
149.273
149.118
148.234
146.9
145.479
144.289
143.525
143.233
143.356
143.809
144.524
145.391
146.19
146.612
146.386
145.431
143.918
142.218
140.785
139.98
139.964
140.688
141.921
143.336
144.595
145.397
145.514
144.861
143.547
141.894
140.339
139.271
138.912
139.313
140.379
141.884
143.553
145.114
146.34
147.052
147.098
146.377
144.87
142.703
140.17
137.751
135.97
135.222
135.594
136.83
138.483
140.122
141.491
142.544
143.423
144.362
145.571
147.16
149.056
151.03
152.78
154.04
154.62
154.458
153.612
152.27
150.721
149.277
148.214
147.72
147.833
148.411
149.128
149.57
149.357
148.255
146.216
143.326
139.759
135.724
131.465
127.318
123.745
121.285
120.363
121.133
123.444
126.982
131.382
136.299
141.41
146.408
150.992
154.881
157.836
159.666
160.271
159.667
157.997
155.541
152.662
149.726
147.029
144.762
143.039
141.931
141.483
141.699
142.476
143.573
144.647
145.386
145.58
145.147
144.1
142.539
140.634
138.61
136.684
135.017
133.713
132.868
132.629
133.196
134.762
137.403
140.979
145.116
149.268
152.889
155.551
157.028
157.319
156.604
155.188
153.44
151.724
150.344
149.5
149.271
149.622
150.394
151.313
152.053
152.294
151.794
150.428
148.203
145.244
141.806
138.296
135.239
133.147
132.325
132.753
134.159
136.117
138.153
139.868
141.028
141.633
141.833
141.834
141.793
141.746
141.64
141.429
141.154
140.989
141.176
141.899
143.184
144.866
146.67
148.331
149.678
150.644
151.165
125.538
125.99
126.504
127.038
127.573
128.072
128.502
128.931
129.532
130.521
132.004
133.914
136.035
138.103
139.854
141.06
141.556
141.304
140.45
139.291
138.139
137.149
136.266
135.366
134.423
133.553
132.948
132.764
133.034
133.675
134.518
135.373
136.057
136.418
136.322
135.666
134.385
132.486
130.061
127.301
124.477
121.944
120.083
119.218
119.477
120.74
122.707
125.005
127.285
129.27
130.781
131.749
132.182
132.139
131.679
130.85
129.709
128.339
126.871
125.477
124.328
123.551
123.184
123.195
123.494
123.964
124.492
124.981
125.374
125.671
125.926
126.257
126.768
127.495
128.369
129.246
129.999
130.586
131.043
131.451
131.898
132.434
133.066
133.75
134.434
135.078
135.675
136.233
136.732
137.108
137.265
137.151
136.794
136.285
135.726
135.18
134.636
134.022
133.221
132.099
130.55
128.543
126.149
123.525
120.901
118.525
116.635
115.442
115.133
115.844
117.595
120.264
123.581
127.197
130.761
133.997
136.728
138.848
140.284
141.01
141.058
140.536
139.595
138.391
137.032
135.557
133.976
132.302
130.566
128.843
127.243
125.875
124.842
124.22
124.043
124.284
124.873
125.705
126.665
127.658
128.63
129.531
130.299
130.835
131.008
130.697
129.852
128.536
126.946
125.376
124.145
123.525
123.657
124.533
126.018
127.905
129.967
131.975
133.734
135.076
135.882
136.09
135.692
134.718
133.22
131.285
129.086
126.873
124.937
123.524
122.802
122.803
123.425
124.434
125.503
126.344
126.809
126.95
126.975
127.115
127.494
128.099
128.824
129.555
130.205
130.715
131.053
131.229
131.295
131.336
131.445
131.689
132.09
132.618
133.194
133.72
134.09
134.207
133.993
133.363
132.256
130.655
128.691
126.602
124.656
123.047
121.884
121.235
121.137
121.596
122.558
123.921
125.53
127.203
128.752
130.027
130.945
131.492
131.718
131.694
131.486
131.118
130.565
129.773
128.689
127.31
125.737
124.183
122.963
122.429
122.859
124.349
126.766
129.781
132.99
136.023
138.588
140.486
141.572
141.756
141.004
139.368
136.986
134.124
131.158
128.513
126.528
125.333
124.827
124.796
127.673
127.974
128.351
128.866
129.593
130.573
131.755
133.007
134.158
135.058
135.595
135.722
135.445
134.819
133.947
132.949
131.936
130.993
130.167
129.498
129.036
128.863
129.078
129.746
130.848
132.229
133.617
134.685
135.162
134.924
134.039
132.768
131.479
130.518
130.091
130.24
130.873
131.831
132.955
134.1
135.165
136.071
136.732
137.024
136.818
136.038
134.723
133.043
131.254
129.646
128.435
127.712
127.423
127.413
127.486
127.45
127.166
126.552
125.617
124.488
123.392
122.61
122.411
122.988
124.419
126.661
129.55
132.844
136.229
139.303
141.618
142.753
142.423
140.578
137.441
133.512
129.496
126.165
124.15
123.745
124.834
126.991
129.682
132.418
134.82
136.627
137.671
137.864
137.194
135.725
133.598
131.062
128.439
126.099
124.411
123.703
124.2
125.95
128.791
132.376
136.256
140.009
143.287
145.846
147.517
148.156
147.632
145.847
142.797
138.676
133.939
129.273
125.455
123.042
122.104
122.242
122.84
123.378
123.556
123.295
122.675
121.852
121.023
120.377
120.065
120.196
120.849
122.097
124.004
126.531
129.455
132.392
134.927
136.752
137.76
138.057
137.881
137.532
137.279
137.286
137.581
138.092
138.684
139.192
139.447
139.282
138.56
137.184
135.161
132.65
129.966
127.527
125.773
125.041
125.452
126.879
128.973
131.27
133.36
135
136.142
136.864
137.296
137.533
137.603
137.438
136.92
135.929
134.425
132.476
130.275
128.098
126.245
124.967
124.399
124.552
125.314
126.509
127.926
129.332
130.489
131.19
131.301
130.785
129.708
128.244
126.6
124.964
123.488
122.323
121.653
121.704
122.695
124.69
127.541
130.898
134.29
137.268
139.5
140.82
141.234
140.886
140.002
138.836
137.586
136.349
135.124
133.837
132.385
130.678
128.668
126.397
124.062
122.012
120.694
120.507
121.657
124.045
127.286
130.816
134.051
136.533
138.029
138.5
138.079
136.992
135.508
133.868
132.245
130.723
129.323
128.068
127.038
126.389
126.28
126.79
127.885
129.464
131.377
133.438
135.41
137.016
138.007
138.218
137.631
136.419
134.935
133.592
132.725
132.468
132.754
133.422
134.328
135.378
136.501
137.586
138.476
139.003
139.017
138.442
137.297
135.701
133.843
131.959
130.291
129.036
128.286
128.006
128.025
128.103
127.992
127.528
126.663
125.49
124.221
123.13
122.5
122.548
123.392
125.009
127.207
129.673
132.005
133.829
134.901
135.193
134.915
134.439
134.171
134.422
135.288
136.636
138.149
139.447
140.187
140.162
139.325
137.76
135.644
133.206
130.701
128.418
126.638
125.568
125.265
125.593
126.276
127.012
127.549
127.739
127.574
127.195
126.847
126.815
127.308
128.364
129.84
131.433
132.786
133.587
133.686
133.154
132.291
131.494
131.046
130.954
130.965
130.733
130.029
128.87
127.525
126.443
126.093
126.781
128.513
130.995
133.787
136.464
138.73
140.45
141.605
142.245
142.443
142.254
141.691
140.73
139.305
137.394
135.073
132.571
130.245
128.457
127.426
127.123
127.329
127.786
128.324
128.874
129.399
129.851
130.196
130.459
130.718
131.076
131.595
132.279
133.086
133.942
134.764
135.45
135.867
135.881
135.379
134.282
132.582
130.349
127.737
124.992
122.405
120.259
118.761
118.002
117.942
118.44
119.315
120.375
121.47
122.526
123.562
124.645
125.842
127.181
128.662
130.27
132.002
133.838
135.709
137.488
139.031
140.205
140.97
141.342
141.339
140.925
140.011
138.511
136.449
133.961
131.274
128.67
126.454
124.914
124.234
124.44
125.409
126.929
128.727
130.481
131.823
132.41
132.055
130.803
128.938
126.927
125.298
124.548
125.025
126.882
130.02
134.109
138.655
143.09
146.861
149.495
150.649
150.152
148.039
144.563
140.204
135.645
131.621
128.635
126.759
125.68
125.022
124.637
124.675
125.425
127.062
129.465
132.216
134.717
136.4
136.909
136.229
134.684
132.837
131.286
130.435
130.388
130.979
131.902
132.844
133.543
133.846
133.725
133.251
132.568
131.828
131.129
130.451
129.693
128.713
127.425
125.89
124.312
122.983
122.149
121.919
122.248
122.995
124.001
125.15
126.382
127.689
129.1
130.641
132.297
133.99
135.596
136.981
138.045
138.771
139.204
139.432
139.533
139.573
139.595
139.612
139.628
139.627
139.589
139.491
139.303
138.975
138.471
137.789
136.954
136.008
134.982
133.908
132.813
131.73
130.686
129.69
128.722
127.741
126.7
125.564
124.328
123.047
121.822
120.758
119.957
119.527
119.582
120.188
121.303
122.764
124.368
125.974
127.568
129.25
131.128
133.228
135.434
137.526
139.278
140.526
141.225
141.397
141.098
140.38
139.292
137.914
136.385
134.911
133.709
132.943
132.688
132.952
133.733
135.003
136.587
138.069
138.907
138.688
137.3
134.954
132.039
128.98
126.132
123.743
121.966
120.911
120.665
121.266
122.67
124.737
127.266
130.004
132.675
135.007
136.764
137.808
138.154
137.991
137.634
137.371
137.325
137.356
137.154
136.405
134.902
132.604
129.605
126.091
122.321
118.597
115.244
112.616
111.066
110.894
112.238
114.986
118.826
123.355
128.15
132.801
136.941
140.258
142.549
143.755
143.958
143.371
142.27
140.881
139.296
137.465
135.262
132.616
129.626
126.592
123.947
122.113
121.346
121.667
122.907
124.794
127.034
129.349
131.504
133.356
134.871
136.085
137.035
137.682
137.928
137.672
136.87
135.562
133.866
131.948
129.992
128.202
126.76
125.824
125.476
125.722
126.522
127.812
129.485
131.377
133.278
134.968
136.263
137.034
137.216
136.782
135.767
134.299
132.629
131.093
130.006
129.576
129.845
130.703
131.949
133.348
134.661
135.72
136.429
136.742
136.642
136.143
135.32
134.332
133.413
132.81
132.705
133.144
134.024
135.122
136.139
136.773
136.767
135.955
134.321
131.988
129.177
126.145
123.157
120.454
118.247
116.702
115.946
116.058
117.075
118.962
121.547
124.53
127.54
130.25
132.486
134.231
135.575
136.623
137.425
137.966
138.178
138.001
137.411
136.429
135.139
133.646
132.065
130.484
128.961
127.547
126.295
125.286
124.644
124.51
125.008
126.165
127.868
129.886
131.913
133.639
134.848
135.471
135.594
135.417
135.173
135.04
135.076
135.186
135.185
134.857
134.04
132.685
130.909
129.022
127.467
126.675
126.909
128.177
130.232
132.687
135.126
137.182
138.597
139.236
139.101
138.322
137.123
135.748
134.4
133.189
132.137
131.204
130.335
129.516
128.775
128.145
127.655
127.304
127.065
126.9
126.789
126.789
127.044
127.711
128.837
130.297
131.864
133.325
134.554
135.466
135.961
135.917
135.188
133.684
131.401
128.49
125.312
122.455
120.675
120.643
122.642
126.418
131.32
136.542
141.346
145.183
147.774
149.099
149.31
148.61
147.129
144.916
142.003
138.47
134.467
130.197
125.885
121.753
118.021
114.915
112.682
111.577
111.77
113.259
115.844
119.231
123.134
127.319
131.564
135.64
139.314
142.353
144.559
145.77
145.88
144.874
142.868
140.125
137.072
134.268
132.279
131.501
132.012
133.52
135.472
137.253
138.343
138.396
137.262
134.978
131.769
128.012
124.208
120.898
118.549
117.472
117.782
119.413
122.153
125.687
129.622
133.512
136.924
139.503
141.024
141.415
140.748
139.179
136.912
134.152
131.089
127.896
124.751
121.857
119.474
117.897
117.397
118.116
119.977
122.662
125.683
128.522
130.789
132.301
133.063
133.196
132.857
132.194
131.351
130.5
129.86
129.662
130.083
131.184
132.834
134.747
136.563
137.951
138.719
138.865
138.541
137.951
137.248
136.486
135.639
134.652
133.496
132.176
130.72
129.217
127.872
127.027
127.082
128.293
130.578
133.477
136.309
138.437
139.454
139.268
138.082
136.301
134.395
132.763
131.642
131.068
130.91
130.933
130.885
130.542
129.762
128.493
126.82
124.949
123.16
121.768
121.037
121.08
121.778
122.813
123.79
124.429
124.678
124.666
124.622
124.747
125.136
125.756
126.478
127.161
127.705
128.076
128.312
128.497
128.728
129.103
129.7
130.558
131.661
132.943
134.295
135.618
136.844
137.924
138.805
139.417
139.691
139.584
139.134
138.446
137.669
136.966
136.452
136.19
136.195
136.431
136.849
137.392
138.01
138.68
139.396
140.156
140.906
141.531
141.86
141.718
140.971
139.563
137.53
134.984
132.121
129.222
126.614
124.618
123.431
123.081
123.442
124.292
125.391
126.513
127.443
127.997
128.035
127.488
126.393
124.911
123.314
121.926
121.036
120.799
121.205
122.121
123.372
124.831
126.439
128.157
129.916
131.563
132.896
133.772
134.191
134.276
134.169
133.962
133.731
133.584
133.648
134.029
134.771
135.835
137.145
138.604
140.076
141.396
142.392
142.902
142.804
142.049
140.669
138.781
136.588
134.359
132.417
131.075
130.569
130.995
132.273
134.143
136.249
138.217
139.713
140.5
140.456
139.574
137.937
135.651
132.815
129.548
126.059
122.696
119.914
118.138
117.602
118.259
119.86
122.088
124.679
127.446
130.248
132.937
135.36
137.342
138.716
139.345
139.119
137.982
135.947
133.1
129.624
125.82
122.104
118.952
116.807
115.952
116.447
118.127
120.68
123.74
126.956
129.999
132.582
134.495
135.627
135.989
135.671
134.819
133.599
132.187
130.777
129.573
128.751
128.403
128.515
128.988
129.694
130.531
131.455
132.459
133.529
134.61
135.592
136.33
136.711
136.652
136.114
135.109
133.68
131.926
130.06
128.434
127.511
127.713
129.194
131.697
134.605
137.188
138.857
139.3
138.501
136.7
134.313
131.827
129.704
128.265
127.599
127.571
127.928
128.444
129.015
129.657
130.408
131.241
132.054
132.704
133.085
133.173
133.05
132.801
132.418
131.772
130.755
129.409
127.974
126.776
126.083
125.997
126.439
127.196
128.034
128.787
129.391
129.872
130.299
130.736
131.176
131.554
131.762
131.714
131.389
130.866
130.289
129.844
129.691
129.927
130.593
131.672
133.101
134.739
136.399
137.889
139.057
139.84
140.249
140.37
140.326
140.235
140.156
140.065
139.826
139.227
138.051
136.161
133.571
130.469
127.22
124.292
122.117
120.942
120.742
121.255
122.113
123.017
123.846
124.669
125.673
127.033
128.787
130.823
132.903
134.773
136.223
137.167
137.66
137.839
137.866
137.822
137.698
137.416
136.867
135.968
134.714
133.208
131.651
130.259
129.139
128.275
127.611
127.195
127.191
127.74
128.785
130.05
131.157
131.786
131.809
131.345
130.697
130.227
130.222
130.775
131.783
133.004
134.175
135.108
135.771
136.267
136.764
137.38
138.102
138.771
139.148
138.977
138.054
136.272
133.647
130.346
126.682
123.069
119.943
117.637
116.302
115.902
116.27
117.197
118.479
119.932
121.397
122.72
123.76
124.422
124.704
124.771
124.95
125.634
127.113
129.43
132.324
135.333
137.981
139.916
140.989
141.256
140.923
140.267
139.546
138.93
138.479
138.148
137.842
137.463
136.944
136.261
135.422
134.453
133.392
132.279
131.15
130.064
129.113
128.416
128.106
128.279
128.94
129.95
131.079
132.046
132.602
132.567
131.864
130.535
128.724
126.659
124.619
122.911
121.789
121.433
121.933
123.28
125.375
128.043
131.065
134.188
137.148
139.663
141.432
142.165
141.637
139.727
136.483
132.17
127.318
122.71
119.269
117.838
118.891
122.326
127.472
133.318
138.801
143.049
145.513
145.99
144.577
141.64
137.745
133.591
129.881
127.159
125.647
125.202
125.476
126.158
127.108
128.347
129.91
131.753
133.746
135.736
137.631
139.401
141.038
142.502
143.688
144.434
144.564
143.99
142.747
140.96
138.779
136.334
133.752
131.192
128.86
126.974
125.701
125.109
125.196
125.915
127.177
128.804
130.527
132.033
133.073
133.552
133.545
133.243
132.882
132.635
132.545
132.485
132.277
131.785
130.983
129.942
128.76
127.518
126.264
125.046
123.96
123.132
122.679
122.659
123.025
123.659
124.421
125.217
125.989
126.725
127.431
128.115
128.799
129.49
130.157
130.705
130.99
130.863
130.238
129.146
127.72
126.19
124.854
124.027
123.988
124.897
126.757
129.409
132.582
135.929
139.109
141.819
143.818
144.943
145.128
144.413
142.941
140.936
138.657
136.375
134.335
132.71
131.554
130.792
130.255
129.759
129.212
128.67
128.336
128.471
129.259
130.701
132.579
134.544
136.25
137.449
138.003
137.852
137.001
135.538
133.677
131.703
129.89
128.421
127.326
126.524
125.879
125.284
124.694
124.127
123.645
123.325
123.264
123.544
124.213
125.222
126.413
127.553
128.439
128.945
129.054
128.869
128.594
128.515
128.928
130.047
131.901
134.28
136.822
139.123
140.849
141.787
141.859
141.09
139.579
137.51
135.154
132.871
131.037
129.932
129.623
129.933
130.56
131.233
131.792
132.186
132.425
132.533
132.544
132.505
132.453
132.389
132.295
132.154
131.959
131.733
131.522
131.389
131.408
131.637
132.089
132.713
133.415
134.11
134.759
135.382
136.055
136.841
137.743
138.642
139.301
139.415
138.694
136.959
134.211
130.649
126.64
122.66
119.194
116.621
115.141
114.737
115.22
116.303
117.681
119.127
120.518
121.854
123.226
124.754
126.525
128.546
130.747
133.011
135.207
137.226
139.001
140.519
141.797
142.85
143.654
144.144
144.216
143.787
142.828
141.388
139.578
137.551
135.439
133.34
131.308
129.39
127.654
126.179
125.031
124.248
123.858
123.9
124.441
125.535
127.182
129.312
131.809
134.496
137.138
139.484
141.348
142.6
143.135
142.873
141.837
140.194
138.234
136.32
134.748
133.659
133.043
132.81
132.891
133.284
134.014
135.07
136.32
137.502
138.259
138.214
137.105
134.878
131.713
128.005
124.276
121.061
118.773
117.609
117.542
118.362
119.77
121.446
123.117
124.58
125.718
126.471
126.787
126.595
125.854
124.659
123.3
122.167
121.597
121.769
122.698
124.298
126.419
128.85
131.352
133.703
135.709
137.241
138.23
138.667
138.612
138.169
137.477
136.701
135.997
135.499
135.281
135.347
135.635
136.041
136.43
136.68
136.698
136.406
135.73
134.611
133.039
131.08
128.889
126.695
124.78
123.401
122.703
122.679
123.199
124.073
125.106
126.141
127.088
127.913
128.655
129.385
130.178
131.12
132.306
133.813
135.652
137.739
139.877
141.805
143.215
143.842
143.514
142.166
139.872
136.846
133.42
129.995
126.944
124.526
122.855
121.923
121.631
121.84
122.382
123.071
123.734
124.247
124.56
124.7
124.761
124.877
125.187
125.785
126.675
127.763
128.907
129.999
131.009
131.989
133.025
134.167
135.397
136.604
137.614
138.24
138.356
137.962
137.193
136.297
135.527
135.086
135.055
135.382
135.944
136.597
137.218
137.692
137.902
137.777
137.345
136.752
136.234
136.019
136.193
136.627
137.025
137.069
136.567
135.526
134.137
132.681
131.4
130.427
129.748
129.256
128.815
128.343
127.834
127.314
126.819
126.366
125.98
125.702
125.602
125.738
126.124
126.703
127.372
128.048
128.685
129.278
129.792
130.135
130.16
129.738
128.883
127.835
127.038
126.968
127.866
129.597
131.699
133.591
134.799
135.095
134.53
133.381
132.001
130.663
129.511
128.635
128.169
128.297
129.125
130.593
132.505
134.654
136.851
138.901
140.586
141.698
142.088
141.713
140.669
139.15
137.404
135.672
134.133
132.89
131.985
131.418
131.173
131.237
131.608
132.273
133.189
134.217
135.099
135.47
135.008
133.557
131.218
128.309
125.285
122.6
120.595
119.447
119.189
119.748
121.001
122.82
125.077
127.657
130.438
133.272
135.956
138.237
139.863
140.627
140.396
139.141
136.971
134.172
131.183
128.489
126.483
125.406
125.307
126.084
127.552
129.466
131.555
133.537
135.158
136.208
136.556
136.112
134.824
132.679
129.746
126.214
122.411
118.783
115.795
113.828
113.102
113.65
115.371
118.074
121.486
125.285
129.12
132.668
135.69
138.041
139.672
140.599
140.896
140.7
140.192
139.529
138.82
138.086
137.302
136.474
135.685
135.088
134.815
134.882
135.176
135.514
135.724
135.717
135.516
135.208
134.899
134.658
134.477
134.299
134.063
133.749
133.403
133.091
132.875
132.806
132.954
133.392
134.126
135.062
136.054
136.923
137.478
137.504
136.798
135.224
132.769
129.554
125.854
122.057
118.626
115.948
114.235
113.551
113.877
115.176
117.358
120.259
123.66
127.321
130.996
134.443
137.43
139.731
141.174
141.691
141.364
140.417
139.168
137.942
136.981
136.392
136.135
136.064
135.953
135.552
134.698
133.4
131.855
130.374
129.268
128.744
128.852
129.497
130.482
131.554
132.445
132.937
132.911
132.362
131.395
130.178
128.916
127.856
127.319
127.639
128.994
131.246
133.942
136.495
138.417
139.442
139.529
138.845
137.703
136.47
135.379
134.413
133.295
131.671
129.357
126.457
123.315
120.409
118.222
117.111
117.206
118.375
120.283
122.51
124.669
126.484
127.829
128.708
129.237
129.598
129.955
130.39
130.873
131.317
131.657
131.893
132.108
132.418
132.914
133.613
134.437
135.225
135.815
136.147
136.299
136.455
136.769
137.246
137.703
137.889
137.619
136.875
135.804
134.653
133.651
132.891
132.301
131.731
131.079
130.33
129.558
128.896
128.488
128.446
128.805
129.489
130.345
