1.01622e+06
1.11596e+06
1.28498e+06
1.51125e+06
1.77546e+06
2.06976e+06
2.37544e+06
2.67147e+06
2.93746e+06
3.15252e+06
3.29901e+06
3.37113e+06
3.37449e+06
3.31954e+06
3.22166e+06
3.1002e+06
2.97258e+06
2.85564e+06
2.75746e+06
2.68251e+06
2.63399e+06
2.61471e+06
2.61688e+06
2.63543e+06
2.66107e+06
2.68846e+06
2.71023e+06
2.71716e+06
2.71295e+06
2.68962e+06
2.65125e+06
2.60341e+06
2.5484e+06
2.49003e+06
2.4319e+06
2.37862e+06
2.33129e+06
2.28855e+06
2.25681e+06
2.23401e+06
2.21772e+06
2.21057e+06
2.21409e+06
2.23087e+06
2.25881e+06
2.2951e+06
2.34373e+06
2.39784e+06
2.45842e+06
2.51788e+06
2.57568e+06
2.62791e+06
2.66867e+06
2.69852e+06
2.71308e+06
2.71272e+06
2.69876e+06
2.67592e+06
2.64504e+06
2.60919e+06
2.57486e+06
2.54297e+06
2.51527e+06
2.49297e+06
2.47707e+06
2.47071e+06
2.46888e+06
2.47256e+06
2.48228e+06
2.49356e+06
2.50652e+06
2.51895e+06
2.52643e+06
2.52693e+06
2.52397e+06
2.51587e+06
2.50337e+06
2.48494e+06
2.46338e+06
2.44251e+06
2.42188e+06
2.40231e+06
2.38682e+06
2.37667e+06
2.37355e+06
2.3769e+06
2.38338e+06
2.39518e+06
2.40987e+06
2.42694e+06
2.44234e+06
2.45893e+06
2.47991e+06
2.49823e+06
2.51809e+06
2.54392e+06
2.57146e+06
2.60449e+06
2.63639e+06
2.66828e+06
2.69871e+06
2.72383e+06
2.73912e+06
2.74497e+06
2.74063e+06
2.72478e+06
2.70156e+06
2.67318e+06
2.63781e+06
2.60031e+06
2.55979e+06
2.51399e+06
2.46506e+06
2.4188e+06
2.37269e+06
2.33004e+06
2.29545e+06
2.27198e+06
2.26219e+06
2.26236e+06
2.27451e+06
2.29791e+06
2.32931e+06
2.36599e+06
2.40686e+06
2.44744e+06
2.48597e+06
2.51908e+06
2.54749e+06
2.57158e+06
2.58481e+06
2.59225e+06
2.59348e+06
2.59198e+06
2.58896e+06
2.58396e+06
2.58106e+06
2.58135e+06
2.58285e+06
2.58455e+06
2.5855e+06
2.58421e+06
2.58245e+06
2.5822e+06
2.57488e+06
2.56512e+06
2.55226e+06
2.53732e+06
2.52371e+06
2.51074e+06
2.50481e+06
2.50511e+06
2.51558e+06
2.53078e+06
2.5493e+06
2.57283e+06
2.59774e+06
2.6168e+06
2.63432e+06
2.64289e+06
2.64265e+06
2.6328e+06
2.61361e+06
2.57884e+06
2.53682e+06
2.48983e+06
2.43479e+06
2.38427e+06
2.33693e+06
2.29386e+06
2.26462e+06
2.24727e+06
2.24535e+06
2.25788e+06
2.28248e+06
2.31597e+06
2.35521e+06
2.3978e+06
2.44421e+06
2.48851e+06
2.52865e+06
2.56492e+06
2.59539e+06
2.61885e+06
2.63389e+06
2.64387e+06
2.64704e+06
2.6464e+06
2.64265e+06
2.63663e+06
2.63213e+06
2.63141e+06
2.63326e+06
2.64048e+06
2.65257e+06
2.66139e+06
2.67004e+06
2.67164e+06
2.66398e+06
2.64348e+06
2.61028e+06
2.56225e+06
2.50411e+06
2.43922e+06
2.37254e+06
2.30725e+06
2.25023e+06
2.19894e+06
2.16206e+06
2.13928e+06
2.13216e+06
2.13855e+06
2.15958e+06
2.19291e+06
2.23951e+06
2.29423e+06
2.35628e+06
2.42579e+06
2.49675e+06
2.56696e+06
2.6321e+06
2.68938e+06
2.74142e+06
2.78289e+06
2.81315e+06
2.83106e+06
2.83859e+06
2.83124e+06
2.81147e+06
2.7807e+06
2.74116e+06
2.69688e+06
2.64755e+06
2.59591e+06
2.54346e+06
2.49393e+06
2.44812e+06
2.40874e+06
2.37921e+06
2.36025e+06
2.35151e+06
2.35285e+06
2.36721e+06
2.38936e+06
2.418e+06
2.44867e+06
2.48218e+06
2.51167e+06
2.53652e+06
2.55619e+06
2.61804e+06
2.75991e+06
2.96717e+06
3.23502e+06
3.54232e+06
3.85983e+06
4.15695e+06
4.40931e+06
4.59208e+06
4.70113e+06
4.73859e+06
4.7091e+06
4.62976e+06
4.51761e+06
4.39184e+06
4.27278e+06
4.17426e+06
4.1114e+06
4.08774e+06
4.09684e+06
4.12363e+06
4.15944e+06
4.18726e+06
4.2005e+06
4.19251e+06
4.1641e+06
4.1136e+06
4.04595e+06
3.97026e+06
3.8959e+06
3.82432e+06
3.76706e+06
3.7279e+06
3.7148e+06
3.7335e+06
3.78856e+06
3.88188e+06
3.99923e+06
4.12134e+06
4.22151e+06
4.27915e+06
4.29238e+06
4.26316e+06
4.20358e+06
4.12007e+06
4.03139e+06
3.9479e+06
3.87899e+06
3.83903e+06
3.83413e+06
3.85823e+06
3.91445e+06
3.99143e+06
4.07485e+06
4.14862e+06
4.20041e+06
4.22634e+06
4.23676e+06
4.23495e+06
4.23024e+06
4.22377e+06
4.2238e+06
4.22446e+06
4.22207e+06
4.21356e+06
4.19648e+06
4.17035e+06
4.13009e+06
4.08089e+06
4.03017e+06
3.98322e+06
3.94929e+06
3.93284e+06
3.93632e+06
3.95344e+06
3.97879e+06
4.00885e+06
4.0315e+06
4.04424e+06
4.04543e+06
4.04109e+06
4.02752e+06
4.0057e+06
3.98445e+06
3.96618e+06
3.95573e+06
3.96012e+06
3.98374e+06
4.01809e+06
4.05703e+06
4.0882e+06
4.10819e+06
4.11204e+06
4.10278e+06
4.07998e+06
4.054e+06
4.02976e+06
4.01572e+06
4.01598e+06
4.02836e+06
4.05405e+06
4.08407e+06
4.11304e+06
4.13213e+06
4.1348e+06
4.12562e+06
4.09983e+06
4.06913e+06
4.03668e+06
4.00516e+06
3.98253e+06
3.97093e+06
3.97489e+06
3.99323e+06
4.02532e+06
4.0739e+06
4.12617e+06
4.1774e+06
4.21448e+06
4.22858e+06
4.22005e+06
4.1956e+06
4.16306e+06
4.1274e+06
4.09867e+06
4.07477e+06
4.05256e+06
4.02929e+06
3.99935e+06
3.96353e+06
3.91889e+06
3.87618e+06
3.83917e+06
3.81215e+06
3.8001e+06
3.80546e+06
3.82273e+06
3.85084e+06
3.88436e+06
3.91376e+06
3.93524e+06
3.94552e+06
3.94485e+06
3.93543e+06
3.92419e+06
3.92051e+06
3.93001e+06
3.95857e+06
4.0072e+06
4.07223e+06
4.15194e+06
4.24164e+06
4.33135e+06
4.41971e+06
4.4913e+06
4.53649e+06
4.54994e+06
4.52773e+06
4.47489e+06
4.39504e+06
4.29548e+06
4.18507e+06
4.07352e+06
3.96606e+06
3.8674e+06
3.78547e+06
3.72398e+06
3.6872e+06
3.68015e+06
3.69667e+06
3.73575e+06
3.7912e+06
3.85394e+06
3.91888e+06
3.98112e+06
4.03392e+06
4.07156e+06
4.09423e+06
4.1022e+06
4.09884e+06
4.08162e+06
4.05601e+06
4.03256e+06
4.0173e+06
4.01192e+06
4.01926e+06
4.04036e+06
4.07406e+06
4.11546e+06
4.16094e+06
4.20491e+06
4.24279e+06
4.27316e+06
4.29311e+06
4.29702e+06
4.28221e+06
4.24565e+06
4.18678e+06
4.10965e+06
4.02002e+06
3.93188e+06
3.85413e+06
3.79876e+06
3.76942e+06
3.76484e+06
3.78154e+06
3.8113e+06
3.84632e+06
3.88243e+06
3.90641e+06
3.92145e+06
3.9234e+06
3.9134e+06
3.89701e+06
3.87886e+06
3.86398e+06
3.86221e+06
3.87654e+06
3.90921e+06
3.95854e+06
4.02305e+06
4.09536e+06
4.16787e+06
4.22897e+06
4.27121e+06
4.286e+06
4.27616e+06
4.24654e+06
4.20585e+06
4.16723e+06
4.13316e+06
4.10974e+06
4.09954e+06
4.0974e+06
4.09905e+06
4.10047e+06
4.10232e+06
4.10353e+06
4.10525e+06
4.10962e+06
4.11124e+06
4.10062e+06
4.07951e+06
4.0475e+06
4.0092e+06
3.96843e+06
3.93322e+06
3.90682e+06
3.89062e+06
3.88299e+06
3.87919e+06
3.87326e+06
3.86336e+06
3.8546e+06
3.84764e+06
3.83588e+06
3.82537e+06
3.81083e+06
3.79446e+06
3.76784e+06
3.72956e+06
3.6821e+06
3.63068e+06
3.58418e+06
3.5443e+06
3.51405e+06
3.50045e+06
3.50427e+06
3.52285e+06
3.54932e+06
3.57553e+06
3.59992e+06
3.622e+06
3.64385e+06
3.66654e+06
3.68638e+06
3.69857e+06
3.70181e+06
3.6957e+06
3.68077e+06
3.66078e+06
3.64212e+06
3.62577e+06
3.61853e+06
3.62182e+06
3.63724e+06
3.66818e+06
3.71186e+06
3.76968e+06
3.83148e+06
3.89581e+06
3.95233e+06
3.99424e+06
4.01201e+06
4.00759e+06
3.98352e+06
3.94442e+06
3.89776e+06
3.85155e+06
3.81287e+06
3.78101e+06
3.76078e+06
3.74879e+06
3.74525e+06
3.75405e+06
3.76778e+06
3.78848e+06
3.81482e+06
3.84286e+06
3.86888e+06
3.89104e+06
3.9033e+06
3.9114e+06
3.91179e+06
3.90506e+06
3.89528e+06
3.88334e+06
3.87552e+06
3.86594e+06
3.86051e+06
3.85483e+06
3.84603e+06
3.83342e+06
3.8154e+06
3.79577e+06
3.77591e+06
3.75827e+06
3.7427e+06
3.73093e+06
3.72048e+06
3.70987e+06
3.69617e+06
3.68407e+06
3.66712e+06
3.65406e+06
3.64091e+06
3.63372e+06
3.62606e+06
3.6173e+06
3.61234e+06
3.61034e+06
3.61607e+06
3.62303e+06
3.63497e+06
3.64631e+06
3.65793e+06
3.6697e+06
3.68371e+06
3.70286e+06
3.72714e+06
3.76194e+06
3.80578e+06
3.86035e+06
3.91715e+06
3.97058e+06
4.02236e+06
4.06185e+06
4.08544e+06
4.08991e+06
4.07364e+06
4.03406e+06
3.97719e+06
3.90212e+06
3.82356e+06
3.74751e+06
3.67692e+06
3.61771e+06
3.5736e+06
3.54004e+06
3.52316e+06
3.51979e+06
3.53013e+06
3.55044e+06
3.57664e+06
3.60679e+06
3.64046e+06
3.67684e+06
3.71295e+06
3.75207e+06
3.79151e+06
3.82653e+06
3.85546e+06
3.87654e+06
3.88768e+06
3.89239e+06
3.88639e+06
3.87496e+06
3.85544e+06
3.83605e+06
3.81507e+06
3.7926e+06
3.77325e+06
3.75913e+06
3.7515e+06
3.75293e+06
3.76135e+06
3.77956e+06
3.80856e+06
3.84118e+06
3.87363e+06
3.89895e+06
3.91115e+06
3.90722e+06
3.88597e+06
3.85245e+06
3.8086e+06
3.7624e+06
3.71841e+06
3.68126e+06
3.64874e+06
3.63015e+06
3.62378e+06
3.63193e+06
3.65247e+06
3.68475e+06
3.72656e+06
3.7737e+06
3.82045e+06
3.86139e+06
3.89241e+06
3.90816e+06
3.90996e+06
3.89922e+06
3.87778e+06
3.8571e+06
3.84163e+06
3.8307e+06
3.82857e+06
3.82656e+06
3.82378e+06
3.81627e+06
3.80485e+06
3.79372e+06
3.781e+06
3.77099e+06
3.76125e+06
3.75551e+06
3.75115e+06
3.75269e+06
3.74908e+06
3.74278e+06
3.73443e+06
3.72231e+06
3.70951e+06
3.69305e+06
3.67901e+06
3.66928e+06
3.66417e+06
3.6689e+06
3.68425e+06
3.70802e+06
3.7427e+06
3.78742e+06
3.83335e+06
3.87684e+06
3.91172e+06
3.93555e+06
3.95082e+06
3.95213e+06
3.94346e+06
3.92292e+06
3.89555e+06
3.86339e+06
3.82717e+06
3.79463e+06
3.76876e+06
3.74937e+06
3.73647e+06
3.73229e+06
3.73102e+06
3.73442e+06
3.7444e+06
3.76003e+06
3.77923e+06
3.80514e+06
3.83744e+06
3.87275e+06
3.90483e+06
3.92708e+06
3.93508e+06
3.92103e+06
3.88267e+06
3.82588e+06
3.75667e+06
3.68336e+06
3.61484e+06
3.55894e+06
3.51465e+06
3.49311e+06
3.48978e+06
3.50672e+06
3.54451e+06
3.59819e+06
3.66109e+06
3.72525e+06
3.78514e+06
3.83017e+06
3.8597e+06
3.87377e+06
3.87732e+06
3.87902e+06
3.87335e+06
3.86663e+06
3.85507e+06
3.83747e+06
3.81302e+06
3.78473e+06
3.75744e+06
3.73506e+06
3.71614e+06
3.7075e+06
3.70455e+06
3.71133e+06
3.72529e+06
3.74753e+06
3.76958e+06
3.79173e+06
3.81058e+06
3.82985e+06
3.84424e+06
3.85253e+06
3.85518e+06
3.84795e+06
3.83234e+06
3.80633e+06
3.77667e+06
3.74678e+06
3.72417e+06
3.71433e+06
3.7224e+06
3.74089e+06
3.76775e+06
3.79442e+06
3.81368e+06
3.81744e+06
3.81205e+06
3.79736e+06
3.77518e+06
3.75323e+06
3.72783e+06
3.70285e+06
3.68307e+06
3.67013e+06
3.66621e+06
3.6745e+06
3.69353e+06
3.72636e+06
3.76535e+06
3.80718e+06
3.84449e+06
3.87242e+06
3.88918e+06
3.89626e+06
3.89726e+06
3.89595e+06
3.89776e+06
3.90476e+06
3.91831e+06
3.93902e+06
3.96229e+06
3.98207e+06
3.99437e+06
3.99736e+06
3.98174e+06
3.95075e+06
3.90259e+06
3.84003e+06
3.76761e+06
3.69826e+06
3.63639e+06
3.59512e+06
3.58015e+06
3.5933e+06
3.64111e+06
3.71325e+06
3.79874e+06
3.88358e+06
3.95259e+06
3.99039e+06
3.9956e+06
3.96906e+06
3.91958e+06
3.85962e+06
3.79773e+06
3.7437e+06
3.70251e+06
3.67681e+06
3.67049e+06
3.68513e+06
3.71955e+06
3.76633e+06
3.82267e+06
3.87736e+06
3.92786e+06
3.96393e+06
3.97768e+06
3.96638e+06
3.92863e+06
3.86652e+06
3.79146e+06
3.70881e+06
3.62874e+06
3.55768e+06
3.50255e+06
3.46723e+06
3.4553e+06
3.46895e+06
3.50725e+06
3.57271e+06
3.65936e+06
3.75963e+06
3.85679e+06
3.93527e+06
3.98256e+06
4.00213e+06
4.00153e+06
3.99197e+06
3.98326e+06
3.98326e+06
3.99026e+06
4.00444e+06
4.02304e+06
4.04042e+06
4.05478e+06
4.05989e+06
4.05475e+06
4.03957e+06
4.01169e+06
3.96782e+06
3.91186e+06
3.84768e+06
3.78526e+06
3.73059e+06
3.69117e+06
3.67059e+06
3.66335e+06
3.66553e+06
3.67241e+06
3.67638e+06
3.67516e+06
3.66577e+06
3.65747e+06
3.64461e+06
3.63257e+06
3.62809e+06
3.63038e+06
3.64784e+06
3.67722e+06
3.72003e+06
3.77469e+06
3.8286e+06
3.87577e+06
3.9109e+06
3.92555e+06
3.91596e+06
3.88581e+06
3.84274e+06
3.7975e+06
3.75407e+06
3.72125e+06
3.69799e+06
3.68354e+06
3.67576e+06
3.66991e+06
3.66978e+06
3.67656e+06
3.68967e+06
3.71109e+06
3.74387e+06
3.78404e+06
3.83037e+06
3.87763e+06
3.91749e+06
3.94432e+06
3.95361e+06
3.94876e+06
3.93334e+06
3.90743e+06
3.8793e+06
3.84939e+06
3.82469e+06
3.81016e+06
3.80928e+06
3.8215e+06
3.84612e+06
3.88096e+06
3.91995e+06
3.95694e+06
3.98914e+06
4.01287e+06
4.02598e+06
4.02269e+06
3.99838e+06
3.95148e+06
3.88804e+06
3.81239e+06
3.73735e+06
3.67302e+06
3.62536e+06
3.59529e+06
3.58871e+06
3.5981e+06
3.61698e+06
3.64523e+06
3.67321e+06
3.70347e+06
3.73315e+06
3.76296e+06
3.79626e+06
3.83402e+06
3.87805e+06
3.92353e+06
3.9712e+06
4.01146e+06
4.03439e+06
4.03083e+06
3.99937e+06
3.94356e+06
3.8702e+06
3.79425e+06
3.72555e+06
3.67479e+06
3.64083e+06
3.63245e+06
3.6415e+06
3.66556e+06
3.69935e+06
3.73536e+06
3.7727e+06
3.80732e+06
3.84028e+06
3.86679e+06
3.8885e+06
3.9009e+06
3.90244e+06
3.88871e+06
3.86427e+06
3.82996e+06
3.78729e+06
3.74239e+06
3.69959e+06
3.66688e+06
3.6454e+06
3.64234e+06
3.65609e+06
3.68168e+06
3.71383e+06
3.74379e+06
3.76169e+06
3.76942e+06
3.76494e+06
3.75433e+06
3.73841e+06
3.7187e+06
3.69592e+06
3.67439e+06
3.65708e+06
3.64974e+06
3.65466e+06
3.67079e+06
3.69532e+06
3.733e+06
3.7723e+06
3.81164e+06
3.8464e+06
3.87158e+06
3.88832e+06
3.89462e+06
3.89415e+06
3.89405e+06
3.89738e+06
3.90638e+06
3.9238e+06
3.94805e+06
3.97183e+06
3.99222e+06
4.00234e+06
3.997e+06
3.97388e+06
3.93645e+06
3.88746e+06
3.83403e+06
3.78502e+06
3.74819e+06
3.72648e+06
3.71952e+06
3.72448e+06
3.73087e+06
3.73359e+06
3.72432e+06
3.70216e+06
3.67488e+06
3.64788e+06
3.62041e+06
3.60606e+06
3.60858e+06
3.62768e+06
3.66179e+06
3.70807e+06
3.7595e+06
3.8151e+06
3.86507e+06
3.90354e+06
3.92539e+06
3.93191e+06
3.92673e+06
3.91463e+06
3.90148e+06
3.89082e+06
3.88763e+06
3.88941e+06
3.89924e+06
3.90518e+06
3.90365e+06
3.8916e+06
3.87059e+06
3.84017e+06
3.80252e+06
3.77071e+06
3.74986e+06
3.74494e+06
3.75147e+06
3.76693e+06
3.77806e+06
3.78459e+06
3.78375e+06
3.78245e+06
3.78848e+06
3.80416e+06
3.82997e+06
3.85893e+06
3.88173e+06
3.88899e+06
3.87628e+06
3.84184e+06
3.79177e+06
3.73828e+06
3.68392e+06
3.63851e+06
3.606e+06
3.58444e+06
3.5742e+06
3.57188e+06
3.5781e+06
3.59511e+06
3.61928e+06
3.65259e+06
3.69914e+06
3.75188e+06
3.80617e+06
3.85819e+06
3.89756e+06
3.91805e+06
3.92355e+06
3.92024e+06
3.90839e+06
3.89707e+06
3.881e+06
3.8658e+06
3.85264e+06
3.84009e+06
3.82993e+06
3.8176e+06
3.80168e+06
3.78549e+06
3.76589e+06
3.74523e+06
3.72308e+06
3.70666e+06
3.69282e+06
3.68564e+06
3.68944e+06
3.70677e+06
3.73675e+06
3.77724e+06
3.83235e+06
3.89485e+06
3.95522e+06
4.01353e+06
4.06097e+06
4.0926e+06
4.10794e+06
4.10893e+06
4.09586e+06
4.07453e+06
4.05032e+06
4.02341e+06
3.99853e+06
3.97299e+06
3.94676e+06
3.91703e+06
3.88441e+06
3.85039e+06
3.81236e+06
3.77532e+06
3.7321e+06
3.6889e+06
3.64821e+06
3.61115e+06
3.58229e+06
3.56422e+06
3.55352e+06
3.55568e+06
3.5674e+06
3.59233e+06
3.62894e+06
3.67684e+06
3.73259e+06
3.79397e+06
3.85045e+06
3.89814e+06
3.93328e+06
3.94898e+06
3.94209e+06
3.92083e+06
3.8888e+06
3.85354e+06
3.8175e+06
3.79174e+06
3.78049e+06
3.79219e+06
3.82091e+06
3.86105e+06
3.9045e+06
3.9374e+06
3.9476e+06
3.93309e+06
3.88881e+06
3.81678e+06
3.72681e+06
3.62994e+06
3.53642e+06
3.45856e+06
3.40625e+06
3.38493e+06
3.40237e+06
3.45357e+06
3.53135e+06
3.62257e+06
3.71944e+06
3.80362e+06
3.86578e+06
3.9066e+06
3.92877e+06
3.94199e+06
3.94648e+06
3.94014e+06
3.918e+06
3.87781e+06
3.82235e+06
3.76406e+06
3.7123e+06
3.67739e+06
3.66838e+06
3.68666e+06
3.72066e+06
3.76159e+06
3.79587e+06
3.81305e+06
3.81494e+06
3.80549e+06
3.78592e+06
3.77056e+06
3.75671e+06
3.75266e+06
3.75689e+06
3.7682e+06
3.78434e+06
3.80046e+06
3.81786e+06
3.83566e+06
3.85407e+06
3.8775e+06
3.90414e+06
3.93864e+06
3.97146e+06
3.99784e+06
4.01163e+06
4.01561e+06
4.00869e+06
3.99425e+06
3.97434e+06
3.95231e+06
3.92553e+06
3.89614e+06
3.8654e+06
3.82923e+06
3.78969e+06
3.75016e+06
3.71095e+06
3.67777e+06
3.65245e+06
3.63558e+06
3.62485e+06
3.61804e+06
3.61532e+06
3.61494e+06
3.61437e+06
3.61401e+06
3.61398e+06
3.615e+06
3.61579e+06
3.61774e+06
3.62251e+06
3.63202e+06
3.64449e+06
3.65903e+06
3.68003e+06
3.70203e+06
3.72583e+06
3.74957e+06
3.77267e+06
3.79668e+06
3.81784e+06
3.83795e+06
3.86e+06
3.88091e+06
3.90445e+06
3.9301e+06
3.95807e+06
3.98612e+06
4.01512e+06
4.04057e+06
4.05861e+06
4.06897e+06
4.06924e+06
4.05566e+06
4.03226e+06
4.00232e+06
3.9688e+06
3.93269e+06
3.8944e+06
3.85341e+06
3.80743e+06
3.7582e+06
3.70649e+06
3.6583e+06
3.61931e+06
3.59061e+06
3.57419e+06
3.5708e+06
3.57834e+06
3.59437e+06
3.61641e+06
3.64613e+06
3.67993e+06
3.71025e+06
3.73352e+06
3.74794e+06
3.75265e+06
3.74506e+06
3.73072e+06
3.70627e+06
3.6755e+06
3.64611e+06
3.633e+06
3.64365e+06
3.67619e+06
3.73055e+06
3.79432e+06
3.85963e+06
3.92157e+06
3.97272e+06
4.01084e+06
4.03186e+06
4.03521e+06
4.02125e+06
3.98694e+06
3.94102e+06
3.88471e+06
3.82421e+06
3.76512e+06
3.71438e+06
3.67703e+06
3.6544e+06
3.64548e+06
3.64738e+06
3.65198e+06
3.65561e+06
3.65747e+06
3.65742e+06
3.66187e+06
3.68207e+06
3.71797e+06
3.77206e+06
3.8409e+06
3.9215e+06
4.00709e+06
4.09082e+06
4.16467e+06
4.22116e+06
4.25358e+06
4.25607e+06
4.2235e+06
4.16017e+06
4.07623e+06
3.97523e+06
3.86878e+06
3.76498e+06
3.67106e+06
3.59692e+06
3.54449e+06
3.5148e+06
3.50948e+06
3.52078e+06
3.54536e+06
3.57799e+06
3.61724e+06
3.66435e+06
3.71836e+06
3.77915e+06
3.84562e+06
3.9134e+06
3.96757e+06
4.00436e+06
4.01808e+06
4.00812e+06
3.97889e+06
3.93625e+06
3.88751e+06
3.83478e+06
3.78868e+06
3.74839e+06
3.71544e+06
3.68723e+06
3.66919e+06
3.6591e+06
3.6584e+06
3.66831e+06
3.69029e+06
3.72375e+06
3.76271e+06
3.8049e+06
3.84404e+06
3.87985e+06
3.90917e+06
3.92693e+06
3.92907e+06
3.91702e+06
3.89502e+06
3.86271e+06
3.82462e+06
3.78117e+06
3.7398e+06
3.70152e+06
3.6745e+06
3.66225e+06
3.66049e+06
3.67277e+06
3.70143e+06
3.73603e+06
3.77506e+06
3.80825e+06
3.83115e+06
3.83903e+06
3.83188e+06
3.81214e+06
3.78483e+06
3.75144e+06
3.72224e+06
3.69887e+06
3.6852e+06
3.67685e+06
3.67786e+06
3.68839e+06
3.70437e+06
3.72364e+06
3.74355e+06
3.75687e+06
3.76013e+06
3.75074e+06
3.73288e+06
3.71254e+06
3.69377e+06
3.68228e+06
3.68554e+06
3.70611e+06
3.74389e+06
3.79436e+06
3.85408e+06
3.91998e+06
3.98583e+06
4.04392e+06
4.09084e+06
4.12375e+06
4.13647e+06
4.13092e+06
4.10555e+06
4.06038e+06
4.00224e+06
3.9345e+06
3.86665e+06
3.80548e+06
3.75351e+06
3.71462e+06
3.68484e+06
3.66236e+06
3.64578e+06
3.63608e+06
3.63627e+06
3.64727e+06
3.66493e+06
3.69174e+06
3.72388e+06
3.76106e+06
3.80073e+06
3.83928e+06
3.87581e+06
3.91146e+06
3.94143e+06
3.96435e+06
3.97622e+06
3.97558e+06
3.96329e+06
3.93415e+06
3.89169e+06
3.84279e+06
3.79419e+06
3.75387e+06
3.72352e+06
3.70788e+06
3.70358e+06
3.70443e+06
3.70554e+06
3.70637e+06
3.70368e+06
3.70347e+06
3.70609e+06
3.71592e+06
3.73726e+06
3.76884e+06
3.80834e+06
3.84979e+06
3.88244e+06
3.8971e+06
3.88973e+06
3.86228e+06
3.81672e+06
3.76524e+06
3.71189e+06
3.66853e+06
3.63836e+06
3.62388e+06
3.62479e+06
3.64151e+06
3.66995e+06
3.69907e+06
3.73131e+06
3.75826e+06
3.78402e+06
3.80731e+06
3.83035e+06
3.8519e+06
3.87274e+06
3.8907e+06
3.90349e+06
3.91088e+06
3.91754e+06
3.92065e+06
3.91941e+06
3.91374e+06
3.90184e+06
3.88232e+06
3.85416e+06
3.81755e+06
3.77876e+06
3.74235e+06
3.71251e+06
3.69324e+06
3.68563e+06
3.69078e+06
3.71067e+06
3.7469e+06
3.79881e+06
3.86455e+06
3.93245e+06
3.99286e+06
4.02822e+06
4.02508e+06
3.9772e+06
3.89164e+06
3.78419e+06
3.67075e+06
3.56865e+06
3.48235e+06
3.42415e+06
3.39124e+06
3.38711e+06
3.4062e+06
3.44162e+06
3.49594e+06
3.56355e+06
3.64696e+06
3.74081e+06
3.83906e+06
3.93528e+06
4.0269e+06
4.10869e+06
4.17631e+06
4.22235e+06
4.24115e+06
4.2336e+06
4.19936e+06
4.14152e+06
4.066e+06
3.97763e+06
3.88446e+06
3.79186e+06
3.70141e+06
3.62028e+06
3.55445e+06
3.50575e+06
3.48024e+06
3.47919e+06
3.50025e+06
3.54596e+06
3.60641e+06
3.67217e+06
3.72973e+06
3.76961e+06
3.78617e+06
3.77528e+06
3.7445e+06
3.70566e+06
3.67194e+06
3.65689e+06
3.66149e+06
3.69306e+06
3.74692e+06
3.82037e+06
3.90027e+06
3.97913e+06
4.04558e+06
4.0906e+06
4.10742e+06
4.0938e+06
4.05345e+06
3.98822e+06
3.9071e+06
3.82011e+06
3.73662e+06
3.66287e+06
3.60509e+06
3.57367e+06
3.56838e+06
3.58544e+06
3.62225e+06
3.67526e+06
3.73924e+06
3.80769e+06
3.87713e+06
3.94528e+06
4.00685e+06
4.05647e+06
4.088e+06
4.09744e+06
4.07935e+06
4.03815e+06
3.97818e+06
3.91714e+06
3.85828e+06
3.81073e+06
3.77945e+06
3.7625e+06
3.7596e+06
3.76411e+06
3.77864e+06
3.79458e+06
3.81346e+06
3.82368e+06
3.82499e+06
3.81264e+06
3.7884e+06
3.75224e+06
3.71066e+06
3.67059e+06
3.64123e+06
3.62297e+06
3.61923e+06
3.62805e+06
3.63882e+06
3.6536e+06
3.67048e+06
3.69145e+06
3.71485e+06
3.74272e+06
3.77431e+06
3.80857e+06
3.84009e+06
3.86973e+06
3.88663e+06
3.88482e+06
3.85991e+06
3.81147e+06
3.7514e+06
3.69575e+06
3.6545e+06
3.63663e+06
3.64199e+06
3.66881e+06
3.70676e+06
3.74444e+06
3.77905e+06
3.80109e+06
3.81316e+06
3.8151e+06
3.81299e+06
3.81602e+06
3.82557e+06
3.84199e+06
3.86962e+06
3.90128e+06
3.93935e+06
3.97516e+06
3.99934e+06
4.01249e+06
4.00831e+06
3.99391e+06
3.97137e+06
3.95155e+06
3.93911e+06
3.9337e+06
3.93537e+06
3.93601e+06
3.93366e+06
3.9276e+06
3.91706e+06
3.90722e+06
3.89759e+06
3.89044e+06
3.88358e+06
3.88056e+06
3.877e+06
3.87291e+06
3.86193e+06
3.84626e+06
3.82438e+06
3.79787e+06
3.76694e+06
3.73557e+06
3.70391e+06
3.67641e+06
3.65036e+06
3.63192e+06
3.62071e+06
3.61526e+06
3.61913e+06
3.62968e+06
3.64378e+06
3.66116e+06
3.67627e+06
3.68601e+06
3.69179e+06
3.69093e+06
3.686e+06
3.67846e+06
3.66592e+06
3.64919e+06
3.63524e+06
3.6191e+06
3.60148e+06
3.58498e+06
3.5732e+06
3.56707e+06
3.57058e+06
3.58858e+06
3.6224e+06
3.66802e+06
3.7252e+06
3.78982e+06
3.85237e+06
3.90975e+06
3.95528e+06
3.98242e+06
3.99335e+06
3.98449e+06
3.96858e+06
3.94355e+06
3.91862e+06
3.89784e+06
3.88434e+06
3.87999e+06
3.88841e+06
3.90722e+06
3.93731e+06
3.96935e+06
3.9943e+06
4.01107e+06
4.01571e+06
4.00563e+06
3.98338e+06
3.95781e+06
3.92494e+06
3.8879e+06
3.85043e+06
3.81345e+06
3.77795e+06
3.75054e+06
3.73341e+06
3.72673e+06
3.72622e+06
3.729e+06
3.7364e+06
3.74218e+06
3.74644e+06
3.74527e+06
3.74073e+06
3.7243e+06
3.70135e+06
3.67605e+06
3.6437e+06
3.61084e+06
3.58143e+06
3.56181e+06
3.54932e+06
3.55229e+06
3.57066e+06
3.59831e+06
3.63827e+06
3.68534e+06
3.7329e+06
3.77311e+06
3.79789e+06
3.8053e+06
3.79134e+06
3.76105e+06
3.72046e+06
3.67509e+06
3.63074e+06
3.59842e+06
3.58308e+06
3.58844e+06
3.61302e+06
3.65075e+06
3.70168e+06
3.76278e+06
3.835e+06
3.91188e+06
3.98269e+06
4.04135e+06
4.07636e+06
4.08589e+06
4.07167e+06
4.03847e+06
3.98976e+06
3.93393e+06
3.8743e+06
3.81444e+06
3.75282e+06
3.6981e+06
3.65374e+06
3.62209e+06
3.60915e+06
3.61736e+06
3.64572e+06
3.69563e+06
3.76271e+06
3.84248e+06
3.92823e+06
4.01126e+06
4.08114e+06
4.13005e+06
4.14996e+06
4.13799e+06
4.10169e+06
4.04737e+06
3.97941e+06
3.90861e+06
3.84312e+06
3.78772e+06
3.74736e+06
3.72166e+06
3.71301e+06
3.71862e+06
3.73551e+06
3.7617e+06
3.79482e+06
3.8247e+06
3.85089e+06
3.86873e+06
3.87561e+06
3.87447e+06
3.86685e+06
3.85096e+06
3.8334e+06
3.81184e+06
3.78761e+06
3.76172e+06
3.73691e+06
3.71725e+06
3.70137e+06
3.69376e+06
3.69468e+06
3.70648e+06
3.72869e+06
3.75673e+06
3.79142e+06
3.82585e+06
3.85659e+06
3.87047e+06
3.86036e+06
3.82488e+06
3.7706e+06
3.7107e+06
3.657e+06
3.62589e+06
3.62099e+06
3.64056e+06
3.68021e+06
3.73186e+06
3.78639e+06
3.82872e+06
3.85855e+06
3.87348e+06
3.87476e+06
3.86885e+06
3.8581e+06
3.84485e+06
3.83214e+06
3.8154e+06
3.79507e+06
3.77595e+06
3.75863e+06
3.75062e+06
3.74629e+06
3.74731e+06
3.7526e+06
3.76114e+06
3.77536e+06
3.79907e+06
3.82821e+06
3.85817e+06
3.88635e+06
3.90239e+06
3.90242e+06
3.89358e+06
3.87869e+06
3.86244e+06
3.84813e+06
3.83791e+06
3.82879e+06
3.82187e+06
3.81322e+06
3.80567e+06
3.80193e+06
3.79989e+06
3.80155e+06
3.8087e+06
3.81866e+06
3.82895e+06
3.83453e+06
3.8346e+06
3.82478e+06
3.80611e+06
3.77989e+06
3.74821e+06
3.71357e+06
3.679e+06
3.64956e+06
3.62561e+06
3.60945e+06
3.60245e+06
3.60486e+06
3.6068e+06
3.60907e+06
3.61216e+06
3.61821e+06
3.62619e+06
3.64411e+06
3.67488e+06
3.71777e+06
3.77742e+06
3.84467e+06
3.91679e+06
3.97701e+06
4.02104e+06
4.0452e+06
4.04705e+06
4.0364e+06
4.01781e+06
3.99342e+06
3.97348e+06
3.9516e+06
3.9258e+06
3.89255e+06
3.85158e+06
3.80508e+06
3.76017e+06
3.71727e+06
3.68538e+06
3.66543e+06
3.65259e+06
3.64672e+06
3.64569e+06
3.64883e+06
3.6563e+06
3.66561e+06
3.68205e+06
3.70328e+06
3.73428e+06
3.76594e+06
3.80208e+06
3.83337e+06
3.85778e+06
3.87666e+06
3.89243e+06
3.90264e+06
3.90315e+06
3.89194e+06
3.87126e+06
3.84848e+06
3.83229e+06
3.82249e+06
3.82343e+06
3.83344e+06
3.84641e+06
3.85413e+06
3.85339e+06
3.83999e+06
3.81879e+06
3.79226e+06
3.76501e+06
3.74049e+06
3.72343e+06
3.7095e+06
3.69463e+06
3.67511e+06
3.65585e+06
3.6381e+06
3.62959e+06
3.63264e+06
3.65262e+06
3.69091e+06
3.74587e+06
3.81394e+06
3.89279e+06
3.96979e+06
4.03735e+06
4.08586e+06
4.11407e+06
4.12155e+06
4.1138e+06
4.09554e+06
4.06746e+06
4.03547e+06
4.00533e+06
3.97646e+06
3.9518e+06
3.93802e+06
3.92758e+06
3.92643e+06
3.92268e+06
3.90538e+06
3.87245e+06
3.82313e+06
3.76259e+06
3.70185e+06
3.64959e+06
3.60846e+06
3.58799e+06
3.58286e+06
3.58966e+06
3.60154e+06
3.61736e+06
3.63161e+06
3.6441e+06
3.65415e+06
3.66388e+06
3.67486e+06
3.68705e+06
3.70211e+06
3.72012e+06
3.74103e+06
3.76249e+06
3.78456e+06
3.80755e+06
3.82803e+06
3.84505e+06
3.85836e+06
3.86336e+06
3.85611e+06
3.83991e+06
3.81829e+06
3.79567e+06
3.77809e+06
3.76994e+06
3.77765e+06
3.79864e+06
3.83095e+06
3.87324e+06
3.91817e+06
3.96256e+06
3.99692e+06
4.01799e+06
4.02111e+06
4.00622e+06
3.97011e+06
3.91991e+06
3.85789e+06
3.78652e+06
3.7144e+06
3.64925e+06
3.59633e+06
3.56261e+06
3.552e+06
3.56949e+06
3.61865e+06
3.6949e+06
3.79163e+06
3.89953e+06
3.99951e+06
4.06867e+06
4.09442e+06
4.06752e+06
3.99141e+06
3.87957e+06
3.75488e+06
3.63756e+06
3.54684e+06
3.49284e+06
3.48166e+06
3.51082e+06
3.56927e+06
3.64699e+06
3.73202e+06
3.8106e+06
3.86819e+06
3.90386e+06
3.91543e+06
3.91262e+06
3.90242e+06
3.88473e+06
3.85652e+06
3.82245e+06
3.78189e+06
3.73417e+06
3.6869e+06
3.64025e+06
3.60069e+06
3.56232e+06
3.53034e+06
3.50616e+06
3.49114e+06
3.49071e+06
3.50715e+06
3.54022e+06
3.58199e+06
3.63547e+06
3.69751e+06
3.75799e+06
3.81431e+06
3.86433e+06
3.90411e+06
3.92886e+06
3.94005e+06
3.93609e+06
3.917e+06
3.88791e+06
3.84933e+06
3.81074e+06
3.77566e+06
3.75373e+06
3.7437e+06
3.74429e+06
3.75184e+06
3.76103e+06
3.76853e+06
3.77216e+06
3.77759e+06
3.78689e+06
3.80167e+06
3.82106e+06
3.84681e+06
3.87413e+06
3.90082e+06
3.92768e+06
3.95357e+06
3.9759e+06
3.99397e+06
3.99944e+06
3.99791e+06
3.98744e+06
3.9739e+06
3.95457e+06
3.93577e+06
3.91775e+06
3.89971e+06
3.88291e+06
3.86966e+06
3.85442e+06
3.84082e+06
3.82625e+06
3.81612e+06
3.81363e+06
3.81632e+06
3.83259e+06
3.85774e+06
3.88793e+06
3.91841e+06
3.94444e+06
3.95918e+06
3.95409e+06
3.92778e+06
3.88466e+06
3.82598e+06
3.75483e+06
3.68328e+06
3.61564e+06
3.55989e+06
3.52045e+06
3.50122e+06
3.50091e+06
3.51827e+06
3.55476e+06
3.60289e+06
3.65346e+06
3.70731e+06
3.75154e+06
3.7875e+06
3.81167e+06
3.82847e+06
3.83954e+06
3.84997e+06
3.85926e+06
3.86724e+06
3.86774e+06
3.85775e+06
3.83476e+06
3.80009e+06
3.75561e+06
3.71144e+06
3.67433e+06
3.65055e+06
3.64019e+06
3.64484e+06
3.66306e+06
3.69532e+06
3.73668e+06
3.77984e+06
3.82223e+06
3.85565e+06
3.88191e+06
3.90192e+06
3.91936e+06
3.93429e+06
3.94676e+06
3.96025e+06
3.97168e+06
3.97884e+06
3.97717e+06
3.96848e+06
3.95192e+06
3.93203e+06
3.90504e+06
3.87967e+06
3.86004e+06
3.84828e+06
3.84538e+06
3.84621e+06
3.84998e+06
3.85255e+06
3.8421e+06
3.8195e+06
3.77948e+06
3.72836e+06
3.67707e+06
3.63106e+06
3.59677e+06
3.57842e+06
3.57666e+06
3.59308e+06
3.62601e+06
3.6674e+06
3.7181e+06
3.76784e+06
3.80687e+06
3.82985e+06
3.83682e+06
3.83159e+06
3.82169e+06
3.8093e+06
3.79925e+06
3.79128e+06
3.78775e+06
3.78515e+06
3.78404e+06
3.78264e+06
3.78194e+06
3.78383e+06
3.78629e+06
3.78906e+06
3.79489e+06
3.79887e+06
3.8032e+06
3.80693e+06
3.80353e+06
3.79634e+06
3.78489e+06
3.77025e+06
3.75219e+06
3.73491e+06
3.71496e+06
3.6982e+06
3.68078e+06
3.65862e+06
3.63366e+06
3.61723e+06
3.60724e+06
3.6113e+06
3.632e+06
3.67703e+06
3.74501e+06
3.82925e+06
3.92023e+06
4.00704e+06
4.08531e+06
4.14078e+06
4.1757e+06
4.18631e+06
4.17665e+06
4.15573e+06
4.12747e+06
4.09612e+06
4.06489e+06
4.03277e+06
3.99949e+06
3.96407e+06
3.92021e+06
3.87082e+06
3.81859e+06
3.76567e+06
3.71566e+06
3.66858e+06
3.62785e+06
3.5912e+06
3.56251e+06
3.54074e+06
3.5252e+06
3.52002e+06
3.52577e+06
3.54005e+06
3.56323e+06
3.60021e+06
3.6427e+06
3.68636e+06
3.73525e+06
3.78042e+06
3.8212e+06
3.85831e+06
3.89258e+06
3.92017e+06
3.94005e+06
3.94988e+06
3.95185e+06
3.94658e+06
3.92966e+06
3.90157e+06
3.86353e+06
3.81339e+06
3.76246e+06
3.70643e+06
3.65162e+06
3.60366e+06
3.56451e+06
3.53971e+06
3.53181e+06
3.5407e+06
3.56579e+06
3.60297e+06
3.648e+06
3.68765e+06
3.72176e+06
3.74682e+06
3.76073e+06
3.76622e+06
3.76404e+06
3.7533e+06
3.73623e+06
3.71312e+06
3.68333e+06
3.65968e+06
3.64449e+06
3.64582e+06
3.67218e+06
3.71973e+06
3.78924e+06
3.87012e+06
3.9498e+06
4.01934e+06
4.07153e+06
4.09829e+06
4.10351e+06
4.08856e+06
4.06036e+06
4.02904e+06
3.9932e+06
3.96257e+06
3.94101e+06
3.92512e+06
3.91748e+06
3.92505e+06
3.94009e+06
3.96442e+06
3.99182e+06
4.01362e+06
4.02348e+06
4.01677e+06
3.99451e+06
3.95797e+06
3.90993e+06
3.8587e+06
3.80332e+06
3.75321e+06
3.713e+06
3.68261e+06
3.66427e+06
3.65516e+06
3.65847e+06
3.66868e+06
3.68313e+06
3.70184e+06
3.71791e+06
3.72787e+06
3.73163e+06
3.7276e+06
3.71682e+06
3.70537e+06
3.69466e+06
3.68653e+06
3.68179e+06
3.68498e+06
3.69524e+06
3.71702e+06
3.74896e+06
3.79225e+06
3.83884e+06
3.88425e+06
3.92553e+06
3.95617e+06
3.97391e+06
3.97563e+06
3.96551e+06
3.94919e+06
3.9289e+06
3.91037e+06
3.89465e+06
3.87743e+06
3.86053e+06
3.84549e+06
3.82665e+06
3.80382e+06
3.77492e+06
3.73634e+06
3.69236e+06
3.64352e+06
3.59408e+06
3.55149e+06
3.52246e+06
3.50899e+06
3.5207e+06
3.5527e+06
3.60368e+06
3.66812e+06
3.74428e+06
3.81725e+06
3.88389e+06
3.93519e+06
3.97188e+06
3.99239e+06
4.00274e+06
4.00011e+06
3.99056e+06
3.97738e+06
3.96316e+06
3.95314e+06
3.94824e+06
3.94473e+06
3.9462e+06
3.946e+06
3.94024e+06
3.929e+06
3.91047e+06
3.88895e+06
3.86668e+06
3.84369e+06
3.82262e+06
3.79744e+06
3.77117e+06
3.74279e+06
3.71254e+06
3.68368e+06
3.65915e+06
3.64379e+06
3.63999e+06
3.64635e+06
3.66262e+06
3.67943e+06
3.69637e+06
3.70477e+06
3.70185e+06
3.6948e+06
3.68281e+06
3.66983e+06
3.65547e+06
3.64655e+06
3.64291e+06
3.64518e+06
3.65622e+06
3.6697e+06
3.68096e+06
3.68621e+06
3.68503e+06
3.67884e+06
3.67339e+06
3.67614e+06
3.6882e+06
3.71158e+06
3.74387e+06
3.77674e+06
3.80481e+06
3.82596e+06
3.84051e+06
3.8524e+06
3.86374e+06
3.87346e+06
3.88682e+06
3.89796e+06
3.90651e+06
3.91423e+06
3.92002e+06
3.92636e+06
3.9295e+06
3.92476e+06
3.91644e+06
3.90383e+06
3.88667e+06
3.86831e+06
3.85427e+06
3.84117e+06
3.8307e+06
3.82446e+06
3.82462e+06
3.83391e+06
3.8557e+06
3.87537e+06
3.88993e+06
3.89027e+06
3.86952e+06
3.83492e+06
3.79281e+06
3.75539e+06
3.73406e+06
3.73209e+06
3.74617e+06
3.77174e+06
3.80136e+06
3.83139e+06
3.85319e+06
3.86934e+06
3.87453e+06
3.86939e+06
3.8485e+06
3.81693e+06
3.77298e+06
3.7249e+06
3.67669e+06
3.63251e+06
3.59587e+06
3.57636e+06
3.57108e+06
3.5805e+06
3.60454e+06
3.63704e+06
3.67818e+06
3.71393e+06
3.74656e+06
3.77491e+06
3.7937e+06
3.80676e+06
3.81069e+06
3.80983e+06
3.80207e+06
3.78441e+06
3.76607e+06
3.74223e+06
3.72527e+06
3.71955e+06
3.73285e+06
3.7664e+06
3.81749e+06
3.88089e+06
3.94703e+06
4.00253e+06
4.04535e+06
4.06817e+06
4.07302e+06
4.06124e+06
4.03152e+06
3.98992e+06
3.93948e+06
3.88133e+06
3.81776e+06
3.75249e+06
3.69312e+06
3.64263e+06
3.60897e+06
3.59476e+06
3.60572e+06
3.63539e+06
3.68395e+06
3.74369e+06
3.80948e+06
3.86808e+06
3.91483e+06
3.94016e+06
3.94415e+06
3.92993e+06
3.90005e+06
3.85993e+06
3.81909e+06
3.77902e+06
3.74435e+06
3.72483e+06
3.7199e+06
3.73075e+06
3.76166e+06
3.80997e+06
3.87486e+06
3.9543e+06
4.03932e+06
4.11842e+06
4.18357e+06
4.22557e+06
4.23896e+06
4.22472e+06
4.18403e+06
4.1217e+06
4.04434e+06
3.9591e+06
3.87299e+06
3.79359e+06
3.72394e+06
3.66962e+06
3.63212e+06
3.6096e+06
3.59741e+06
3.59667e+06
3.60287e+06
3.61673e+06
3.63338e+06
3.65081e+06
3.66738e+06
3.68687e+06
3.70598e+06
3.7184e+06
3.72439e+06
3.72503e+06
3.72241e+06
3.71785e+06
3.71528e+06
3.71572e+06
3.71966e+06
3.72658e+06
3.73289e+06
3.7377e+06
3.74024e+06
3.74377e+06
3.75029e+06
3.759e+06
3.76638e+06
3.77442e+06
3.77789e+06
3.77654e+06
3.76951e+06
3.75958e+06
3.74297e+06
3.72117e+06
3.69903e+06
3.67926e+06
3.66891e+06
3.66924e+06
3.68811e+06
3.72711e+06
3.78155e+06
3.85573e+06
3.93644e+06
4.01752e+06
4.09229e+06
4.14657e+06
4.18204e+06
4.19358e+06
4.18289e+06
4.15155e+06
4.10208e+06
4.03427e+06
3.95494e+06
3.87291e+06
3.78945e+06
3.71367e+06
3.64743e+06
3.59797e+06
3.5684e+06
3.55797e+06
3.56404e+06
3.58569e+06
3.6113e+06
3.6394e+06
3.66475e+06
3.6799e+06
3.69103e+06
3.69832e+06
3.7078e+06
3.72071e+06
3.74256e+06
3.77361e+06
3.80537e+06
3.83282e+06
3.85267e+06
3.86303e+06
3.86208e+06
3.84668e+06
3.82612e+06
3.80214e+06
3.7846e+06
3.7736e+06
3.77727e+06
3.7902e+06
3.81214e+06
3.83997e+06
3.86606e+06
3.88693e+06
3.89475e+06
3.88617e+06
3.8569e+06
3.80712e+06
3.74831e+06
3.69576e+06
3.65433e+06
3.6316e+06
3.62745e+06
3.63891e+06
3.66039e+06
3.6853e+06
3.7085e+06
3.73213e+06
3.76097e+06
3.79996e+06
3.85342e+06
3.92055e+06
3.9884e+06
4.05145e+06
4.09852e+06
4.12121e+06
4.11658e+06
4.09046e+06
4.05176e+06
4.00307e+06
3.95669e+06
3.91683e+06
3.88636e+06
3.86471e+06
3.85237e+06
3.8412e+06
3.83077e+06
3.82267e+06
3.81518e+06
3.80606e+06
3.79864e+06
3.79156e+06
3.78665e+06
3.77915e+06
3.76712e+06
3.74959e+06
3.72911e+06
3.71027e+06
3.69741e+06
3.68914e+06
3.68499e+06
3.68054e+06
3.67532e+06
3.66459e+06
3.65463e+06
3.65286e+06
3.66195e+06
3.67853e+06
3.70481e+06
3.73223e+06
3.75623e+06
3.77743e+06
3.79315e+06
3.80634e+06
3.82213e+06
3.83773e+06
3.85362e+06
3.86595e+06
3.87171e+06
3.86931e+06
3.85698e+06
3.84031e+06
3.82017e+06
