-1.7747e-20
-1.76518e-20
-1.7481e-20
-1.7254e-20
-1.70021e-20
-1.67236e-20
-1.64366e-20
-1.61598e-20
-1.59091e-20
-1.57044e-20
-1.55665e-20
-1.55001e-20
-1.54963e-20
-1.55465e-20
-1.56376e-20
-1.57501e-20
-1.58677e-20
-1.59713e-20
-1.60573e-20
-1.61245e-20
-1.61691e-20
-1.6183e-20
-1.6179e-20
-1.61602e-20
-1.6138e-20
-1.61137e-20
-1.60947e-20
-1.60947e-20
-1.60997e-20
-1.61272e-20
-1.61689e-20
-1.62159e-20
-1.62683e-20
-1.63234e-20
-1.63781e-20
-1.64261e-20
-1.64679e-20
-1.65087e-20
-1.65344e-20
-1.65508e-20
-1.65647e-20
-1.65712e-20
-1.6568e-20
-1.655e-20
-1.65226e-20
-1.64919e-20
-1.64463e-20
-1.63988e-20
-1.63425e-20
-1.62901e-20
-1.62373e-20
-1.61875e-20
-1.615e-20
-1.61196e-20
-1.61051e-20
-1.61056e-20
-1.61199e-20
-1.61401e-20
-1.61686e-20
-1.6203e-20
-1.62328e-20
-1.62606e-20
-1.62855e-20
-1.6307e-20
-1.63239e-20
-1.63288e-20
-1.63331e-20
-1.63331e-20
-1.63256e-20
-1.63187e-20
-1.63089e-20
-1.62983e-20
-1.62943e-20
-1.62998e-20
-1.63049e-20
-1.63134e-20
-1.6324e-20
-1.63416e-20
-1.63614e-20
-1.63767e-20
-1.63916e-20
-1.64072e-20
-1.6419e-20
-1.64259e-20
-1.64249e-20
-1.64172e-20
-1.64097e-20
-1.63956e-20
-1.63791e-20
-1.63599e-20
-1.63466e-20
-1.6332e-20
-1.63086e-20
-1.62939e-20
-1.6279e-20
-1.62543e-20
-1.62303e-20
-1.61976e-20
-1.61703e-20
-1.6143e-20
-1.61154e-20
-1.60923e-20
-1.6081e-20
-1.60777e-20
-1.60835e-20
-1.61026e-20
-1.61273e-20
-1.61548e-20
-1.61915e-20
-1.62272e-20
-1.62645e-20
-1.63094e-20
-1.63578e-20
-1.63982e-20
-1.64403e-20
-1.64805e-20
-1.65124e-20
-1.65322e-20
-1.65363e-20
-1.65345e-20
-1.65214e-20
-1.64968e-20
-1.64657e-20
-1.64308e-20
-1.6391e-20
-1.63531e-20
-1.63178e-20
-1.62897e-20
-1.62647e-20
-1.62401e-20
-1.6231e-20
-1.62258e-20
-1.62271e-20
-1.62289e-20
-1.62308e-20
-1.62363e-20
-1.62377e-20
-1.62334e-20
-1.62285e-20
-1.62248e-20
-1.62234e-20
-1.62262e-20
-1.62274e-20
-1.62206e-20
-1.62257e-20
-1.62319e-20
-1.6242e-20
-1.6256e-20
-1.62688e-20
-1.62856e-20
-1.62939e-20
-1.62976e-20
-1.62874e-20
-1.62751e-20
-1.62615e-20
-1.62391e-20
-1.6213e-20
-1.61969e-20
-1.61774e-20
-1.61694e-20
-1.617e-20
-1.61791e-20
-1.61948e-20
-1.62321e-20
-1.62727e-20
-1.63143e-20
-1.63693e-20
-1.64135e-20
-1.64562e-20
-1.65003e-20
-1.65276e-20
-1.65456e-20
-1.65472e-20
-1.6534e-20
-1.65098e-20
-1.64788e-20
-1.64444e-20
-1.64078e-20
-1.63637e-20
-1.63225e-20
-1.62857e-20
-1.62505e-20
-1.62199e-20
-1.61958e-20
-1.61815e-20
-1.61695e-20
-1.61651e-20
-1.61629e-20
-1.6164e-20
-1.61693e-20
-1.61731e-20
-1.61728e-20
-1.61731e-20
-1.61672e-20
-1.61542e-20
-1.61498e-20
-1.61417e-20
-1.61411e-20
-1.61487e-20
-1.61695e-20
-1.62017e-20
-1.62506e-20
-1.63079e-20
-1.63704e-20
-1.64324e-20
-1.64933e-20
-1.6543e-20
-1.65932e-20
-1.66267e-20
-1.6647e-20
-1.66511e-20
-1.66445e-20
-1.66237e-20
-1.65933e-20
-1.65489e-20
-1.65001e-20
-1.64455e-20
-1.63802e-20
-1.63141e-20
-1.62477e-20
-1.61875e-20
-1.61367e-20
-1.60865e-20
-1.60478e-20
-1.602e-20
-1.60044e-20
-1.5995e-20
-1.60023e-20
-1.60215e-20
-1.60511e-20
-1.60887e-20
-1.61277e-20
-1.61722e-20
-1.62189e-20
-1.62672e-20
-1.63117e-20
-1.63539e-20
-1.63909e-20
-1.64177e-20
-1.64348e-20
-1.64444e-20
-1.64466e-20
-1.64326e-20
-1.64121e-20
-1.63846e-20
-1.63565e-20
-1.63215e-20
-1.62923e-20
-1.62672e-20
-1.62455e-20
-1.61893e-20
-1.60509e-20
-1.58572e-20
-1.56023e-20
-1.53081e-20
-1.50053e-20
-1.47229e-20
-1.44804e-20
-1.43113e-20
-1.42133e-20
-1.41815e-20
-1.42169e-20
-1.42991e-20
-1.44127e-20
-1.45389e-20
-1.46562e-20
-1.47551e-20
-1.48159e-20
-1.48351e-20
-1.48213e-20
-1.47953e-20
-1.47586e-20
-1.4734e-20
-1.47232e-20
-1.47333e-20
-1.47592e-20
-1.48076e-20
-1.48736e-20
-1.49447e-20
-1.50092e-20
-1.50744e-20
-1.51232e-20
-1.51572e-20
-1.51674e-20
-1.51487e-20
-1.50954e-20
-1.50003e-20
-1.4882e-20
-1.47578e-20
-1.46576e-20
-1.46047e-20
-1.45938e-20
-1.46253e-20
-1.46832e-20
-1.47687e-20
-1.48553e-20
-1.49368e-20
-1.5008e-20
-1.50476e-20
-1.5049e-20
-1.50283e-20
-1.49731e-20
-1.48975e-20
-1.48158e-20
-1.47445e-20
-1.46971e-20
-1.46792e-20
-1.46727e-20
-1.46805e-20
-1.46895e-20
-1.47028e-20
-1.47026e-20
-1.47018e-20
-1.47051e-20
-1.47141e-20
-1.47295e-20
-1.47492e-20
-1.47862e-20
-1.48333e-20
-1.48815e-20
-1.49285e-20
-1.49617e-20
-1.49766e-20
-1.49688e-20
-1.49492e-20
-1.49225e-20
-1.48867e-20
-1.48614e-20
-1.48465e-20
-1.48444e-20
-1.48418e-20
-1.48503e-20
-1.48707e-20
-1.48866e-20
-1.48997e-20
-1.4908e-20
-1.49026e-20
-1.48748e-20
-1.48398e-20
-1.4801e-20
-1.47753e-20
-1.47602e-20
-1.47622e-20
-1.47749e-20
-1.48048e-20
-1.48355e-20
-1.48646e-20
-1.488e-20
-1.48779e-20
-1.48658e-20
-1.48375e-20
-1.4806e-20
-1.4773e-20
-1.475e-20
-1.47471e-20
-1.47525e-20
-1.47808e-20
-1.48104e-20
-1.48413e-20
-1.48746e-20
-1.48976e-20
-1.49104e-20
-1.49062e-20
-1.48903e-20
-1.48642e-20
-1.48167e-20
-1.47692e-20
-1.47192e-20
-1.46834e-20
-1.46725e-20
-1.46838e-20
-1.47085e-20
-1.47401e-20
-1.47781e-20
-1.4805e-20
-1.4827e-20
-1.4848e-20
-1.48686e-20
-1.48966e-20
-1.4928e-20
-1.49728e-20
-1.50121e-20
-1.50454e-20
-1.50702e-20
-1.50799e-20
-1.50707e-20
-1.50533e-20
-1.50248e-20
-1.49898e-20
-1.49619e-20
-1.49424e-20
-1.49341e-20
-1.49362e-20
-1.49481e-20
-1.49627e-20
-1.49694e-20
-1.49648e-20
-1.49407e-20
-1.48959e-20
-1.48359e-20
-1.47594e-20
-1.46707e-20
-1.45853e-20
-1.44958e-20
-1.4425e-20
-1.43813e-20
-1.43664e-20
-1.43865e-20
-1.44343e-20
-1.45105e-20
-1.46081e-20
-1.47165e-20
-1.48224e-20
-1.49231e-20
-1.50169e-20
-1.50935e-20
-1.51518e-20
-1.51872e-20
-1.51906e-20
-1.51757e-20
-1.51399e-20
-1.50892e-20
-1.50343e-20
-1.49759e-20
-1.49164e-20
-1.48654e-20
-1.48324e-20
-1.48145e-20
-1.48095e-20
-1.48102e-20
-1.48265e-20
-1.48531e-20
-1.48749e-20
-1.48871e-20
-1.4892e-20
-1.48862e-20
-1.4867e-20
-1.48345e-20
-1.47953e-20
-1.47512e-20
-1.47088e-20
-1.46734e-20
-1.46443e-20
-1.46243e-20
-1.46215e-20
-1.46366e-20
-1.4672e-20
-1.47281e-20
-1.48009e-20
-1.48886e-20
-1.4974e-20
-1.50517e-20
-1.51052e-20
-1.51318e-20
-1.51341e-20
-1.51146e-20
-1.50835e-20
-1.50485e-20
-1.5009e-20
-1.4988e-20
-1.49724e-20
-1.49704e-20
-1.4981e-20
-1.49961e-20
-1.50129e-20
-1.50289e-20
-1.50296e-20
-1.50146e-20
-1.49816e-20
-1.49338e-20
-1.48705e-20
-1.48009e-20
-1.47309e-20
-1.46728e-20
-1.46304e-20
-1.46169e-20
-1.46266e-20
-1.46566e-20
-1.46985e-20
-1.47344e-20
-1.47697e-20
-1.47954e-20
-1.48055e-20
-1.48075e-20
-1.48059e-20
-1.48057e-20
-1.4804e-20
-1.48038e-20
-1.48029e-20
-1.47943e-20
-1.47862e-20
-1.47955e-20
-1.48139e-20
-1.4843e-20
-1.48776e-20
-1.49171e-20
-1.49502e-20
-1.49744e-20
-1.49892e-20
-1.50004e-20
-1.50084e-20
-1.50172e-20
-1.5033e-20
-1.50441e-20
-1.50486e-20
-1.50624e-20
-1.50713e-20
-1.50854e-20
-1.50948e-20
-1.51148e-20
-1.51473e-20
-1.51897e-20
-1.52367e-20
-1.52754e-20
-1.531e-20
-1.53403e-20
-1.53541e-20
-1.53504e-20
-1.5331e-20
-1.53038e-20
-1.52795e-20
-1.52571e-20
-1.52382e-20
-1.52194e-20
-1.51977e-20
-1.51778e-20
-1.51661e-20
-1.51617e-20
-1.51653e-20
-1.51784e-20
-1.51976e-20
-1.52136e-20
-1.52302e-20
-1.52361e-20
-1.52323e-20
-1.52182e-20
-1.51874e-20
-1.51461e-20
-1.50877e-20
-1.50301e-20
-1.49682e-20
-1.4916e-20
-1.48786e-20
-1.48696e-20
-1.48808e-20
-1.49095e-20
-1.49528e-20
-1.50028e-20
-1.50504e-20
-1.50863e-20
-1.51172e-20
-1.51339e-20
-1.51447e-20
-1.51481e-20
-1.51334e-20
-1.51169e-20
-1.50928e-20
-1.50618e-20
-1.503e-20
-1.50014e-20
-1.49761e-20
-1.49653e-20
-1.49541e-20
-1.49521e-20
-1.49602e-20
-1.49716e-20
-1.4987e-20
-1.49933e-20
-1.50056e-20
-1.50094e-20
-1.50132e-20
-1.50211e-20
-1.50321e-20
-1.50498e-20
-1.50673e-20
-1.50853e-20
-1.51013e-20
-1.51168e-20
-1.51268e-20
-1.51353e-20
-1.51439e-20
-1.51589e-20
-1.51692e-20
-1.51915e-20
-1.52064e-20
-1.5224e-20
-1.52297e-20
-1.52382e-20
-1.52513e-20
-1.52587e-20
-1.52644e-20
-1.52578e-20
-1.52537e-20
-1.52407e-20
-1.52298e-20
-1.52178e-20
-1.52058e-20
-1.51913e-20
-1.51713e-20
-1.51494e-20
-1.51157e-20
-1.5074e-20
-1.50178e-20
-1.49625e-20
-1.49144e-20
-1.48615e-20
-1.48222e-20
-1.47984e-20
-1.47926e-20
-1.48051e-20
-1.48419e-20
-1.4893e-20
-1.49685e-20
-1.50436e-20
-1.5114e-20
-1.51808e-20
-1.52355e-20
-1.52729e-20
-1.53063e-20
-1.53221e-20
-1.53269e-20
-1.53173e-20
-1.52978e-20
-1.5274e-20
-1.52471e-20
-1.52163e-20
-1.51826e-20
-1.51522e-20
-1.51154e-20
-1.50762e-20
-1.50427e-20
-1.50157e-20
-1.49966e-20
-1.49883e-20
-1.49818e-20
-1.49884e-20
-1.49975e-20
-1.50188e-20
-1.50359e-20
-1.50557e-20
-1.50801e-20
-1.51e-20
-1.51127e-20
-1.5118e-20
-1.51133e-20
-1.51065e-20
-1.50916e-20
-1.50636e-20
-1.50333e-20
-1.50012e-20
-1.49746e-20
-1.49603e-20
-1.49617e-20
-1.4982e-20
-1.5013e-20
-1.50563e-20
-1.50999e-20
-1.51397e-20
-1.5171e-20
-1.52043e-20
-1.52213e-20
-1.5228e-20
-1.52193e-20
-1.51994e-20
-1.51681e-20
-1.51273e-20
-1.50815e-20
-1.50367e-20
-1.49975e-20
-1.49666e-20
-1.49524e-20
-1.49509e-20
-1.49619e-20
-1.49877e-20
-1.50096e-20
-1.50248e-20
-1.50388e-20
-1.50398e-20
-1.50433e-20
-1.50459e-20
-1.50542e-20
-1.50671e-20
-1.50771e-20
-1.50914e-20
-1.51017e-20
-1.51149e-20
-1.51223e-20
-1.51293e-20
-1.51232e-20
-1.51277e-20
-1.51346e-20
-1.51407e-20
-1.51501e-20
-1.51568e-20
-1.51709e-20
-1.51816e-20
-1.51881e-20
-1.51928e-20
-1.51861e-20
-1.51685e-20
-1.51467e-20
-1.51141e-20
-1.50685e-20
-1.50239e-20
-1.49812e-20
-1.49494e-20
-1.49308e-20
-1.4917e-20
-1.49198e-20
-1.49296e-20
-1.49527e-20
-1.49801e-20
-1.50116e-20
-1.50505e-20
-1.50836e-20
-1.51079e-20
-1.51261e-20
-1.51389e-20
-1.51401e-20
-1.51421e-20
-1.51396e-20
-1.5128e-20
-1.51102e-20
-1.50925e-20
-1.5068e-20
-1.5036e-20
-1.50003e-20
-1.49684e-20
-1.49465e-20
-1.4935e-20
-1.49453e-20
-1.49813e-20
-1.50336e-20
-1.50983e-20
-1.51677e-20
-1.5232e-20
-1.52817e-20
-1.5326e-20
-1.5343e-20
-1.53464e-20
-1.53318e-20
-1.52962e-20
-1.52464e-20
-1.51894e-20
-1.51327e-20
-1.50768e-20
-1.50373e-20
-1.50119e-20
-1.50026e-20
-1.50027e-20
-1.49978e-20
-1.50049e-20
-1.50093e-20
-1.50188e-20
-1.50351e-20
-1.50603e-20
-1.50895e-20
-1.51154e-20
-1.51337e-20
-1.51524e-20
-1.51583e-20
-1.51637e-20
-1.51587e-20
-1.51473e-20
-1.51237e-20
-1.51044e-20
-1.50849e-20
-1.50708e-20
-1.5051e-20
-1.50368e-20
-1.50292e-20
-1.50249e-20
-1.50317e-20
-1.5045e-20
-1.50715e-20
-1.51004e-20
-1.51318e-20
-1.51565e-20
-1.51687e-20
-1.51586e-20
-1.51413e-20
-1.51139e-20
-1.50861e-20
-1.50657e-20
-1.50661e-20
-1.50711e-20
-1.50836e-20
-1.51039e-20
-1.51185e-20
-1.51407e-20
-1.51647e-20
-1.51823e-20
-1.51932e-20
-1.51961e-20
-1.5187e-20
-1.51712e-20
-1.51393e-20
-1.5104e-20
-1.50649e-20
-1.50308e-20
-1.50067e-20
-1.49942e-20
-1.49911e-20
-1.49935e-20
-1.49979e-20
-1.49967e-20
-1.49895e-20
-1.49753e-20
-1.49525e-20
-1.49282e-20
-1.49102e-20
-1.49001e-20
-1.48945e-20
-1.49104e-20
-1.49382e-20
-1.49839e-20
-1.50463e-20
-1.51224e-20
-1.51915e-20
-1.52555e-20
-1.52962e-20
-1.53118e-20
-1.53047e-20
-1.52591e-20
-1.51912e-20
-1.51111e-20
-1.50308e-20
-1.49641e-20
-1.493e-20
-1.49242e-20
-1.49487e-20
-1.4995e-20
-1.5049e-20
-1.51053e-20
-1.51526e-20
-1.51878e-20
-1.52106e-20
-1.5215e-20
-1.51979e-20
-1.51601e-20
-1.51142e-20
-1.5059e-20
-1.50108e-20
-1.4964e-20
-1.49316e-20
-1.49222e-20
-1.49358e-20
-1.49745e-20
-1.50382e-20
-1.51099e-20
-1.51896e-20
-1.52659e-20
-1.5334e-20
-1.53852e-20
-1.54164e-20
-1.54237e-20
-1.54059e-20
-1.53677e-20
-1.53021e-20
-1.52164e-20
-1.51148e-20
-1.5017e-20
-1.4939e-20
-1.48966e-20
-1.48806e-20
-1.48843e-20
-1.4897e-20
-1.4909e-20
-1.49096e-20
-1.49048e-20
-1.48921e-20
-1.48734e-20
-1.48565e-20
-1.484e-20
-1.48344e-20
-1.48388e-20
-1.48506e-20
-1.48741e-20
-1.49164e-20
-1.49706e-20
-1.50345e-20
-1.50956e-20
-1.51512e-20
-1.51918e-20
-1.5211e-20
-1.52189e-20
-1.52175e-20
-1.52095e-20
-1.52054e-20
-1.52062e-20
-1.5218e-20
-1.52208e-20
-1.52323e-20
-1.52447e-20
-1.52471e-20
-1.52463e-20
-1.52264e-20
-1.51972e-20
-1.51541e-20
-1.50955e-20
-1.50422e-20
-1.49964e-20
-1.4959e-20
-1.49418e-20
-1.49511e-20
-1.49825e-20
-1.50274e-20
-1.50727e-20
-1.51196e-20
-1.51533e-20
-1.51774e-20
-1.51916e-20
-1.51979e-20
-1.52054e-20
-1.5205e-20
-1.51958e-20
-1.51828e-20
-1.51641e-20
-1.51334e-20
-1.50974e-20
-1.50531e-20
-1.50047e-20
-1.49637e-20
-1.49364e-20
-1.49298e-20
-1.49358e-20
-1.4949e-20
-1.49745e-20
-1.49989e-20
-1.50284e-20
-1.50538e-20
-1.50694e-20
-1.50711e-20
-1.50614e-20
-1.50396e-20
-1.50057e-20
-1.49679e-20
-1.49342e-20
-1.49056e-20
-1.48852e-20
-1.48719e-20
-1.48725e-20
-1.48929e-20
-1.49362e-20
-1.49938e-20
-1.50668e-20
-1.51388e-20
-1.51991e-20
-1.52436e-20
-1.52748e-20
-1.52787e-20
-1.52687e-20
-1.52532e-20
-1.52251e-20
-1.52014e-20
-1.51729e-20
-1.5146e-20
-1.51206e-20
-1.50908e-20
-1.50563e-20
-1.50133e-20
-1.49711e-20
-1.49215e-20
-1.48772e-20
-1.48497e-20
-1.48507e-20
-1.48794e-20
-1.49318e-20
-1.50038e-20
-1.50761e-20
-1.51419e-20
-1.51885e-20
-1.52254e-20
-1.52324e-20
-1.5225e-20
-1.52021e-20
-1.51686e-20
-1.51353e-20
-1.50989e-20
-1.50662e-20
-1.5033e-20
-1.50096e-20
-1.49889e-20
-1.49772e-20
-1.4974e-20
-1.4988e-20
-1.50096e-20
-1.50402e-20
-1.50811e-20
-1.51238e-20
-1.51656e-20
-1.51956e-20
-1.52183e-20
-1.5221e-20
-1.52073e-20
-1.51835e-20
-1.51519e-20
-1.51219e-20
-1.51081e-20
-1.51025e-20
-1.51116e-20
-1.51246e-20
-1.5143e-20
-1.51657e-20
-1.51934e-20
-1.52193e-20
-1.52408e-20
-1.52493e-20
-1.52433e-20
-1.52272e-20
-1.52068e-20
-1.51671e-20
-1.51298e-20
-1.50918e-20
-1.50572e-20
-1.50329e-20
-1.50141e-20
-1.50069e-20
-1.50076e-20
-1.50062e-20
-1.50018e-20
-1.49935e-20
-1.49756e-20
-1.49487e-20
-1.49239e-20
-1.49006e-20
-1.48873e-20
-1.48906e-20
-1.49134e-20
-1.49491e-20
-1.4997e-20
-1.50496e-20
-1.50972e-20
-1.51313e-20
-1.51511e-20
-1.51572e-20
-1.51499e-20
-1.51438e-20
-1.51398e-20
-1.51499e-20
-1.51742e-20
-1.51984e-20
-1.52187e-20
-1.52476e-20
-1.52622e-20
-1.52593e-20
-1.5241e-20
-1.52088e-20
-1.51641e-20
-1.51168e-20
-1.50615e-20
-1.50128e-20
-1.49765e-20
-1.49589e-20
-1.49556e-20
-1.49619e-20
-1.49742e-20
-1.49871e-20
-1.4999e-20
-1.50022e-20
-1.50026e-20
-1.49887e-20
-1.49818e-20
-1.49829e-20
-1.49935e-20
-1.50091e-20
-1.50351e-20
-1.50746e-20
-1.51061e-20
-1.51257e-20
-1.51256e-20
-1.51142e-20
-1.50903e-20
-1.50758e-20
-1.50651e-20
-1.50659e-20
-1.50689e-20
-1.5064e-20
-1.50506e-20
-1.50259e-20
-1.49981e-20
-1.49768e-20
-1.49715e-20
-1.49851e-20
-1.50221e-20
-1.50761e-20
-1.51296e-20
-1.51881e-20
-1.52362e-20
-1.52684e-20
-1.52905e-20
-1.53005e-20
-1.53052e-20
-1.5302e-20
-1.52852e-20
-1.52644e-20
-1.52361e-20
-1.51904e-20
-1.51409e-20
-1.50913e-20
-1.50403e-20
-1.50025e-20
-1.49872e-20
-1.49859e-20
-1.49894e-20
-1.50036e-20
-1.50111e-20
-1.50269e-20
-1.50391e-20
-1.50468e-20
-1.50545e-20
-1.50576e-20
-1.50653e-20
-1.50789e-20
-1.50892e-20
-1.51045e-20
-1.51206e-20
-1.51413e-20
-1.51522e-20
-1.51646e-20
-1.51725e-20
-1.51696e-20
-1.51529e-20
-1.5126e-20
-1.50933e-20
-1.50416e-20
-1.49826e-20
-1.49309e-20
-1.48773e-20
-1.4834e-20
-1.48067e-20
-1.4794e-20
-1.47926e-20
-1.4806e-20
-1.48262e-20
-1.48462e-20
-1.48703e-20
-1.48898e-20
-1.49113e-20
-1.49332e-20
-1.49605e-20
-1.49907e-20
-1.50202e-20
-1.50552e-20
-1.5084e-20
-1.51244e-20
-1.51638e-20
-1.52003e-20
-1.5236e-20
-1.52638e-20
-1.52796e-20
-1.52916e-20
-1.52871e-20
-1.52754e-20
-1.52502e-20
-1.52164e-20
-1.51734e-20
-1.51242e-20
-1.50662e-20
-1.50157e-20
-1.49725e-20
-1.49371e-20
-1.49212e-20
-1.49323e-20
-1.49552e-20
-1.49883e-20
-1.50221e-20
-1.50609e-20
-1.50889e-20
-1.5105e-20
-1.50935e-20
-1.5066e-20
-1.50266e-20
-1.49808e-20
-1.49462e-20
-1.49381e-20
-1.49515e-20
-1.4995e-20
-1.50675e-20
-1.51558e-20
-1.52488e-20
-1.53391e-20
-1.54137e-20
-1.54633e-20
-1.54846e-20
-1.54635e-20
-1.541e-20
-1.53328e-20
-1.5248e-20
-1.5154e-20
-1.50739e-20
-1.50159e-20
-1.49762e-20
-1.49558e-20
-1.49405e-20
-1.49332e-20
-1.49352e-20
-1.49525e-20
-1.49882e-20
-1.50414e-20
-1.50955e-20
-1.51453e-20
-1.51817e-20
-1.51918e-20
-1.51719e-20
-1.51394e-20
-1.5099e-20
-1.50666e-20
-1.50558e-20
-1.50593e-20
-1.50718e-20
-1.50986e-20
-1.51141e-20
-1.51323e-20
-1.51377e-20
-1.51351e-20
-1.51254e-20
-1.51103e-20
-1.50972e-20
-1.50806e-20
-1.50629e-20
-1.50461e-20
-1.5023e-20
-1.49994e-20
-1.49621e-20
-1.49282e-20
-1.49015e-20
-1.48906e-20
-1.48863e-20
-1.48927e-20
-1.49052e-20
-1.49227e-20
-1.49401e-20
-1.49651e-20
-1.49923e-20
-1.50181e-20
-1.50518e-20
-1.50892e-20
-1.51249e-20
-1.51622e-20
-1.51918e-20
-1.52124e-20
-1.52238e-20
-1.52308e-20
-1.52367e-20
-1.52386e-20
-1.52386e-20
-1.52412e-20
-1.52445e-20
-1.52478e-20
-1.52492e-20
-1.52519e-20
-1.52534e-20
-1.52508e-20
-1.52407e-20
-1.52284e-20
-1.52162e-20
-1.51927e-20
-1.517e-20
-1.5145e-20
-1.51212e-20
-1.50992e-20
-1.50747e-20
-1.50561e-20
-1.50392e-20
-1.50177e-20
-1.50002e-20
-1.49792e-20
-1.4957e-20
-1.49327e-20
-1.49098e-20
-1.48832e-20
-1.48602e-20
-1.48464e-20
-1.48392e-20
-1.48407e-20
-1.4858e-20
-1.48828e-20
-1.49113e-20
-1.49417e-20
-1.49749e-20
-1.50101e-20
-1.50468e-20
-1.50883e-20
-1.51315e-20
-1.51786e-20
-1.52222e-20
-1.52553e-20
-1.528e-20
-1.52934e-20
-1.5293e-20
-1.52822e-20
-1.52651e-20
-1.52455e-20
-1.52165e-20
-1.51818e-20
-1.51531e-20
-1.51327e-20
-1.512e-20
-1.51151e-20
-1.51238e-20
-1.51337e-20
-1.51551e-20
-1.51852e-20
-1.5218e-20
-1.52327e-20
-1.52221e-20
-1.51925e-20
-1.5138e-20
-1.50769e-20
-1.50159e-20
-1.49562e-20
-1.49079e-20
-1.4871e-20
-1.48515e-20
-1.48482e-20
-1.48594e-20
-1.48944e-20
-1.49369e-20
-1.49907e-20
-1.5049e-20
-1.51068e-20
-1.51556e-20
-1.51898e-20
-1.52099e-20
-1.52173e-20
-1.52132e-20
-1.52087e-20
-1.52051e-20
-1.52023e-20
-1.5205e-20
-1.52066e-20
-1.51889e-20
-1.51576e-20
-1.51077e-20
-1.50443e-20
-1.49685e-20
-1.48881e-20
-1.48092e-20
-1.47402e-20
-1.46877e-20
-1.46567e-20
-1.46526e-20
-1.46842e-20
-1.47452e-20
-1.48207e-20
-1.49147e-20
-1.50126e-20
-1.51082e-20
-1.51962e-20
-1.52629e-20
-1.53103e-20
-1.53382e-20
-1.53405e-20
-1.533e-20
-1.53071e-20
-1.52779e-20
-1.52425e-20
-1.51981e-20
-1.51486e-20
-1.50944e-20
-1.50335e-20
-1.49667e-20
-1.49169e-20
-1.48817e-20
-1.48681e-20
-1.48776e-20
-1.49049e-20
-1.49442e-20
-1.49874e-20
-1.50381e-20
-1.50785e-20
-1.51155e-20
-1.51469e-20
-1.51788e-20
-1.51979e-20
-1.52106e-20
-1.52154e-20
-1.52112e-20
-1.51942e-20
-1.51633e-20
-1.51283e-20
-1.5089e-20
-1.50545e-20
-1.50195e-20
-1.49861e-20
-1.49628e-20
-1.49576e-20
-1.49675e-20
-1.49844e-20
-1.50121e-20
-1.50437e-20
-1.50838e-20
-1.51215e-20
-1.51609e-20
-1.51882e-20
-1.51986e-20
-1.52041e-20
-1.5196e-20
-1.51666e-20
-1.51355e-20
-1.50979e-20
-1.50682e-20
-1.50477e-20
-1.50417e-20
-1.50494e-20
-1.50681e-20
-1.50923e-20
-1.51257e-20
-1.5151e-20
-1.51701e-20
-1.51774e-20
-1.51852e-20
-1.51845e-20
-1.51742e-20
-1.5161e-20
-1.51448e-20
-1.51247e-20
-1.5111e-20
-1.5107e-20
-1.51179e-20
-1.51368e-20
-1.5156e-20
-1.51743e-20
-1.51871e-20
-1.5184e-20
-1.51632e-20
-1.51256e-20
-1.50782e-20
-1.5023e-20
-1.49593e-20
-1.48941e-20
-1.48382e-20
-1.4793e-20
-1.47596e-20
-1.47487e-20
-1.47528e-20
-1.4775e-20
-1.48172e-20
-1.4869e-20
-1.49319e-20
-1.49946e-20
-1.50506e-20
-1.50995e-20
-1.51333e-20
-1.51597e-20
-1.51808e-20
-1.51991e-20
-1.52127e-20
-1.52156e-20
-1.52067e-20
-1.51958e-20
-1.51754e-20
-1.51519e-20
-1.51221e-20
-1.50886e-20
-1.50567e-20
-1.5026e-20
-1.49919e-20
-1.49634e-20
-1.4941e-20
-1.49301e-20
-1.493e-20
-1.49358e-20
-1.49603e-20
-1.49994e-20
-1.50445e-20
-1.5089e-20
-1.51231e-20
-1.51492e-20
-1.51579e-20
-1.51553e-20
-1.51505e-20
-1.51492e-20
-1.51483e-20
-1.51545e-20
-1.5156e-20
-1.51569e-20
-1.51522e-20
-1.51349e-20
-1.5108e-20
-1.50721e-20
-1.50318e-20
-1.5e-20
-1.49871e-20
-1.49956e-20
-1.50216e-20
-1.50676e-20
-1.51158e-20
-1.51688e-20
-1.52088e-20
-1.52358e-20
-1.52482e-20
-1.52468e-20
-1.52274e-20
-1.51939e-20
-1.5166e-20
-1.51324e-20
-1.51099e-20
-1.50877e-20
-1.50693e-20
-1.50499e-20
-1.50323e-20
-1.50135e-20
-1.49971e-20
-1.49872e-20
-1.49839e-20
-1.49762e-20
-1.49714e-20
-1.49715e-20
-1.49748e-20
-1.49822e-20
-1.49941e-20
-1.50131e-20
-1.50438e-20
-1.50784e-20
-1.51127e-20
-1.51412e-20
-1.51579e-20
-1.51635e-20
-1.51591e-20
-1.51432e-20
-1.51133e-20
-1.50689e-20
-1.50077e-20
-1.49448e-20
-1.4885e-20
-1.48482e-20
-1.48488e-20
-1.4895e-20
-1.49784e-20
-1.50806e-20
-1.51871e-20
-1.52784e-20
-1.53606e-20
-1.54138e-20
-1.54468e-20
-1.54484e-20
-1.5427e-20
-1.53955e-20
-1.53453e-20
-1.52872e-20
-1.52115e-20
-1.51249e-20
-1.50347e-20
-1.49485e-20
-1.4865e-20
-1.47895e-20
-1.47253e-20
-1.46826e-20
-1.46682e-20
-1.46757e-20
-1.47068e-20
-1.47601e-20
-1.48301e-20
-1.49139e-20
-1.50002e-20
-1.50836e-20
-1.51681e-20
-1.52446e-20
-1.5306e-20
-1.53541e-20
-1.53792e-20
-1.53806e-20
-1.53634e-20
-1.53171e-20
-1.52563e-20
-1.51901e-20
-1.51346e-20
-1.50971e-20
-1.50808e-20
-1.50946e-20
-1.51295e-20
-1.51731e-20
-1.52112e-20
-1.5226e-20
-1.52247e-20
-1.51936e-20
-1.51419e-20
-1.50688e-20
-1.49933e-20
-1.4918e-20
-1.4854e-20
-1.48092e-20
-1.47912e-20
-1.48027e-20
-1.48375e-20
-1.48984e-20
-1.49743e-20
-1.5054e-20
-1.51288e-20
-1.51973e-20
-1.52552e-20
-1.52844e-20
-1.52873e-20
-1.52707e-20
-1.52359e-20
-1.51848e-20
-1.51231e-20
-1.506e-20
-1.49975e-20
-1.49348e-20
-1.48779e-20
-1.48314e-20
-1.48015e-20
-1.47906e-20
-1.48088e-20
-1.48487e-20
-1.49099e-20
-1.49645e-20
-1.50195e-20
-1.50642e-20
-1.50925e-20
-1.5109e-20
-1.51113e-20
-1.51108e-20
-1.50966e-20
-1.50841e-20
-1.50637e-20
-1.50563e-20
-1.50556e-20
-1.50679e-20
-1.50883e-20
-1.51212e-20
-1.51595e-20
-1.51972e-20
-1.52219e-20
-1.52379e-20
-1.52376e-20
-1.5222e-20
-1.52117e-20
-1.51977e-20
-1.51833e-20
-1.5164e-20
-1.51447e-20
-1.51204e-20
-1.5092e-20
-1.50602e-20
-1.50343e-20
-1.50056e-20
-1.49904e-20
-1.49923e-20
-1.50161e-20
-1.50667e-20
-1.51295e-20
-1.5185e-20
-1.52271e-20
-1.52449e-20
-1.52409e-20
-1.52132e-20
-1.51749e-20
-1.51401e-20
-1.51042e-20
-1.50837e-20
-1.50713e-20
-1.50716e-20
-1.50766e-20
-1.50715e-20
-1.50592e-20
-1.50428e-20
-1.50126e-20
-1.49832e-20
-1.49428e-20
-1.49041e-20
-1.48808e-20
-1.48651e-20
-1.48697e-20
-1.48816e-20
-1.49047e-20
-1.49237e-20
-1.49346e-20
-1.49398e-20
-1.49356e-20
-1.49356e-20
-1.49394e-20
-1.49465e-20
-1.49597e-20
-1.49696e-20
-1.49806e-20
-1.49893e-20
-1.50011e-20
-1.50058e-20
-1.50111e-20
-1.50139e-20
-1.50264e-20
-1.50415e-20
-1.5062e-20
-1.50853e-20
-1.51136e-20
-1.51409e-20
-1.51703e-20
-1.5194e-20
-1.52204e-20
-1.52367e-20
-1.52458e-20
-1.52529e-20
-1.52499e-20
-1.52414e-20
-1.52312e-20
-1.52152e-20
-1.52016e-20
-1.51944e-20
-1.51881e-20
-1.51887e-20
-1.51911e-20
-1.51935e-20
-1.52034e-20
-1.52207e-20
-1.52296e-20
-1.52423e-20
-1.52581e-20
-1.52728e-20
-1.52816e-20
-1.52876e-20
-1.52865e-20
-1.52704e-20
-1.52377e-20
-1.51966e-20
-1.51437e-20
-1.50826e-20
-1.50272e-20
-1.49749e-20
-1.49322e-20
-1.49087e-20
-1.48979e-20
-1.49118e-20
-1.49257e-20
-1.49517e-20
-1.49747e-20
-1.49919e-20
-1.50016e-20
-1.50042e-20
-1.49931e-20
-1.49731e-20
-1.49375e-20
-1.49009e-20
-1.48759e-20
-1.48572e-20
-1.485e-20
-1.48604e-20
-1.48853e-20
-1.49081e-20
-1.49416e-20
-1.49803e-20
-1.50168e-20
-1.50517e-20
-1.50876e-20
-1.51143e-20
-1.51307e-20
-1.51364e-20
-1.51383e-20
-1.51395e-20
-1.51336e-20
-1.51326e-20
-1.5132e-20
-1.51369e-20
-1.51389e-20
-1.51572e-20
-1.51798e-20
-1.51993e-20
-1.52304e-20
-1.52622e-20
-1.52905e-20
-1.53058e-20
-1.53197e-20
-1.53156e-20
-1.52949e-20
-1.5271e-20
-1.52325e-20
-1.51853e-20
-1.51365e-20
-1.5095e-20
-1.5071e-20
-1.50624e-20
-1.50768e-20
-1.51055e-20
-1.51421e-20
-1.51843e-20
-1.52296e-20
-1.52614e-20
-1.52754e-20
-1.52661e-20
-1.52374e-20
-1.52013e-20
-1.51542e-20
-1.50996e-20
-1.50305e-20
-1.49552e-20
-1.48885e-20
-1.48318e-20
-1.48012e-20
-1.47949e-20
-1.481e-20
-1.48418e-20
-1.48904e-20
-1.49431e-20
-1.49977e-20
-1.50505e-20
-1.51101e-20
-1.51618e-20
-1.52032e-20
-1.52346e-20
-1.52467e-20
-1.52372e-20
-1.52103e-20
-1.5162e-20
-1.50993e-20
-1.50263e-20
-1.49488e-20
-1.4874e-20
-1.48119e-20
-1.47677e-20
-1.47521e-20
-1.47702e-20
-1.48086e-20
-1.48613e-20
-1.4929e-20
-1.49971e-20
-1.50564e-20
-1.5105e-20
-1.5138e-20
-1.51598e-20
-1.5165e-20
-1.51579e-20
-1.51416e-20
-1.51157e-20
-1.50804e-20
-1.50537e-20
-1.50301e-20
-1.50155e-20
-1.50129e-20
-1.50154e-20
-1.50214e-20
-1.50386e-20
-1.50539e-20
-1.50747e-20
-1.50985e-20
-1.51245e-20
-1.51482e-20
-1.51638e-20
-1.51784e-20
-1.51848e-20
-1.5184e-20
-1.51712e-20
-1.51465e-20
-1.5119e-20
-1.50829e-20
-1.50481e-20
-1.50125e-20
-1.49953e-20
-1.50036e-20
-1.50383e-20
-1.50924e-20
-1.51518e-20
-1.52083e-20
-1.52383e-20
-1.52412e-20
-1.52208e-20
-1.51804e-20
-1.51274e-20
-1.50696e-20
-1.50305e-20
-1.50023e-20
-1.49885e-20
-1.49897e-20
-1.49969e-20
-1.501e-20
-1.50256e-20
-1.50361e-20
-1.50519e-20
-1.50729e-20
-1.5091e-20
-1.51091e-20
-1.51127e-20
-1.51162e-20
-1.51141e-20
-1.51072e-20
-1.50989e-20
-1.50863e-20
-1.50622e-20
-1.50339e-20
-1.50051e-20
-1.4973e-20
-1.49555e-20
-1.49593e-20
-1.49701e-20
-1.49869e-20
-1.50049e-20
-1.5021e-20
-1.50317e-20
-1.50437e-20
-1.50525e-20
-1.5066e-20
-1.50773e-20
-1.50812e-20
-1.5085e-20
-1.50856e-20
-1.50784e-20
-1.50673e-20
-1.5054e-20
-1.5046e-20
-1.50413e-20
-1.50486e-20
-1.50647e-20
-1.50879e-20
-1.51158e-20
-1.51471e-20
-1.51798e-20
-1.52072e-20
-1.52321e-20
-1.52504e-20
-1.52582e-20
-1.52521e-20
-1.52525e-20
-1.52543e-20
-1.52549e-20
-1.52506e-20
-1.52481e-20
-1.5234e-20
-1.52067e-20
-1.51712e-20
-1.51148e-20
-1.50528e-20
-1.49806e-20
-1.49248e-20
-1.48839e-20
-1.48602e-20
-1.48608e-20
-1.48696e-20
-1.48855e-20
-1.49114e-20
-1.49262e-20
-1.49435e-20
-1.49634e-20
-1.49909e-20
-1.50265e-20
-1.5069e-20
-1.51083e-20
-1.51507e-20
-1.51804e-20
-1.51975e-20
-1.5212e-20
-1.52204e-20
-1.52237e-20
-1.52212e-20
-1.52125e-20
-1.52055e-20
-1.51898e-20
-1.51726e-20
-1.51416e-20
-1.51152e-20
-1.50787e-20
-1.50489e-20
-1.50278e-20
-1.50125e-20
-1.49985e-20
-1.49898e-20
-1.49922e-20
-1.50077e-20
-1.50331e-20
-1.50586e-20
-1.50734e-20
-1.5086e-20
-1.50882e-20
-1.508e-20
-1.50674e-20
-1.50599e-20
-1.5058e-20
-1.50698e-20
-1.5087e-20
-1.51102e-20
-1.51355e-20
-1.51594e-20
-1.51712e-20
-1.51784e-20
-1.51866e-20
-1.52026e-20
-1.52162e-20
-1.52297e-20
-1.52322e-20
-1.52258e-20
-1.52035e-20
-1.51648e-20
-1.51125e-20
-1.50496e-20
-1.49719e-20
-1.4897e-20
-1.483e-20
-1.47842e-20
-1.47579e-20
-1.47528e-20
-1.47603e-20
-1.47753e-20
-1.48024e-20
-1.48334e-20
-1.48599e-20
-1.48883e-20
-1.49157e-20
-1.49286e-20
-1.49441e-20
-1.49424e-20
-1.49424e-20
-1.49594e-20
-1.49912e-20
-1.50392e-20
-1.50991e-20
-1.51574e-20
-1.52067e-20
-1.52502e-20
-1.52691e-20
-1.52746e-20
-1.5269e-20
-1.52609e-20
-1.52461e-20
-1.52329e-20
-1.52202e-20
-1.52106e-20
-1.52013e-20
-1.5191e-20
-1.51814e-20
-1.51691e-20
-1.51536e-20
-1.5134e-20
-1.51149e-20
-1.50947e-20
-1.50713e-20
-1.50512e-20
-1.50341e-20
-1.50174e-20
-1.5009e-20
-1.50166e-20
-1.50334e-20
-1.50555e-20
-1.50796e-20
-1.5099e-20
-1.51101e-20
-1.51022e-20
-1.50826e-20
-1.50539e-20
-1.50142e-20
-1.49734e-20
-1.493e-20
-1.48979e-20
-1.48768e-20
-1.48726e-20
-1.48833e-20
-1.49173e-20
-1.49613e-20
-1.5016e-20
-1.50835e-20
-1.51517e-20
-1.52116e-20
-1.52603e-20
-1.52906e-20
-1.53019e-20
-1.52882e-20
-1.52428e-20
-1.51731e-20
-1.50843e-20
-1.49806e-20
-1.4883e-20
-1.48188e-20
-1.47948e-20
-1.48211e-20
-1.48944e-20
-1.50027e-20
-1.51211e-20
-1.52321e-20
-1.53153e-20
-1.5363e-20
-1.53673e-20
-1.53315e-20
-1.52718e-20
-1.51958e-20
-1.51122e-20
-1.50341e-20
-1.49809e-20
-1.49484e-20
-1.49446e-20
-1.49544e-20
-1.49676e-20
-1.49871e-20
-1.50193e-20
-1.50523e-20
-1.50895e-20
-1.51367e-20
-1.51807e-20
-1.52249e-20
-1.52561e-20
-1.52905e-20
-1.53181e-20
-1.53397e-20
-1.5357e-20
-1.53612e-20
-1.53486e-20
-1.53179e-20
-1.52836e-20
-1.52334e-20
-1.51699e-20
-1.51126e-20
-1.50621e-20
-1.50167e-20
-1.49795e-20
-1.49575e-20
-1.49452e-20
-1.49469e-20
-1.49644e-20
-1.49893e-20
-1.50265e-20
-1.5062e-20
-1.50968e-20
-1.5115e-20
-1.51223e-20
-1.51199e-20
-1.51111e-20
-1.51023e-20
-1.50968e-20
-1.50988e-20
-1.50974e-20
-1.50919e-20
-1.5081e-20
-1.50668e-20
-1.50426e-20
-1.50172e-20
-1.49936e-20
-1.49684e-20
-1.49426e-20
-1.49198e-20
-1.48982e-20
-1.48948e-20
-1.48953e-20
-1.49058e-20
-1.49156e-20
-1.49352e-20
-1.49524e-20
-1.49683e-20
-1.49857e-20
-1.50017e-20
-1.50107e-20
-1.50257e-20
-1.50378e-20
-1.50544e-20
-1.50653e-20
-1.50668e-20
-1.50684e-20
-1.50515e-20
-1.50258e-20
-1.49958e-20
-1.49657e-20
-1.4938e-20
-1.49201e-20
-1.49248e-20
-1.49516e-20
-1.49904e-20
-1.50438e-20
-1.51131e-20
-1.51802e-20
-1.52454e-20
-1.52988e-20
-1.5337e-20
-1.53555e-20
-1.53588e-20
-1.53481e-20
-1.53149e-20
-1.52696e-20
-1.52258e-20
-1.51729e-20
-1.51344e-20
-1.51017e-20
-1.50816e-20
-1.50657e-20
-1.50548e-20
-1.50416e-20
-1.50294e-20
-1.50169e-20
-1.50137e-20
-1.50206e-20
-1.50398e-20
-1.50694e-20
-1.51118e-20
-1.5153e-20
-1.51867e-20
-1.52052e-20
-1.52123e-20
-1.52062e-20
-1.51901e-20
-1.51595e-20
-1.51197e-20
-1.50796e-20
-1.50376e-20
-1.50079e-20
-1.49852e-20
-1.49691e-20
-1.49537e-20
-1.49414e-20
-1.49329e-20
-1.49191e-20
-1.49056e-20
-1.48958e-20
-1.48981e-20
-1.49061e-20
-1.49215e-20
-1.49357e-20
-1.49626e-20
-1.49881e-20
-1.5008e-20
-1.50205e-20
-1.50235e-20
-1.50258e-20
-1.50232e-20
-1.50172e-20
-1.50278e-20
-1.50474e-20
-1.50886e-20
-1.51423e-20
-1.51926e-20
-1.52379e-20
-1.52721e-20
-1.52912e-20
-1.52961e-20
-1.52822e-20
-1.52502e-20
-1.52138e-20
-1.51626e-20
-1.51108e-20
-1.50712e-20
-1.50493e-20
-1.50436e-20
-1.50503e-20
-1.50592e-20
-1.50723e-20
-1.50821e-20
-1.50906e-20
-1.50923e-20
-1.50951e-20
-1.50966e-20
-1.51002e-20
-1.51027e-20
-1.50999e-20
-1.50971e-20
-1.50956e-20
-1.50885e-20
-1.50867e-20
-1.50832e-20
-1.50778e-20
-1.50837e-20
-1.50911e-20
-1.51009e-20
-1.51119e-20
-1.51272e-20
-1.51393e-20
-1.51578e-20
-1.51685e-20
-1.51797e-20
-1.52006e-20
-1.52283e-20
-1.524e-20
-1.52485e-20
-1.52442e-20
-1.52288e-20
-1.51877e-20
-1.5123e-20
-1.50435e-20
-1.49601e-20
-1.48842e-20
-1.48117e-20
-1.47657e-20
-1.47352e-20
-1.47296e-20
-1.47448e-20
-1.47674e-20
-1.47963e-20
-1.48276e-20
-1.4857e-20
-1.48869e-20
-1.49155e-20
-1.49424e-20
-1.49811e-20
-1.50249e-20
-1.507e-20
-1.51154e-20
-1.51569e-20
-1.51983e-20
-1.52338e-20
-1.52698e-20
-1.52973e-20
-1.53186e-20
-1.53362e-20
-1.53419e-20
-1.53365e-20
-1.53273e-20
-1.53129e-20
-1.52793e-20
-1.5242e-20
-1.52063e-20
-1.51581e-20
-1.51155e-20
-1.5078e-20
-1.50422e-20
-1.50045e-20
-1.49724e-20
-1.49472e-20
-1.49339e-20
-1.49274e-20
-1.49256e-20
-1.49379e-20
-1.49625e-20
-1.49969e-20
-1.50485e-20
-1.50935e-20
-1.51471e-20
-1.52007e-20
-1.52477e-20
-1.52888e-20
-1.53148e-20
-1.53228e-20
-1.5315e-20
-1.52913e-20
-1.52563e-20
-1.52111e-20
-1.51771e-20
-1.51462e-20
-1.51225e-20
-1.51106e-20
-1.51057e-20
-1.51073e-20
-1.51176e-20
-1.51312e-20
-1.51492e-20
-1.51782e-20
-1.51963e-20
-1.52092e-20
-1.52085e-20
-1.5181e-20
-1.5137e-20
-1.50692e-20
-1.49911e-20
-1.49174e-20
-1.48539e-20
-1.48058e-20
-1.47863e-20
-1.47862e-20
-1.48077e-20
-1.48421e-20
-1.48741e-20
-1.4915e-20
-1.49476e-20
-1.49668e-20
-1.4983e-20
-1.49922e-20
-1.49798e-20
-1.49648e-20
-1.49394e-20
-1.49099e-20
-1.48858e-20
-1.48733e-20
-1.48784e-20
-1.48984e-20
-1.49328e-20
-1.49798e-20
-1.50261e-20
-1.50815e-20
-1.51304e-20
-1.51674e-20
-1.51965e-20
-1.52144e-20
-1.52275e-20
-1.52262e-20
-1.522e-20
-1.52105e-20
-1.51922e-20
-1.51765e-20
-1.51674e-20
-1.51628e-20
-1.51661e-20
-1.51769e-20
-1.51839e-20
-1.51881e-20
-1.51892e-20
-1.5189e-20
-1.518e-20
-1.51674e-20
-1.51425e-20
-1.51091e-20
-1.5062e-20
-1.50156e-20
-1.49734e-20
-1.49339e-20
-1.49052e-20
-1.48886e-20
-1.48915e-20
-1.49076e-20
-1.49284e-20
-1.49536e-20
-1.49735e-20
-1.49877e-20
-1.50068e-20
-1.5025e-20
-1.50365e-20
-1.50524e-20
-1.50708e-20
-1.50946e-20
-1.51309e-20
-1.51703e-20
-1.52153e-20
-1.52624e-20
-1.53023e-20
-1.53278e-20
-1.53419e-20
-1.53264e-20
-1.52942e-20
-1.52457e-20
-1.5187e-20
-1.5112e-20
-1.50445e-20
-1.49809e-20
-1.49353e-20
-1.49022e-20
-1.48858e-20
-1.48744e-20
-1.48788e-20
-1.48898e-20
-1.49049e-20
-1.49228e-20
-1.49345e-20
-1.49391e-20
-1.49447e-20
-1.49401e-20
-1.49376e-20
-1.49431e-20
-1.49539e-20
-1.49743e-20
-1.49964e-20
-1.50179e-20
-1.5041e-20
-1.50596e-20
-1.50866e-20
-1.51126e-20
-1.51394e-20
-1.51679e-20
-1.51941e-20
-1.52166e-20
-1.52293e-20
-1.52299e-20
-1.52215e-20
-1.52007e-20
-1.51829e-20
-1.51616e-20
-1.51518e-20
-1.51579e-20
-1.51638e-20
-1.5175e-20
-1.51864e-20
-1.52027e-20
-1.52114e-20
-1.52158e-20
-1.52162e-20
-1.52045e-20
-1.51914e-20
-1.51811e-20
-1.51767e-20
-1.51774e-20
-1.51837e-20
-1.519e-20
-1.5187e-20
-1.51769e-20
-1.51544e-20
-1.51201e-20
-1.50864e-20
-1.50597e-20
-1.50417e-20
-1.50318e-20
-1.50233e-20
-1.50141e-20
-1.50087e-20
-1.49944e-20
-1.49844e-20
-1.49786e-20
-1.49723e-20
-1.49674e-20
-1.49568e-20
-1.49478e-20
-1.49505e-20
-1.49545e-20
-1.49639e-20
-1.49822e-20
-1.50042e-20
-1.50181e-20
-1.50324e-20
-1.50443e-20
-1.50523e-20
-1.5055e-20
-1.50482e-20
-1.50224e-20
-1.50052e-20
-1.49912e-20
-1.49902e-20
-1.5013e-20
-1.50472e-20
-1.50908e-20
-1.51304e-20
-1.51515e-20
-1.5152e-20
-1.51381e-20
-1.51127e-20
-1.5084e-20
-1.5053e-20
-1.50354e-20
-1.50217e-20
-1.50197e-20
-1.5023e-20
-1.50423e-20
-1.5068e-20
-1.51097e-20
-1.51545e-20
-1.51992e-20
-1.52403e-20
-1.52764e-20
-1.52907e-20
-1.52942e-20
-1.52865e-20
-1.52644e-20
-1.52366e-20
-1.51951e-20
-1.51661e-20
-1.51384e-20
-1.51112e-20
-1.50953e-20
-1.50814e-20
-1.50777e-20
-1.50745e-20
-1.50777e-20
-1.50957e-20
-1.51092e-20
-1.51349e-20
-1.51517e-20
-1.51594e-20
-1.51478e-20
-1.51173e-20
-1.50702e-20
-1.50093e-20
-1.4944e-20
-1.48932e-20
-1.48519e-20
-1.48321e-20
-1.48279e-20
-1.48373e-20
-1.48668e-20
-1.49055e-20
-1.49501e-20
-1.50018e-20
-1.50597e-20
-1.51205e-20
-1.51733e-20
-1.52194e-20
-1.52478e-20
-1.52587e-20
-1.52423e-20
-1.52142e-20
-1.51699e-20
-1.51184e-20
-1.50588e-20
-1.50085e-20
-1.49666e-20
-1.49485e-20
-1.49521e-20
-1.4972e-20
-1.50072e-20
-1.50519e-20
-1.50915e-20
-1.51313e-20
-1.51683e-20
-1.51857e-20
-1.51899e-20
-1.51812e-20
-1.51513e-20
-1.51066e-20
-1.50466e-20
-1.49696e-20
-1.48864e-20
-1.48107e-20
-1.47476e-20
-1.47079e-20
-1.46977e-20
-1.47131e-20
-1.47539e-20
-1.48145e-20
-1.48878e-20
-1.49669e-20
-1.5046e-20
-1.51171e-20
-1.51806e-20
-1.52278e-20
-1.52572e-20
-1.52728e-20
-1.52836e-20
-1.52831e-20
-1.52773e-20
-1.52597e-20
-1.52391e-20
-1.52195e-20
-1.52046e-20
-1.51845e-20
-1.5164e-20
-1.51536e-20
-1.51495e-20
-1.51485e-20
-1.5149e-20
-1.5153e-20
-1.51554e-20
-1.51563e-20
-1.5154e-20
-1.51475e-20
-1.51427e-20
-1.51401e-20
-1.51415e-20
-1.51407e-20
-1.51342e-20
-1.51239e-20
-1.51167e-20
-1.5106e-20
-1.51025e-20
-1.51051e-20
-1.51139e-20
-1.51207e-20
-1.51349e-20
-1.51561e-20
-1.51773e-20
-1.51977e-20
-1.52069e-20
-1.52083e-20
-1.5189e-20
-1.51487e-20
-1.50983e-20
-1.50231e-20
-1.49458e-20
-1.4869e-20
-1.47948e-20
-1.47456e-20
-1.47108e-20
-1.47002e-20
-1.47097e-20
-1.47371e-20
-1.47795e-20
-1.48431e-20
-1.49187e-20
-1.49933e-20
-1.50721e-20
-1.51413e-20
-1.52041e-20
-1.52501e-20
-1.52767e-20
-1.5287e-20
-1.52845e-20
-1.52647e-20
-1.52459e-20
-1.52224e-20
-1.51995e-20
-1.51917e-20
-1.51848e-20
-1.5182e-20
-1.51749e-20
-1.51665e-20
-1.51471e-20
-1.51151e-20
-1.50851e-20
-1.50608e-20
-1.50419e-20
-1.50279e-20
-1.50226e-20
-1.50369e-20
-1.50548e-20
-1.50798e-20
-1.50961e-20
-1.51097e-20
-1.51044e-20
-1.50928e-20
-1.5072e-20
-1.50443e-20
-1.50213e-20
-1.5003e-20
-1.49985e-20
-1.50065e-20
-1.5033e-20
-1.50825e-20
-1.51408e-20
-1.51877e-20
-1.5225e-20
-1.52428e-20
-1.52428e-20
-1.52281e-20
-1.52039e-20
-1.51771e-20
-1.51541e-20
-1.51312e-20
-1.51044e-20
-1.50701e-20
-1.50215e-20
-1.49562e-20
-1.4894e-20
-1.48342e-20
-1.47894e-20
-1.47696e-20
-1.47784e-20
-1.48059e-20
-1.48407e-20
-1.48884e-20
-1.49312e-20
-1.49671e-20
-1.4994e-20
-1.50135e-20
-1.50217e-20
-1.50335e-20
-1.50454e-20
-1.50516e-20
-1.50565e-20
-1.5067e-20
-1.5076e-20
-1.50859e-20
-1.50897e-20
-1.50957e-20
-1.51064e-20
-1.51242e-20
-1.51457e-20
-1.51647e-20
-1.51749e-20
-1.51813e-20
-1.51828e-20
-1.51855e-20
-1.51873e-20
-1.52003e-20
-1.52146e-20
-1.5219e-20
-1.52117e-20
-1.52006e-20
-1.51758e-20
-1.51506e-20
-1.51296e-20
-1.51084e-20
-1.50949e-20
-1.50852e-20
-1.50693e-20
-1.50537e-20
-1.50348e-20
-1.50186e-20
-1.50086e-20
-1.50064e-20
-1.5016e-20
-1.50271e-20
-1.5042e-20
