2.69401e-21
2.61465e-21
2.48133e-21
2.2985e-21
2.07311e-21
1.81607e-21
1.54281e-21
1.27265e-21
1.02709e-21
8.26526e-22
6.86385e-22
6.13889e-22
6.06939e-22
6.55302e-22
7.43447e-22
8.5392e-22
9.70248e-22
1.07887e-21
1.1699e-21
1.23747e-21
1.27949e-21
1.29711e-21
1.29411e-21
1.27644e-21
1.25094e-21
1.22493e-21
1.20499e-21
1.1963e-21
1.20198e-21
1.22282e-21
1.25748e-21
1.30285e-21
1.35486e-21
1.40917e-21
1.46204e-21
1.5106e-21
1.55306e-21
1.5887e-21
1.61728e-21
1.63876e-21
1.65271e-21
1.65858e-21
1.65557e-21
1.64298e-21
1.6203e-21
1.58762e-21
1.54577e-21
1.49665e-21
1.44285e-21
1.38755e-21
1.33428e-21
1.28669e-21
1.24811e-21
1.22093e-21
1.20655e-21
1.20508e-21
1.21538e-21
1.23546e-21
1.26263e-21
1.29386e-21
1.32602e-21
1.35627e-21
1.38243e-21
1.40309e-21
1.41766e-21
1.42608e-21
1.42867e-21
1.4262e-21
1.41981e-21
1.41086e-21
1.40107e-21
1.39239e-21
1.38662e-21
1.385e-21
1.38813e-21
1.39617e-21
1.40859e-21
1.42448e-21
1.44267e-21
1.46166e-21
1.47968e-21
1.4949e-21
1.50569e-21
1.51102e-21
1.51059e-21
1.50482e-21
1.49472e-21
1.48162e-21
1.46673e-21
1.45121e-21
1.43571e-21
1.42034e-21
1.40497e-21
1.38897e-21
1.37135e-21
1.3513e-21
1.32832e-21
1.30246e-21
1.2746e-21
1.24649e-21
1.22064e-21
1.19989e-21
1.18688e-21
1.18334e-21
1.18969e-21
1.20506e-21
1.22767e-21
1.25547e-21
1.28679e-21
1.32075e-21
1.35708e-21
1.39582e-21
1.43671e-21
1.47861e-21
1.51948e-21
1.5566e-21
1.58705e-21
1.60858e-21
1.61965e-21
1.61966e-21
1.60905e-21
1.58901e-21
1.5614e-21
1.52843e-21
1.49245e-21
1.45598e-21
1.42107e-21
1.38965e-21
1.36333e-21
1.34324e-21
1.32982e-21
1.32258e-21
1.32051e-21
1.322e-21
1.32529e-21
1.3287e-21
1.33095e-21
1.33128e-21
1.32947e-21
1.32594e-21
1.32161e-21
1.31774e-21
1.31568e-21
1.31662e-21
1.32137e-21
1.33009e-21
1.34211e-21
1.356e-21
1.36973e-21
1.38102e-21
1.38771e-21
1.38834e-21
1.38245e-21
1.37068e-21
1.35448e-21
1.33586e-21
1.31697e-21
1.29989e-21
1.28654e-21
1.27862e-21
1.27768e-21
1.28517e-21
1.30213e-21
1.32892e-21
1.36493e-21
1.4082e-21
1.45567e-21
1.50368e-21
1.54837e-21
1.58606e-21
1.61373e-21
1.62936e-21
1.63216e-21
1.62241e-21
1.60143e-21
1.5712e-21
1.53435e-21
1.49366e-21
1.45176e-21
1.41099e-21
1.37315e-21
1.33965e-21
1.3114e-21
1.28894e-21
1.27257e-21
1.26216e-21
1.2572e-21
1.25688e-21
1.25988e-21
1.26441e-21
1.26837e-21
1.26988e-21
1.26762e-21
1.26134e-21
1.25224e-21
1.2426e-21
1.23553e-21
1.23418e-21
1.24151e-21
1.25971e-21
1.28991e-21
1.33189e-21
1.38394e-21
1.44298e-21
1.50496e-21
1.56547e-21
1.62037e-21
1.66638e-21
1.70118e-21
1.72343e-21
1.73258e-21
1.72868e-21
1.71212e-21
1.68354e-21
1.64385e-21
1.59451e-21
1.53752e-21
1.47555e-21
1.41165e-21
1.34872e-21
1.28944e-21
1.23578e-21
1.18928e-21
1.1511e-21
1.12234e-21
1.10412e-21
1.09722e-21
1.10195e-21
1.11785e-21
1.14366e-21
1.17757e-21
1.21759e-21
1.26178e-21
1.30828e-21
1.3552e-21
1.40068e-21
1.44263e-21
1.47885e-21
1.50724e-21
1.52615e-21
1.53461e-21
1.53262e-21
1.52101e-21
1.50128e-21
1.47567e-21
1.44692e-21
1.41771e-21
1.39042e-21
1.36709e-21
1.34916e-21
4.30421e-21
4.18074e-21
3.99108e-21
3.74468e-21
3.45901e-21
3.1596e-21
2.87685e-21
2.63835e-21
2.4624e-21
2.35715e-21
2.32234e-21
2.34997e-21
2.42603e-21
2.53376e-21
2.65519e-21
2.77233e-21
2.86896e-21
2.93331e-21
2.96116e-21
2.95676e-21
2.93072e-21
2.89636e-21
2.86634e-21
2.85011e-21
2.8536e-21
2.87889e-21
2.92405e-21
2.98441e-21
3.05358e-21
3.12485e-21
3.19152e-21
3.24698e-21
3.28462e-21
3.29763e-21
3.27943e-21
3.22542e-21
3.13575e-21
3.01985e-21
2.89785e-21
2.79518e-21
2.7318e-21
2.71492e-21
2.74047e-21
2.79864e-21
2.87756e-21
2.96476e-21
3.04746e-21
3.11419e-21
3.15592e-21
3.16707e-21
3.14593e-21
3.09545e-21
3.02415e-21
2.94594e-21
2.87724e-21
2.83032e-21
2.80796e-21
2.8045e-21
2.81103e-21
2.82008e-21
2.82705e-21
2.83018e-21
2.83027e-21
2.83039e-21
2.83511e-21
2.84863e-21
2.87371e-21
2.91044e-21
2.95556e-21
3.00318e-21
3.04593e-21
3.0769e-21
3.0914e-21
3.0882e-21
3.06989e-21
3.04226e-21
3.01282e-21
2.98819e-21
2.97236e-21
2.96633e-21
2.96886e-21
2.97825e-21
2.99306e-21
3.01101e-21
3.02755e-21
3.03629e-21
3.03161e-21
3.01184e-21
2.9805e-21
2.94529e-21
2.91561e-21
2.89895e-21
2.89861e-21
2.9136e-21
2.93914e-21
2.96845e-21
2.99453e-21
3.01113e-21
3.01355e-21
3.00002e-21
2.97282e-21
2.93859e-21
2.90638e-21
2.88426e-21
2.87683e-21
2.88514e-21
2.90721e-21
2.93839e-21
2.97294e-21
3.00526e-21
3.03066e-21
3.0454e-21
3.04637e-21
3.03143e-21
3.00022e-21
2.95533e-21
2.90289e-21
2.85278e-21
2.81591e-21
2.8004e-21
2.80811e-21
2.83372e-21
2.86795e-21
2.90189e-21
2.93023e-21
2.95206e-21
2.97026e-21
2.98969e-21
3.01474e-21
3.04764e-21
3.08691e-21
3.12779e-21
3.16404e-21
3.19012e-21
3.20213e-21
3.19879e-21
3.18125e-21
3.15347e-21
3.1214e-21
3.09149e-21
3.06947e-21
3.05924e-21
3.06159e-21
3.07356e-21
3.08841e-21
3.09755e-21
3.09315e-21
3.07032e-21
3.02809e-21
2.96824e-21
2.89438e-21
2.8108e-21
2.72261e-21
2.63672e-21
2.56273e-21
2.51177e-21
2.49268e-21
2.50862e-21
2.55648e-21
2.62977e-21
2.72089e-21
2.82271e-21
2.92857e-21
3.03207e-21
3.12699e-21
3.20755e-21
3.26875e-21
3.30664e-21
3.31916e-21
3.30666e-21
3.27208e-21
3.22121e-21
3.1616e-21
3.10078e-21
3.04492e-21
2.99797e-21
2.96231e-21
2.93936e-21
2.93008e-21
2.93455e-21
2.95065e-21
2.97335e-21
2.9956e-21
3.01091e-21
3.01493e-21
3.00596e-21
2.98428e-21
2.95194e-21
2.91249e-21
2.87058e-21
2.83069e-21
2.79616e-21
2.76916e-21
2.75167e-21
2.7467e-21
2.75845e-21
2.79088e-21
2.84557e-21
2.91964e-21
3.00531e-21
3.0913e-21
3.1663e-21
3.22141e-21
3.252e-21
3.25804e-21
3.24322e-21
3.21389e-21
3.17771e-21
3.14216e-21
3.11359e-21
3.0961e-21
3.09136e-21
3.09864e-21
3.11462e-21
3.13366e-21
3.14897e-21
3.15397e-21
3.14361e-21
3.11532e-21
3.06925e-21
3.00797e-21
2.93677e-21
2.86408e-21
2.80076e-21
2.75745e-21
2.74042e-21
2.74929e-21
2.77839e-21
2.81894e-21
2.86112e-21
2.89662e-21
2.92066e-21
2.93319e-21
2.93733e-21
2.93735e-21
2.93649e-21
2.93552e-21
2.93333e-21
2.92896e-21
2.92326e-21
2.91985e-21
2.92371e-21
2.93868e-21
2.96531e-21
3.00014e-21
3.03749e-21
3.07189e-21
3.09978e-21
3.1198e-21
3.13058e-21
2.59987e-21
2.60921e-21
2.61987e-21
2.63091e-21
2.642e-21
2.65233e-21
2.66125e-21
2.67012e-21
2.68258e-21
2.70305e-21
2.73377e-21
2.77331e-21
2.81725e-21
2.86007e-21
2.89635e-21
2.92131e-21
2.93158e-21
2.92636e-21
2.90868e-21
2.88467e-21
2.86083e-21
2.84032e-21
2.82204e-21
2.8034e-21
2.78385e-21
2.76584e-21
2.75333e-21
2.74951e-21
2.7551e-21
2.76837e-21
2.78584e-21
2.80354e-21
2.81769e-21
2.82519e-21
2.82319e-21
2.80961e-21
2.78309e-21
2.74376e-21
2.69352e-21
2.63636e-21
2.57789e-21
2.52542e-21
2.48689e-21
2.46898e-21
2.47433e-21
2.5005e-21
2.54123e-21
2.58883e-21
2.63604e-21
2.67715e-21
2.70843e-21
2.72849e-21
2.73745e-21
2.73657e-21
2.72704e-21
2.70987e-21
2.68624e-21
2.65787e-21
2.62747e-21
2.59859e-21
2.5748e-21
2.55871e-21
2.55111e-21
2.55134e-21
2.55753e-21
2.56726e-21
2.57819e-21
2.58832e-21
2.59647e-21
2.60261e-21
2.6079e-21
2.61475e-21
2.62534e-21
2.64038e-21
2.65848e-21
2.67664e-21
2.69225e-21
2.7044e-21
2.71385e-21
2.72232e-21
2.73158e-21
2.74268e-21
2.75576e-21
2.76993e-21
2.7841e-21
2.79743e-21
2.8098e-21
2.82134e-21
2.83168e-21
2.83946e-21
2.84272e-21
2.84037e-21
2.83297e-21
2.82243e-21
2.81084e-21
2.79953e-21
2.78828e-21
2.77556e-21
2.75896e-21
2.73573e-21
2.70365e-21
2.6621e-21
2.61251e-21
2.55817e-21
2.50383e-21
2.45463e-21
2.41547e-21
2.39078e-21
2.38438e-21
2.39909e-21
2.43537e-21
2.49064e-21
2.55932e-21
2.63421e-21
2.70803e-21
2.77504e-21
2.83161e-21
2.87551e-21
2.90525e-21
2.92027e-21
2.92127e-21
2.91047e-21
2.89096e-21
2.86603e-21
2.8379e-21
2.80735e-21
2.77462e-21
2.73994e-21
2.70398e-21
2.66829e-21
2.63516e-21
2.60683e-21
2.58544e-21
2.57256e-21
2.5689e-21
2.5739e-21
2.5861e-21
2.60333e-21
2.6232e-21
2.64376e-21
2.66388e-21
2.68254e-21
2.69846e-21
2.70955e-21
2.71314e-21
2.7067e-21
2.6892e-21
2.66194e-21
2.62901e-21
2.5965e-21
2.57102e-21
2.55818e-21
2.5609e-21
2.57904e-21
2.6098e-21
2.64888e-21
2.69159e-21
2.73317e-21
2.76959e-21
2.79738e-21
2.81408e-21
2.81838e-21
2.81015e-21
2.78998e-21
2.75896e-21
2.71888e-21
2.67334e-21
2.6275e-21
2.58741e-21
2.55815e-21
2.54319e-21
2.54323e-21
2.5561e-21
2.57699e-21
2.59914e-21
2.61655e-21
2.62618e-21
2.6291e-21
2.62961e-21
2.63251e-21
2.64036e-21
2.65289e-21
2.66791e-21
2.68305e-21
2.69652e-21
2.70706e-21
2.71408e-21
2.71771e-21
2.71909e-21
2.71993e-21
2.72219e-21
2.72724e-21
2.73555e-21
2.74648e-21
2.7584e-21
2.7693e-21
2.77696e-21
2.77939e-21
2.77495e-21
2.76192e-21
2.73899e-21
2.70584e-21
2.66515e-21
2.62189e-21
2.58159e-21
2.54827e-21
2.52419e-21
2.51075e-21
2.50872e-21
2.51821e-21
2.53815e-21
2.56636e-21
2.5997e-21
2.63434e-21
2.66642e-21
2.69282e-21
2.71184e-21
2.72316e-21
2.72784e-21
2.72734e-21
2.72303e-21
2.71542e-21
2.70396e-21
2.68757e-21
2.66512e-21
2.63656e-21
2.60399e-21
2.57179e-21
2.54652e-21
2.53546e-21
2.54437e-21
2.57522e-21
2.62528e-21
2.68772e-21
2.75418e-21
2.81699e-21
2.87012e-21
2.90943e-21
2.93191e-21
2.93572e-21
2.92016e-21
2.88626e-21
2.83694e-21
2.77766e-21
2.71625e-21
2.66147e-21
2.62036e-21
2.59561e-21
2.58513e-21
2.58449e-21
2.64407e-21
2.6503e-21
2.65812e-21
2.66878e-21
2.68384e-21
2.70413e-21
2.7286e-21
2.75453e-21
2.77837e-21
2.79701e-21
2.80814e-21
2.81076e-21
2.80503e-21
2.79205e-21
2.77401e-21
2.75335e-21
2.73235e-21
2.71282e-21
2.69572e-21
2.68186e-21
2.6723e-21
2.66873e-21
2.67316e-21
2.68701e-21
2.70982e-21
2.73843e-21
2.76718e-21
2.78929e-21
2.79917e-21
2.79424e-21
2.7759e-21
2.74958e-21
2.7229e-21
2.70299e-21
2.69414e-21
2.69724e-21
2.71035e-21
2.73019e-21
2.75346e-21
2.77717e-21
2.79923e-21
2.818e-21
2.83169e-21
2.83772e-21
2.83346e-21
2.81731e-21
2.79007e-21
2.75528e-21
2.71824e-21
2.68493e-21
2.65986e-21
2.64488e-21
2.6389e-21
2.63869e-21
2.64019e-21
2.63946e-21
2.63357e-21
2.62086e-21
2.6015e-21
2.57812e-21
2.55542e-21
2.53922e-21
2.5351e-21
2.54704e-21
2.57669e-21
2.62312e-21
2.68294e-21
2.75115e-21
2.82126e-21
2.88493e-21
2.93287e-21
2.95638e-21
2.94954e-21
2.91132e-21
2.84637e-21
2.765e-21
2.68182e-21
2.61284e-21
2.57112e-21
2.56273e-21
2.58529e-21
2.62995e-21
2.68568e-21
2.74234e-21
2.79209e-21
2.82951e-21
2.85113e-21
2.85513e-21
2.84125e-21
2.81082e-21
2.76679e-21
2.71426e-21
2.65995e-21
2.61147e-21
2.57651e-21
2.56186e-21
2.57216e-21
2.60838e-21
2.66722e-21
2.74147e-21
2.82183e-21
2.89954e-21
2.96744e-21
3.02043e-21
3.05503e-21
3.06826e-21
3.05741e-21
3.02045e-21
2.95728e-21
2.87195e-21
2.77383e-21
2.6772e-21
2.59813e-21
2.54817e-21
2.52874e-21
2.53159e-21
2.54398e-21
2.55512e-21
2.55881e-21
2.55341e-21
2.54056e-21
2.52352e-21
2.50635e-21
2.49297e-21
2.48652e-21
2.48923e-21
2.50274e-21
2.5286e-21
2.56808e-21
2.62041e-21
2.68097e-21
2.7418e-21
2.7943e-21
2.83209e-21
2.85298e-21
2.85913e-21
2.85548e-21
2.84825e-21
2.84301e-21
2.84317e-21
2.84926e-21
2.85984e-21
2.87211e-21
2.88262e-21
2.88791e-21
2.8845e-21
2.86954e-21
2.84104e-21
2.79914e-21
2.74715e-21
2.69156e-21
2.64105e-21
2.60473e-21
2.58957e-21
2.59807e-21
2.62763e-21
2.67099e-21
2.71856e-21
2.76184e-21
2.79581e-21
2.81946e-21
2.83441e-21
2.84336e-21
2.84827e-21
2.84971e-21
2.8463e-21
2.83557e-21
2.81506e-21
2.7839e-21
2.74353e-21
2.69796e-21
2.65288e-21
2.6145e-21
2.58803e-21
2.57626e-21
2.57943e-21
2.59522e-21
2.61997e-21
2.6493e-21
2.67843e-21
2.70239e-21
2.7169e-21
2.71921e-21
2.70851e-21
2.68621e-21
2.65589e-21
2.62185e-21
2.58797e-21
2.55741e-21
2.53328e-21
2.5194e-21
2.52045e-21
2.54097e-21
2.58229e-21
2.64134e-21
2.71085e-21
2.78111e-21
2.84278e-21
2.889e-21
2.91634e-21
2.92492e-21
2.9177e-21
2.8994e-21
2.87526e-21
2.84936e-21
2.82375e-21
2.79838e-21
2.77173e-21
2.74167e-21
2.70631e-21
2.66467e-21
2.61765e-21
2.5693e-21
2.52684e-21
2.49953e-21
2.49567e-21
2.51947e-21
2.56893e-21
2.63605e-21
2.70916e-21
2.77616e-21
2.82757e-21
2.85854e-21
2.8683e-21
2.85958e-21
2.83707e-21
2.80634e-21
2.77237e-21
2.73875e-21
2.70724e-21
2.67825e-21
2.65225e-21
2.63092e-21
2.61747e-21
2.61523e-21
2.62579e-21
2.64847e-21
2.68116e-21
2.72078e-21
2.76346e-21
2.80431e-21
2.83757e-21
2.85809e-21
2.86245e-21
2.85029e-21
2.8252e-21
2.79446e-21
2.76665e-21
2.74871e-21
2.74338e-21
2.74929e-21
2.76313e-21
2.78189e-21
2.80364e-21
2.8269e-21
2.84936e-21
2.86781e-21
2.87871e-21
2.87901e-21
2.86709e-21
2.84339e-21
2.81033e-21
2.77184e-21
2.73284e-21
2.6983e-21
2.6723e-21
2.65676e-21
2.65097e-21
2.65136e-21
2.65298e-21
2.65069e-21
2.64106e-21
2.62315e-21
2.59887e-21
2.57259e-21
2.55e-21
2.53695e-21
2.53794e-21
2.55541e-21
2.5889e-21
2.63443e-21
2.6855e-21
2.7338e-21
2.77156e-21
2.79376e-21
2.79981e-21
2.79406e-21
2.78419e-21
2.77865e-21
2.78384e-21
2.80179e-21
2.8297e-21
2.86104e-21
2.88792e-21
2.90324e-21
2.90272e-21
2.88538e-21
2.85296e-21
2.80915e-21
2.75865e-21
2.70679e-21
2.6595e-21
2.62264e-21
2.60049e-21
2.59421e-21
2.601e-21
2.61514e-21
2.63039e-21
2.64149e-21
2.64544e-21
2.64203e-21
2.63417e-21
2.62697e-21
2.62631e-21
2.63651e-21
2.65839e-21
2.68895e-21
2.72195e-21
2.74996e-21
2.76655e-21
2.76859e-21
2.75759e-21
2.73972e-21
2.7232e-21
2.71392e-21
2.71202e-21
2.71226e-21
2.70744e-21
2.69287e-21
2.66887e-21
2.64101e-21
2.61859e-21
2.61135e-21
2.62561e-21
2.66146e-21
2.71286e-21
2.77069e-21
2.82614e-21
2.87306e-21
2.90868e-21
2.9326e-21
2.94585e-21
2.94996e-21
2.94604e-21
2.93439e-21
2.91447e-21
2.88497e-21
2.84539e-21
2.79732e-21
2.74551e-21
2.69733e-21
2.66031e-21
2.63896e-21
2.63269e-21
2.63694e-21
2.64642e-21
2.65755e-21
2.66894e-21
2.67982e-21
2.68917e-21
2.69633e-21
2.70177e-21
2.70714e-21
2.71454e-21
2.72529e-21
2.73947e-21
2.75618e-21
2.7739e-21
2.79092e-21
2.80514e-21
2.81377e-21
2.81406e-21
2.80366e-21
2.78095e-21
2.74575e-21
2.69949e-21
2.64541e-21
2.58855e-21
2.53497e-21
2.49052e-21
2.45951e-21
2.4438e-21
2.44254e-21
2.45285e-21
2.47097e-21
2.49293e-21
2.51561e-21
2.53747e-21
2.55893e-21
2.58136e-21
2.60615e-21
2.63387e-21
2.66455e-21
2.69785e-21
2.73372e-21
2.77174e-21
2.81049e-21
2.84733e-21
2.87929e-21
2.9036e-21
2.91945e-21
2.92715e-21
2.92709e-21
2.91852e-21
2.89958e-21
2.86853e-21
2.82582e-21
2.7743e-21
2.71866e-21
2.66473e-21
2.61882e-21
2.58693e-21
2.57285e-21
2.57712e-21
2.59719e-21
2.62867e-21
2.66591e-21
2.70223e-21
2.73002e-21
2.74217e-21
2.73483e-21
2.70889e-21
2.67028e-21
2.62862e-21
2.59489e-21
2.57935e-21
2.58923e-21
2.62769e-21
2.69267e-21
2.77737e-21
2.87152e-21
2.96336e-21
3.04144e-21
3.096e-21
3.11991e-21
3.10961e-21
3.06584e-21
2.99387e-21
2.90358e-21
2.80918e-21
2.72583e-21
2.66399e-21
2.62514e-21
2.60281e-21
2.58917e-21
2.58119e-21
2.58199e-21
2.59751e-21
2.63142e-21
2.68118e-21
2.73815e-21
2.78996e-21
2.82481e-21
2.83534e-21
2.82126e-21
2.78927e-21
2.75102e-21
2.71889e-21
2.70128e-21
2.7003e-21
2.71253e-21
2.73165e-21
2.75116e-21
2.76564e-21
2.77192e-21
2.76941e-21
2.7596e-21
2.74544e-21
2.73012e-21
2.71564e-21
2.70161e-21
2.68592e-21
2.6656e-21
2.63895e-21
2.60714e-21
2.57446e-21
2.54694e-21
2.52968e-21
2.52491e-21
2.53172e-21
2.54719e-21
2.56803e-21
2.59183e-21
2.61735e-21
2.64441e-21
2.67363e-21
2.70554e-21
2.73984e-21
2.77491e-21
2.80816e-21
2.83684e-21
2.85888e-21
2.87391e-21
2.88288e-21
2.8876e-21
2.88969e-21
2.89052e-21
2.89098e-21
2.89133e-21
2.89165e-21
2.89163e-21
2.89084e-21
2.88883e-21
2.88493e-21
2.87813e-21
2.86771e-21
2.85358e-21
2.83628e-21
2.81669e-21
2.79544e-21
2.77319e-21
2.75052e-21
2.7281e-21
2.70646e-21
2.68584e-21
2.6658e-21
2.64548e-21
2.62392e-21
2.60039e-21
2.5748e-21
2.54826e-21
2.52291e-21
2.50086e-21
2.48428e-21
2.47538e-21
2.4765e-21
2.48905e-21
2.51216e-21
2.54241e-21
2.57562e-21
2.60888e-21
2.64189e-21
2.67672e-21
2.71563e-21
2.75911e-21
2.80481e-21
2.84813e-21
2.8844e-21
2.91026e-21
2.92472e-21
2.92829e-21
2.92209e-21
2.90723e-21
2.88471e-21
2.85617e-21
2.8245e-21
2.79396e-21
2.76907e-21
2.75321e-21
2.74793e-21
2.7534e-21
2.76958e-21
2.79587e-21
2.82868e-21
2.85938e-21
2.87674e-21
2.8722e-21
2.84345e-21
2.79487e-21
2.7345e-21
2.67114e-21
2.61216e-21
2.56269e-21
2.52589e-21
2.50403e-21
2.49894e-21
2.5114e-21
2.54045e-21
2.58326e-21
2.63564e-21
2.69235e-21
2.74766e-21
2.79595e-21
2.83235e-21
2.85396e-21
2.86113e-21
2.85777e-21
2.85035e-21
2.84492e-21
2.84396e-21
2.8446e-21
2.84042e-21
2.82491e-21
2.79379e-21
2.74618e-21
2.68408e-21
2.6113e-21
2.53324e-21
2.45611e-21
2.38668e-21
2.33225e-21
2.30014e-21
2.29658e-21
2.32442e-21
2.38133e-21
2.46086e-21
2.55465e-21
2.65395e-21
2.75027e-21
2.83601e-21
2.9047e-21
2.95216e-21
2.97713e-21
2.98132e-21
2.96918e-21
2.94637e-21
2.9176e-21
2.88479e-21
2.84687e-21
2.80123e-21
2.74645e-21
2.68453e-21
2.62169e-21
2.56691e-21
2.52893e-21
2.51304e-21
2.51969e-21
2.54537e-21
2.58446e-21
2.63084e-21
2.67878e-21
2.72341e-21
2.76176e-21
2.79313e-21
2.81828e-21
2.83796e-21
2.85137e-21
2.85645e-21
2.85115e-21
2.83454e-21
2.80746e-21
2.77233e-21
2.7326e-21
2.6921e-21
2.65502e-21
2.62516e-21
2.60578e-21
2.59858e-21
2.60366e-21
2.62024e-21
2.64696e-21
2.6816e-21
2.72079e-21
2.76016e-21
2.79514e-21
2.82197e-21
2.83794e-21
2.84171e-21
2.83272e-21
2.8117e-21
2.78129e-21
2.74671e-21
2.7149e-21
2.6924e-21
2.68349e-21
2.68906e-21
2.70683e-21
2.73263e-21
2.7616e-21
2.7888e-21
2.81073e-21
2.82542e-21
2.83188e-21
2.82983e-21
2.81949e-21
2.80245e-21
2.78198e-21
2.76294e-21
2.75047e-21
2.74828e-21
2.75738e-21
2.77561e-21
2.79834e-21
2.81939e-21
2.83253e-21
2.8324e-21
2.81559e-21
2.78175e-21
2.73344e-21
2.67522e-21
2.61243e-21
2.55055e-21
2.49457e-21
2.44887e-21
2.41687e-21
2.40122e-21
2.40352e-21
2.42458e-21
2.46367e-21
2.5172e-21
2.57897e-21
2.64131e-21
2.69745e-21
2.74375e-21
2.7799e-21
2.80772e-21
2.82942e-21
2.84603e-21
2.85723e-21
2.86163e-21
2.85797e-21
2.84574e-21
2.8254e-21
2.7987e-21
2.76778e-21
2.73503e-21
2.70229e-21
2.67075e-21
2.64146e-21
2.61555e-21
2.59464e-21
2.58134e-21
2.57857e-21
2.58889e-21
2.61285e-21
2.64812e-21
2.68991e-21
2.73188e-21
2.76762e-21
2.79267e-21
2.80556e-21
2.80811e-21
2.80444e-21
2.79939e-21
2.79665e-21
2.79739e-21
2.79967e-21
2.79965e-21
2.79285e-21
2.77593e-21
2.74787e-21
2.71109e-21
2.672e-21
2.63981e-21
2.62341e-21
2.62825e-21
2.6545e-21
2.69707e-21
2.74792e-21
2.79843e-21
2.841e-21
2.8703e-21
2.88355e-21
2.88074e-21
2.86462e-21
2.83978e-21
2.81131e-21
2.78338e-21
2.75831e-21
2.73652e-21
2.7172e-21
2.69921e-21
2.68224e-21
2.66689e-21
2.65385e-21
2.64369e-21
2.63644e-21
2.63149e-21
2.62807e-21
2.62577e-21
2.62578e-21
2.63105e-21
2.64487e-21
2.66818e-21
2.69842e-21
2.73087e-21
2.76113e-21
2.78658e-21
2.80546e-21
2.81571e-21
2.8148e-21
2.79972e-21
2.76855e-21
2.72127e-21
2.66099e-21
2.59517e-21
2.536e-21
2.49914e-21
2.49847e-21
2.53988e-21
2.61808e-21
2.71961e-21
2.82775e-21
2.92723e-21
3.00671e-21
3.06036e-21
3.08781e-21
3.09217e-21
3.07768e-21
3.047e-21
3.00116e-21
2.94085e-21
2.86767e-21
2.78478e-21
2.69634e-21
2.60705e-21
2.52148e-21
2.44419e-21
2.37986e-21
2.33362e-21
2.31073e-21
2.31474e-21
2.34556e-21
2.3991e-21
2.46923e-21
2.55007e-21
2.63673e-21
2.72465e-21
2.80907e-21
2.88515e-21
2.9481e-21
2.99377e-21
3.01886e-21
3.02114e-21
3.00031e-21
2.95876e-21
2.90194e-21
2.83873e-21
2.78065e-21
2.73947e-21
2.72334e-21
2.73393e-21
2.76517e-21
2.80559e-21
2.84247e-21
2.86504e-21
2.86614e-21
2.84265e-21
2.79537e-21
2.72889e-21
2.65109e-21
2.57232e-21
2.50376e-21
2.45512e-21
2.43281e-21
2.43923e-21
2.47301e-21
2.52975e-21
2.60295e-21
2.68444e-21
2.765e-21
2.83567e-21
2.88906e-21
2.92057e-21
2.92866e-21
2.91485e-21
2.88236e-21
2.83542e-21
2.77826e-21
2.71481e-21
2.6487e-21
2.58356e-21
2.52362e-21
2.47426e-21
2.44162e-21
2.43125e-21
2.44615e-21
2.48469e-21
2.5403e-21
2.60286e-21
2.66165e-21
2.70861e-21
2.73993e-21
2.75571e-21
2.75845e-21
2.75143e-21
2.7377e-21
2.72025e-21
2.70262e-21
2.68937e-21
2.68526e-21
2.69399e-21
2.71678e-21
2.75095e-21
2.79058e-21
2.82818e-21
2.85692e-21
2.87283e-21
2.87587e-21
2.86914e-21
2.85692e-21
2.84237e-21
2.82659e-21
2.80905e-21
2.78861e-21
2.76467e-21
2.73733e-21
2.70718e-21
2.67605e-21
2.64819e-21
2.6307e-21
2.63183e-21
2.65691e-21
2.70424e-21
2.76427e-21
2.82292e-21
2.86699e-21
2.88805e-21
2.8842e-21
2.85963e-21
2.82276e-21
2.78329e-21
2.74949e-21
2.72628e-21
2.71439e-21
2.71111e-21
2.71159e-21
2.7106e-21
2.7035e-21
2.68733e-21
2.66106e-21
2.62642e-21
2.58766e-21
2.55061e-21
2.52178e-21
2.50665e-21
2.50753e-21
2.522e-21
2.54343e-21
2.56366e-21
2.5769e-21
2.58205e-21
2.5818e-21
2.58088e-21
2.58347e-21
2.59153e-21
2.60437e-21
2.61932e-21
2.63347e-21
2.64473e-21
2.65242e-21
2.65731e-21
2.66114e-21
2.66593e-21
2.6737e-21
2.68604e-21
2.70381e-21
2.72667e-21
2.75322e-21
2.78122e-21
2.80862e-21
2.83401e-21
2.85637e-21
2.87462e-21
2.88729e-21
2.89296e-21
2.89075e-21
2.88143e-21
2.86717e-21
2.85108e-21
2.83652e-21
2.82588e-21
2.82046e-21
2.82055e-21
2.82545e-21
2.8341e-21
2.84536e-21
2.85814e-21
2.87202e-21
2.88685e-21
2.90259e-21
2.91812e-21
2.93107e-21
2.93789e-21
2.93495e-21
2.91947e-21
2.8903e-21
2.84821e-21
2.79549e-21
2.7362e-21
2.67616e-21
2.62214e-21
2.5808e-21
2.55621e-21
2.54898e-21
2.55645e-21
2.57405e-21
2.59681e-21
2.62004e-21
2.6393e-21
2.65078e-21
2.65156e-21
2.64024e-21
2.61757e-21
2.58688e-21
2.55379e-21
2.52505e-21
2.50663e-21
2.50172e-21
2.51011e-21
2.52909e-21
2.555e-21
2.58522e-21
2.61851e-21
2.6541e-21
2.69053e-21
2.72464e-21
2.75224e-21
2.77038e-21
2.77907e-21
2.78081e-21
2.7786e-21
2.77432e-21
2.76954e-21
2.76648e-21
2.76782e-21
2.7757e-21
2.79108e-21
2.81311e-21
2.84023e-21
2.87045e-21
2.90094e-21
2.92828e-21
2.9489e-21
2.95946e-21
2.95743e-21
2.9418e-21
2.91321e-21
2.87411e-21
2.8287e-21
2.78254e-21
2.74233e-21
2.71453e-21
2.70404e-21
2.71288e-21
2.73934e-21
2.77806e-21
2.82169e-21
2.86244e-21
2.89341e-21
2.90971e-21
2.90881e-21
2.89055e-21
2.85664e-21
2.80929e-21
2.75056e-21
2.68291e-21
2.61066e-21
2.54101e-21
2.48338e-21
2.44661e-21
2.4355e-21
2.44912e-21
2.48226e-21
2.52841e-21
2.58206e-21
2.63938e-21
2.69739e-21
2.75309e-21
2.80327e-21
2.84432e-21
2.87276e-21
2.88579e-21
2.88112e-21
2.85757e-21
2.81542e-21
2.75647e-21
2.68447e-21
2.6057e-21
2.52873e-21
2.46347e-21
2.41903e-21
2.40133e-21
2.41158e-21
2.44638e-21
2.49924e-21
2.56262e-21
2.62923e-21
2.69223e-21
2.74574e-21
2.78534e-21
2.8088e-21
2.81629e-21
2.80971e-21
2.79207e-21
2.76679e-21
2.73755e-21
2.70837e-21
2.68343e-21
2.6664e-21
2.65919e-21
2.6615e-21
2.67131e-21
2.68592e-21
2.70326e-21
2.72239e-21
2.7432e-21
2.76534e-21
2.78774e-21
2.80807e-21
2.82335e-21
2.83125e-21
2.83002e-21
2.81889e-21
2.79807e-21
2.76847e-21
2.73214e-21
2.69351e-21
2.65983e-21
2.64072e-21
2.64489e-21
2.67557e-21
2.72741e-21
2.78764e-21
2.84113e-21
2.87568e-21
2.88487e-21
2.86832e-21
2.83102e-21
2.7816e-21
2.7301e-21
2.68612e-21
2.65634e-21
2.64254e-21
2.64196e-21
2.64936e-21
2.66004e-21
2.67187e-21
2.68517e-21
2.70071e-21
2.71797e-21
2.73481e-21
2.74826e-21
2.75615e-21
2.75798e-21
2.75543e-21
2.75026e-21
2.74234e-21
2.72897e-21
2.7079e-21
2.68003e-21
2.6503e-21
2.62549e-21
2.61114e-21
2.60937e-21
2.61851e-21
2.6342e-21
2.65155e-21
2.66714e-21
2.67965e-21
2.68961e-21
2.69845e-21
2.7075e-21
2.71662e-21
2.72445e-21
2.72876e-21
2.72775e-21
2.72104e-21
2.71019e-21
2.69825e-21
2.68903e-21
2.68588e-21
2.69076e-21
2.70454e-21
2.7269e-21
2.75648e-21
2.7904e-21
2.82479e-21
2.85564e-21
2.87983e-21
2.89605e-21
2.90451e-21
2.90702e-21
2.90612e-21
2.90422e-21
2.9026e-21
2.90071e-21
2.89576e-21
2.88336e-21
2.859e-21
2.81985e-21
2.76621e-21
2.70198e-21
2.6347e-21
2.57406e-21
2.529e-21
2.50467e-21
2.50053e-21
2.51115e-21
2.52892e-21
2.54765e-21
2.56481e-21
2.58185e-21
2.60266e-21
2.63083e-21
2.66715e-21
2.7093e-21
2.75239e-21
2.79111e-21
2.82113e-21
2.84069e-21
2.85089e-21
2.85462e-21
2.85517e-21
2.85426e-21
2.85169e-21
2.84584e-21
2.83447e-21
2.81586e-21
2.78989e-21
2.7587e-21
2.72647e-21
2.69762e-21
2.67443e-21
2.65654e-21
2.64279e-21
2.63417e-21
2.63409e-21
2.64546e-21
2.6671e-21
2.6933e-21
2.71622e-21
2.72925e-21
2.72974e-21
2.72012e-21
2.7067e-21
2.69697e-21
2.69686e-21
2.70832e-21
2.72919e-21
2.75448e-21
2.77872e-21
2.79806e-21
2.81178e-21
2.82206e-21
2.83235e-21
2.84511e-21
2.86004e-21
2.87391e-21
2.88172e-21
2.87818e-21
2.85906e-21
2.82215e-21
2.7678e-21
2.69944e-21
2.62354e-21
2.54872e-21
2.484e-21
2.43622e-21
2.40858e-21
2.40029e-21
2.40793e-21
2.42712e-21
2.45367e-21
2.48376e-21
2.51409e-21
2.5415e-21
2.56304e-21
2.57674e-21
2.58258e-21
2.58397e-21
2.58768e-21
2.60185e-21
2.63248e-21
2.68046e-21
2.74039e-21
2.8027e-21
2.85754e-21
2.89763e-21
2.91984e-21
2.92537e-21
2.91847e-21
2.9049e-21
2.88995e-21
2.87719e-21
2.86787e-21
2.86101e-21
2.85467e-21
2.84681e-21
2.83607e-21
2.82193e-21
2.80455e-21
2.78448e-21
2.76252e-21
2.73947e-21
2.71607e-21
2.69359e-21
2.67389e-21
2.65947e-21
2.65305e-21
2.65663e-21
2.67031e-21
2.69124e-21
2.7146e-21
2.73463e-21
2.74615e-21
2.74542e-21
2.73086e-21
2.70334e-21
2.66584e-21
2.62307e-21
2.58083e-21
2.54546e-21
2.52221e-21
2.51485e-21
2.5252e-21
2.55309e-21
2.59648e-21
2.65174e-21
2.71432e-21
2.779e-21
2.84029e-21
2.89238e-21
2.92901e-21
2.9442e-21
2.93327e-21
2.89371e-21
2.82652e-21
2.7372e-21
2.63672e-21
2.54129e-21
2.47003e-21
2.44039e-21
2.4622e-21
2.53333e-21
2.6399e-21
2.76097e-21
2.87454e-21
2.96251e-21
3.01354e-21
3.02341e-21
2.99415e-21
2.93333e-21
2.85266e-21
2.76663e-21
2.6898e-21
2.63342e-21
2.60212e-21
2.5929e-21
2.59858e-21
2.61269e-21
2.63238e-21
2.65803e-21
2.69039e-21
2.72857e-21
2.76984e-21
2.81105e-21
2.85031e-21
2.88695e-21
2.92086e-21
2.95117e-21
2.97574e-21
2.99119e-21
2.99388e-21
2.982e-21
2.95626e-21
2.91924e-21
2.87407e-21
2.82345e-21
2.76997e-21
2.71695e-21
2.66865e-21
2.62961e-21
2.60324e-21
2.59097e-21
2.59277e-21
2.60766e-21
2.63379e-21
2.6675e-21
2.70319e-21
2.73436e-21
2.75591e-21
2.76582e-21
2.76567e-21
2.75943e-21
2.75196e-21
2.74683e-21
2.74497e-21
2.74374e-21
2.73941e-21
2.72923e-21
2.71262e-21
2.69107e-21
2.66658e-21
2.64087e-21
2.61489e-21
2.58966e-21
2.56717e-21
2.55003e-21
2.54066e-21
2.54024e-21
2.54781e-21
2.56094e-21
2.57672e-21
2.5932e-21
2.60921e-21
2.62444e-21
2.63905e-21
2.65322e-21
2.66739e-21
2.6817e-21
2.69552e-21
2.70687e-21
2.71276e-21
2.71015e-21
2.6972e-21
2.67458e-21
2.64504e-21
2.61336e-21
2.58568e-21
2.56856e-21
2.56776e-21
2.58659e-21
2.62509e-21
2.68003e-21
2.74574e-21
2.81506e-21
2.88091e-21
2.93703e-21
2.97842e-21
3.00174e-21
3.00556e-21
2.99075e-21
2.96028e-21
2.91875e-21
2.87155e-21
2.82429e-21
2.78204e-21
2.74838e-21
2.72444e-21
2.70867e-21
2.69754e-21
2.68728e-21
2.67594e-21
2.66472e-21
2.65781e-21
2.6606e-21
2.67692e-21
2.70679e-21
2.74567e-21
2.78636e-21
2.82171e-21
2.84652e-21
2.858e-21
2.85489e-21
2.83725e-21
2.80696e-21
2.76842e-21
2.72753e-21
2.68999e-21
2.65957e-21
2.63688e-21
2.62028e-21
2.60693e-21
2.5946e-21
2.58238e-21
2.57064e-21
2.56064e-21
2.55402e-21
2.55275e-21
2.55855e-21
2.57241e-21
2.59331e-21
2.61797e-21
2.64158e-21
2.65994e-21
2.67041e-21
2.67267e-21
2.66884e-21
2.66315e-21
2.66151e-21
2.67006e-21
2.69325e-21
2.73163e-21
2.78091e-21
2.83355e-21
2.88121e-21
2.91694e-21
2.93637e-21
2.93785e-21
2.92193e-21
2.89064e-21
2.84779e-21
2.799e-21
2.75172e-21
2.71375e-21
2.69085e-21
2.68445e-21
2.69087e-21
2.70387e-21
2.71779e-21
2.72937e-21
2.73753e-21
2.74248e-21
2.74473e-21
2.74495e-21
2.74415e-21
2.74306e-21
2.74173e-21
2.73979e-21
2.73688e-21
2.73284e-21
2.72816e-21
2.72378e-21
2.72103e-21
2.72143e-21
2.72617e-21
2.73553e-21
2.74846e-21
2.76298e-21
2.77738e-21
2.79082e-21
2.80373e-21
2.81766e-21
2.83394e-21
2.85262e-21
2.87123e-21
2.88489e-21
2.88724e-21
2.87231e-21
2.83638e-21
2.77946e-21
2.7057e-21
2.62269e-21
2.54027e-21
2.46848e-21
2.41518e-21
2.38453e-21
2.37616e-21
2.38617e-21
2.4086e-21
2.43714e-21
2.46709e-21
2.4959e-21
2.52356e-21
2.55198e-21
2.58363e-21
2.62029e-21
2.66215e-21
2.70773e-21
2.75462e-21
2.8001e-21
2.84192e-21
2.87868e-21
2.91012e-21
2.93658e-21
2.95838e-21
2.97504e-21
2.98518e-21
2.98667e-21
2.9778e-21
2.95793e-21
2.9281e-21
2.89062e-21
2.84864e-21
2.8049e-21
2.76144e-21
2.71936e-21
2.67963e-21
2.64368e-21
2.61313e-21
2.58935e-21
2.57315e-21
2.56506e-21
2.56593e-21
2.57713e-21
2.59979e-21
2.6339e-21
2.67801e-21
2.72973e-21
2.78537e-21
2.84009e-21
2.88868e-21
2.92727e-21
2.95321e-21
2.9643e-21
2.95886e-21
2.93741e-21
2.90338e-21
2.8628e-21
2.82316e-21
2.7906e-21
2.76805e-21
2.75528e-21
2.75046e-21
2.75214e-21
2.76029e-21
2.7754e-21
2.79726e-21
2.82315e-21
2.84763e-21
2.8633e-21
2.86237e-21
2.83941e-21
2.79328e-21
2.72774e-21
2.65094e-21
2.57371e-21
2.50715e-21
2.45975e-21
2.43565e-21
2.43427e-21
2.45125e-21
2.4804e-21
2.51512e-21
2.54972e-21
2.58002e-21
2.60358e-21
2.61919e-21
2.62572e-21
2.62175e-21
2.6064e-21
2.58166e-21
2.5535e-21
2.53004e-21
2.51824e-21
2.5218e-21
2.54104e-21
2.57418e-21
2.6181e-21
2.66845e-21
2.72027e-21
2.76895e-21
2.81051e-21
2.84222e-21
2.8627e-21
2.87176e-21
2.87062e-21
2.86143e-21
2.8471e-21
2.83104e-21
2.81646e-21
2.80614e-21
2.80163e-21
2.80299e-21
2.80897e-21
2.81737e-21
2.82542e-21
2.8306e-21
2.83097e-21
2.82492e-21
2.81093e-21
2.78776e-21
2.75519e-21
2.71463e-21
2.66926e-21
2.62383e-21
2.58415e-21
2.55559e-21
2.54115e-21
2.54065e-21
2.55142e-21
2.56952e-21
2.5909e-21
2.61235e-21
2.63195e-21
2.64904e-21
2.66442e-21
2.67952e-21
2.69595e-21
2.71545e-21
2.74002e-21
2.77122e-21
2.80931e-21
2.85254e-21
2.89681e-21
2.93675e-21
2.96594e-21
2.97893e-21
2.97214e-21
2.94422e-21
2.89671e-21
2.83405e-21
2.76309e-21
2.69217e-21
2.62897e-21
2.5789e-21
2.5443e-21
2.52498e-21
2.51894e-21
2.52327e-21
2.5345e-21
2.54877e-21
2.56251e-21
2.57312e-21
2.5796e-21
2.5825e-21
2.58377e-21
2.58618e-21
2.59259e-21
2.60498e-21
2.62341e-21
2.64594e-21
2.66964e-21
2.69224e-21
2.71316e-21
2.73346e-21
2.75491e-21
2.77857e-21
2.80404e-21
2.82903e-21
2.84995e-21
2.86291e-21
2.86531e-21
2.85716e-21
2.84123e-21
2.82268e-21
2.80673e-21
2.7976e-21
2.79696e-21
2.80373e-21
2.81537e-21
2.82888e-21
2.84174e-21
2.85157e-21
2.8559e-21
2.85331e-21
2.84438e-21
2.8321e-21
2.82137e-21
2.81691e-21
2.82052e-21
2.82951e-21
2.83776e-21
2.83866e-21
2.82827e-21
2.80671e-21
2.77794e-21
2.74779e-21
2.72126e-21
2.70111e-21
2.68705e-21
2.67685e-21
2.66772e-21
2.65795e-21
2.64742e-21
2.63665e-21
2.62638e-21
2.61701e-21
2.609e-21
2.60325e-21
2.60117e-21
2.60399e-21
2.612e-21
2.62399e-21
2.63783e-21
2.65183e-21
2.66503e-21
2.67731e-21
2.68796e-21
2.69506e-21
2.69557e-21
2.68684e-21
2.66912e-21
2.64743e-21
2.63093e-21
2.62946e-21
2.64808e-21
2.68393e-21
2.72744e-21
2.76663e-21
2.79165e-21
2.79779e-21
2.78609e-21
2.76228e-21
2.7337e-21
2.706e-21
2.68213e-21
2.66399e-21
2.65435e-21
2.657e-21
2.67415e-21
2.70454e-21
2.74415e-21
2.78865e-21
2.83415e-21
2.8766e-21
2.91149e-21
2.93453e-21
2.94259e-21
2.93483e-21
2.91322e-21
2.88176e-21
2.8456e-21
2.80974e-21
2.77785e-21
2.75212e-21
2.73337e-21
2.72163e-21
2.71657e-21
2.71788e-21
2.72557e-21
2.73934e-21
2.75831e-21
2.77961e-21
2.79786e-21
2.80554e-21
2.79597e-21
2.76593e-21
2.71749e-21
2.65725e-21
2.59462e-21
2.53901e-21
2.49749e-21
2.47371e-21
2.46836e-21
2.47996e-21
2.50591e-21
2.54356e-21
2.59032e-21
2.64374e-21
2.70134e-21
2.76002e-21
2.81562e-21
2.86286e-21
2.89653e-21
2.91236e-21
2.90756e-21
2.88157e-21
2.83663e-21
2.77867e-21
2.71677e-21
2.66097e-21
2.61943e-21
2.59712e-21
2.59507e-21
2.61116e-21
2.64157e-21
2.68122e-21
2.72448e-21
2.76553e-21
2.79909e-21
2.82083e-21
2.82804e-21
2.81885e-21
2.79216e-21
2.74775e-21
2.68701e-21
2.61385e-21
2.53511e-21
2.45997e-21
2.39807e-21
2.35735e-21
2.34232e-21
2.35367e-21
2.3893e-21
2.44527e-21
2.51595e-21
2.59461e-21
2.67403e-21
2.74751e-21
2.8101e-21
2.85879e-21
2.89257e-21
2.91177e-21
2.91791e-21
2.91386e-21
2.90333e-21
2.88961e-21
2.87493e-21
2.85973e-21
2.84348e-21
2.82634e-21
2.81e-21
2.79764e-21
2.79198e-21
2.79337e-21
2.79947e-21
2.80646e-21
2.8108e-21
2.81066e-21
2.80649e-21
2.80011e-21
2.79373e-21
2.78873e-21
2.78498e-21
2.7813e-21
2.77641e-21
2.7699e-21
2.76274e-21
2.75627e-21
2.7518e-21
2.75037e-21
2.75345e-21
2.76252e-21
2.7777e-21
2.79709e-21
2.81765e-21
2.83564e-21
2.84713e-21
2.84767e-21
2.83306e-21
2.80046e-21
2.74961e-21
2.68303e-21
2.6064e-21
2.52776e-21
2.45672e-21
2.40126e-21
2.36578e-21
2.3516e-21
2.35836e-21
2.38526e-21
2.43044e-21
2.49054e-21
2.56097e-21
2.63679e-21
2.71289e-21
2.78428e-21
2.84614e-21
2.89379e-21
2.92368e-21
2.93438e-21
2.92761e-21
2.908e-21
2.88213e-21
2.85675e-21
2.83683e-21
2.82464e-21
2.81931e-21
2.81785e-21
2.81554e-21
2.80724e-21
2.78955e-21
2.76267e-21
2.73069e-21
2.7e-21
2.6771e-21
2.66624e-21
2.66849e-21
2.68185e-21
2.70224e-21
2.72444e-21
2.7429e-21
2.75309e-21
2.75255e-21
2.74118e-21
2.72116e-21
2.69596e-21
2.66981e-21
2.64786e-21
2.63674e-21
2.64336e-21
2.67143e-21
2.71807e-21
2.77391e-21
2.82677e-21
2.86658e-21
2.8878e-21
2.88962e-21
2.87544e-21
2.8518e-21
2.82626e-21
2.80366e-21
2.78367e-21
2.7605e-21
2.72687e-21
2.67896e-21
2.61888e-21
2.55381e-21
2.49364e-21
2.44834e-21
2.42533e-21
2.42731e-21
2.45151e-21
2.49102e-21
2.53715e-21
2.58185e-21
2.61945e-21
2.6473e-21
2.66551e-21
2.67646e-21
2.68393e-21
2.69134e-21
2.70034e-21
2.71034e-21
2.71955e-21
2.72659e-21
2.73146e-21
2.73593e-21
2.74233e-21
2.7526e-21
2.76708e-21
2.78416e-21
2.80047e-21
2.81269e-21
2.81956e-21
2.82271e-21
2.82595e-21
2.83245e-21
2.84232e-21
2.8518e-21
2.85564e-21
2.85006e-21
2.83464e-21
2.81247e-21
2.78863e-21
2.76787e-21
2.75213e-21
2.73991e-21
2.72811e-21
2.71461e-21
2.6991e-21
2.68311e-21
2.6694e-21
2.66095e-21
2.66007e-21
2.66752e-21
2.68168e-21
2.69941e-21
