-1.10144e-20
-1.10028e-20
-1.09754e-20
-1.0943e-20
-1.09237e-20
-1.0908e-20
-1.08979e-20
-1.0893e-20
-1.08893e-20
-1.08863e-20
-1.08879e-20
-1.08923e-20
-1.08946e-20
-1.0896e-20
-1.08982e-20
-1.08997e-20
-1.09006e-20
-1.08969e-20
-1.08932e-20
-1.0893e-20
-1.08949e-20
-1.08921e-20
-1.08914e-20
-1.08905e-20
-1.0893e-20
-1.08943e-20
-1.08949e-20
-1.09013e-20
-1.09008e-20
-1.09056e-20
-1.09108e-20
-1.0912e-20
-1.09123e-20
-1.09128e-20
-1.09142e-20
-1.09138e-20
-1.09133e-20
-1.09171e-20
-1.0915e-20
-1.09112e-20
-1.09112e-20
-1.09116e-20
-1.09115e-20
-1.09076e-20
-1.09041e-20
-1.09056e-20
-1.09028e-20
-1.0904e-20
-1.09022e-20
-1.09043e-20
-1.09046e-20
-1.0903e-20
-1.09038e-20
-1.09015e-20
-1.09014e-20
-1.09028e-20
-1.09058e-20
-1.09058e-20
-1.09068e-20
-1.09091e-20
-1.09074e-20
-1.09056e-20
-1.09047e-20
-1.09053e-20
-1.0907e-20
-1.09044e-20
-1.09056e-20
-1.09075e-20
-1.09067e-20
-1.09082e-20
-1.09082e-20
-1.09067e-20
-1.09081e-20
-1.09132e-20
-1.09147e-20
-1.0915e-20
-1.09137e-20
-1.0915e-20
-1.09162e-20
-1.09135e-20
-1.09112e-20
-1.09114e-20
-1.09121e-20
-1.09133e-20
-1.09129e-20
-1.09115e-20
-1.09134e-20
-1.09127e-20
-1.09115e-20
-1.09088e-20
-1.09104e-20
-1.0911e-20
-1.09051e-20
-1.0906e-20
-1.0908e-20
-1.09046e-20
-1.09039e-20
-1.08988e-20
-1.08993e-20
-1.08999e-20
-1.08986e-20
-1.08969e-20
-1.08981e-20
-1.08983e-20
-1.08979e-20
-1.09007e-20
-1.09022e-20
-1.0902e-20
-1.09059e-20
-1.09072e-20
-1.09079e-20
-1.09123e-20
-1.09178e-20
-1.09168e-20
-1.09177e-20
-1.092e-20
-1.0921e-20
-1.09197e-20
-1.09146e-20
-1.09133e-20
-1.09115e-20
-1.09082e-20
-1.09056e-20
-1.09042e-20
-1.09014e-20
-1.09004e-20
-1.09e-20
-1.09025e-20
-1.09034e-20
-1.09002e-20
-1.09033e-20
-1.09048e-20
-1.09073e-20
-1.09075e-20
-1.09065e-20
-1.0908e-20
-1.09074e-20
-1.0904e-20
-1.09017e-20
-1.09016e-20
-1.09037e-20
-1.09087e-20
-1.0911e-20
-1.09054e-20
-1.09056e-20
-1.09038e-20
-1.09024e-20
-1.09024e-20
-1.09018e-20
-1.09058e-20
-1.0907e-20
-1.09092e-20
-1.09061e-20
-1.09057e-20
-1.09076e-20
-1.09048e-20
-1.08995e-20
-1.09003e-20
-1.08958e-20
-1.08957e-20
-1.08968e-20
-1.0898e-20
-1.08971e-20
-1.09048e-20
-1.09081e-20
-1.09069e-20
-1.09124e-20
-1.09096e-20
-1.09082e-20
-1.09129e-20
-1.09126e-20
-1.09144e-20
-1.09134e-20
-1.09109e-20
-1.09086e-20
-1.0908e-20
-1.09098e-20
-1.09128e-20
-1.09112e-20
-1.09108e-20
-1.09116e-20
-1.09104e-20
-1.09087e-20
-1.09075e-20
-1.0909e-20
-1.09078e-20
-1.09082e-20
-1.09069e-20
-1.09054e-20
-1.0906e-20
-1.09059e-20
-1.09046e-20
-1.09064e-20
-1.09067e-20
-1.09039e-20
-1.09077e-20
-1.0907e-20
-1.09075e-20
-1.09077e-20
-1.09096e-20
-1.0911e-20
-1.09162e-20
-1.092e-20
-1.09225e-20
-1.09225e-20
-1.09228e-20
-1.0919e-20
-1.0922e-20
-1.09211e-20
-1.09197e-20
-1.0916e-20
-1.0914e-20
-1.09109e-20
-1.09096e-20
-1.09061e-20
-1.09066e-20
-1.09082e-20
-1.09058e-20
-1.09042e-20
-1.09017e-20
-1.0901e-20
-1.09031e-20
-1.09004e-20
-1.09e-20
-1.09008e-20
-1.09026e-20
-1.09008e-20
-1.09027e-20
-1.09051e-20
-1.09079e-20
-1.09106e-20
-1.09099e-20
-1.09101e-20
-1.09102e-20
-1.09112e-20
-1.09105e-20
-1.09107e-20
-1.09112e-20
-1.09101e-20
-1.09088e-20
-1.09096e-20
-1.09126e-20
-1.09109e-20
-1.09104e-20
-1.0909e-20
-1.09094e-20
-1.09052e-20
-1.09038e-20
-1.09025e-20
-1.08998e-20
-8.6964e-21
-8.68548e-21
-8.68254e-21
-8.67629e-21
-8.67006e-21
-8.66756e-21
-8.66783e-21
-8.66495e-21
-8.66996e-21
-8.67522e-21
-8.67746e-21
-8.68313e-21
-8.68763e-21
-8.69193e-21
-8.69543e-21
-8.6955e-21
-8.69721e-21
-8.69458e-21
-8.68822e-21
-8.6814e-21
-8.68141e-21
-8.67972e-21
-8.68368e-21
-8.68765e-21
-8.69245e-21
-8.69294e-21
-8.69531e-21
-8.69939e-21
-8.70085e-21
-8.6959e-21
-8.69476e-21
-8.68993e-21
-8.68728e-21
-8.68521e-21
-8.68485e-21
-8.68537e-21
-8.6814e-21
-8.67962e-21
-8.67804e-21
-8.67985e-21
-8.68747e-21
-8.69188e-21
-8.69625e-21
-8.69602e-21
-8.70081e-21
-8.70037e-21
-8.69955e-21
-8.70282e-21
-8.70125e-21
-8.69407e-21
-8.69444e-21
-8.69096e-21
-8.68779e-21
-8.68526e-21
-8.68333e-21
-8.68301e-21
-8.68626e-21
-8.68408e-21
-8.68501e-21
-8.68498e-21
-8.68955e-21
-8.68713e-21
-8.68646e-21
-8.68879e-21
-8.69198e-21
-8.6933e-21
-8.68935e-21
-8.68958e-21
-8.69105e-21
-8.69149e-21
-8.6946e-21
-8.69619e-21
-8.6965e-21
-8.69312e-21
-8.69222e-21
-8.6929e-21
-8.68823e-21
-8.6877e-21
-8.68842e-21
-8.69125e-21
-8.68751e-21
-8.68688e-21
-8.69096e-21
-8.68943e-21
-8.68694e-21
-8.68665e-21
-8.68608e-21
-8.68023e-21
-8.67751e-21
-8.67491e-21
-8.67781e-21
-8.67895e-21
-8.68069e-21
-8.67898e-21
-8.68217e-21
-8.68324e-21
-8.68543e-21
-8.68452e-21
-8.68123e-21
-8.68225e-21
-8.68146e-21
-8.68345e-21
-8.68288e-21
-8.68223e-21
-8.68554e-21
-8.68342e-21
-8.68803e-21
-8.68686e-21
-8.68419e-21
-8.68491e-21
-8.68317e-21
-8.68172e-21
-8.67793e-21
-8.67725e-21
-8.68095e-21
-8.67907e-21
-8.68264e-21
-8.68272e-21
-8.68353e-21
-8.68687e-21
-8.6895e-21
-8.68886e-21
-8.68696e-21
-8.68989e-21
-8.68885e-21
-8.68899e-21
-8.69105e-21
-8.69187e-21
-8.69402e-21
-8.69297e-21
-8.69703e-21
-8.69583e-21
-8.69365e-21
-8.69272e-21
-8.69107e-21
-8.68673e-21
-8.6869e-21
-8.68637e-21
-8.68417e-21
-8.68564e-21
-8.68748e-21
-8.68895e-21
-8.68873e-21
-8.68867e-21
-8.68854e-21
-8.68672e-21
-8.68656e-21
-8.68567e-21
-8.68375e-21
-8.68367e-21
-8.68173e-21
-8.67799e-21
-8.68005e-21
-8.67735e-21
-8.67974e-21
-8.68504e-21
-8.68811e-21
-8.69115e-21
-8.6911e-21
-8.6932e-21
-8.69797e-21
-8.70278e-21
-8.70281e-21
-8.70078e-21
-8.69992e-21
-8.69704e-21
-8.69492e-21
-8.6931e-21
-8.6864e-21
-8.68465e-21
-8.68376e-21
-8.68394e-21
-8.68736e-21
-8.68915e-21
-8.68648e-21
-8.68348e-21
-8.68545e-21
-8.6891e-21
-8.69227e-21
-8.68948e-21
-8.68962e-21
-8.69252e-21
-8.69221e-21
-8.68988e-21
-8.69057e-21
-8.69283e-21
-8.69464e-21
-8.69453e-21
-8.69472e-21
-8.69312e-21
-8.69127e-21
-8.69069e-21
-8.68917e-21
-8.68728e-21
-8.68889e-21
-8.69136e-21
-8.69352e-21
-8.69456e-21
-8.69357e-21
-8.69507e-21
-8.69463e-21
-8.69665e-21
-8.69549e-21
-8.69257e-21
-8.6898e-21
-8.68636e-21
-8.68506e-21
-8.68593e-21
-8.68303e-21
-8.68857e-21
-8.69001e-21
-8.69201e-21
-8.6944e-21
-8.69377e-21
-8.69212e-21
-8.69264e-21
-8.68951e-21
-8.68611e-21
-8.68263e-21
-8.6814e-21
-8.67993e-21
-8.68111e-21
-8.68302e-21
-8.68684e-21
-8.68757e-21
-8.69008e-21
-8.69074e-21
-8.69135e-21
-8.69233e-21
-8.68779e-21
-8.68759e-21
-8.68885e-21
-8.68703e-21
-8.68551e-21
-8.68429e-21
-8.68482e-21
-8.68425e-21
-8.68571e-21
-8.68824e-21
-8.68612e-21
-8.68273e-21
-8.68666e-21
-8.68916e-21
-8.69099e-21
-8.69084e-21
-8.6924e-21
-8.69147e-21
-8.68878e-21
-8.68494e-21
-8.68526e-21
-9.07914e-21
-9.07875e-21
-9.08256e-21
-9.08257e-21
-9.07773e-21
-9.07979e-21
-9.08025e-21
-9.08465e-21
-9.08135e-21
-9.08153e-21
-9.08334e-21
-9.08491e-21
-9.08715e-21
-9.08417e-21
-9.08242e-21
-9.08733e-21
-9.08885e-21
-9.09046e-21
-9.08975e-21
-9.08688e-21
-9.08654e-21
-9.08572e-21
-9.08473e-21
-9.08519e-21
-9.08305e-21
-9.08172e-21
-9.08226e-21
-9.08189e-21
-9.08039e-21
-9.08028e-21
-9.08204e-21
-9.08029e-21
-9.08204e-21
-9.0809e-21
-9.07958e-21
-9.07974e-21
-9.07611e-21
-9.07468e-21
-9.06865e-21
-9.06833e-21
-9.06636e-21
-9.06603e-21
-9.06682e-21
-9.07386e-21
-9.07767e-21
-9.07952e-21
-9.0819e-21
-9.08317e-21
-9.08289e-21
-9.07959e-21
-9.07933e-21
-9.07689e-21
-9.07827e-21
-9.08084e-21
-9.07756e-21
-9.07812e-21
-9.07771e-21
-9.07637e-21
-9.07475e-21
-9.075e-21
-9.07389e-21
-9.07772e-21
-9.07511e-21
-9.07401e-21
-9.07543e-21
-9.07666e-21
-9.07935e-21
-9.0771e-21
-9.07909e-21
-9.07844e-21
-9.07793e-21
-9.0776e-21
-9.07739e-21
-9.0793e-21
-9.07941e-21
-9.0793e-21
-9.07958e-21
-9.08255e-21
-9.08241e-21
-9.08242e-21
-9.08199e-21
-9.0843e-21
-9.08227e-21
-9.08928e-21
-9.08977e-21
-9.09238e-21
-9.08749e-21
-9.08582e-21
-9.08729e-21
-9.08702e-21
-9.08877e-21
-9.08514e-21
-9.08806e-21
-9.08576e-21
-9.0863e-21
-9.08633e-21
-9.08629e-21
-9.08558e-21
-9.08197e-21
-9.08248e-21
-9.08286e-21
-9.0806e-21
-9.07745e-21
-9.07675e-21
-9.08071e-21
-9.07805e-21
-9.07735e-21
-9.07856e-21
-9.07895e-21
-9.07734e-21
-9.07778e-21
-9.07522e-21
-9.0802e-21
-9.08034e-21
-9.07732e-21
-9.07664e-21
-9.07472e-21
-9.07158e-21
-9.07373e-21
-9.07482e-21
-9.07762e-21
-9.07742e-21
-9.078e-21
-9.07879e-21
-9.07914e-21
-9.0795e-21
-9.0788e-21
-9.08189e-21
-9.08129e-21
-9.07925e-21
-9.07845e-21
-9.07997e-21
-9.08163e-21
-9.08392e-21
-9.08246e-21
-9.08359e-21
-9.0819e-21
-9.08377e-21
-9.08226e-21
-9.08117e-21
-9.08484e-21
-9.08575e-21
-9.08387e-21
-9.07912e-21
-9.0731e-21
-9.07231e-21
-9.07475e-21
-9.07417e-21
-9.07666e-21
-9.07695e-21
-9.07663e-21
-9.07449e-21
-9.07404e-21
-9.07508e-21
-9.0753e-21
-9.07841e-21
-9.07902e-21
-9.0777e-21
-9.07449e-21
-9.07804e-21
-9.07878e-21
-9.07947e-21
-9.07911e-21
-9.07988e-21
-9.07966e-21
-9.07911e-21
-9.07888e-21
-9.07964e-21
-9.07975e-21
-9.07964e-21
-9.07916e-21
-9.07916e-21
-9.07781e-21
-9.08029e-21
-9.08066e-21
-9.07908e-21
-9.0828e-21
-9.08139e-21
-9.08356e-21
-9.0828e-21
-9.08209e-21
-9.08341e-21
-9.08024e-21
-9.07906e-21
-9.07671e-21
-9.07857e-21
-9.07829e-21
-9.08075e-21
-9.07689e-21
-9.07695e-21
-9.08144e-21
-9.08333e-21
-9.08306e-21
-9.08108e-21
-9.08272e-21
-9.08257e-21
-9.08118e-21
-9.08232e-21
-9.08012e-21
-9.07619e-21
-9.0781e-21
-9.0774e-21
-9.07542e-21
-9.07438e-21
-9.07263e-21
-9.07432e-21
-9.07667e-21
-9.07802e-21
-9.08101e-21
-9.08129e-21
-9.08305e-21
-9.08194e-21
-9.08164e-21
-9.08481e-21
-9.08609e-21
-9.08398e-21
-9.08394e-21
-9.08448e-21
-9.0819e-21
-9.08427e-21
-9.08457e-21
-9.08165e-21
-9.07705e-21
-9.07502e-21
-9.07402e-21
-9.07202e-21
-9.0708e-21
-9.07052e-21
-9.07294e-21
-9.07264e-21
-9.07423e-21
-9.07845e-21
-9.0796e-21
-9.08068e-21
-9.08223e-21
-9.08384e-21
-9.08134e-21
-9.08558e-21
-9.08054e-21
-9.08023e-21
-9.07994e-21
-9.08085e-21
-9.07938e-21
-9.08162e-21
-9.0834e-21
-9.08471e-21
-9.08477e-21
-9.08538e-21
-9.08572e-21
-9.08468e-21
-9.03922e-21
-9.04096e-21
-9.03847e-21
-9.03822e-21
-9.03912e-21
-9.04215e-21
-9.04341e-21
-9.04335e-21
-9.04142e-21
-9.03985e-21
-9.03709e-21
-9.04076e-21
-9.03857e-21
-9.0392e-21
-9.03893e-21
-9.03777e-21
-9.03837e-21
-9.04337e-21
-9.04145e-21
-9.03853e-21
-9.04267e-21
-9.0432e-21
-9.04491e-21
-9.04344e-21
-9.04557e-21
-9.04415e-21
-9.0476e-21
-9.04952e-21
-9.05273e-21
-9.04735e-21
-9.04654e-21
-9.04733e-21
-9.04603e-21
-9.04838e-21
-9.05146e-21
-9.05446e-21
-9.05296e-21
-9.05279e-21
-9.0481e-21
-9.04697e-21
-9.04679e-21
-9.04649e-21
-9.04603e-21
-9.04161e-21
-9.03917e-21
-9.0399e-21
-9.0365e-21
-9.03664e-21
-9.03453e-21
-9.03389e-21
-9.0351e-21
-9.03635e-21
-9.03902e-21
-9.04089e-21
-9.04248e-21
-9.04275e-21
-9.04128e-21
-9.03974e-21
-9.03777e-21
-9.03767e-21
-9.04117e-21
-9.044e-21
-9.04503e-21
-9.04841e-21
-9.04593e-21
-9.0449e-21
-9.04623e-21
-9.05251e-21
-9.05285e-21
-9.05147e-21
-9.04887e-21
-9.04144e-21
-9.03966e-21
-9.03589e-21
-9.03326e-21
-9.03426e-21
-9.03536e-21
-9.03809e-21
-9.04473e-21
-9.04769e-21
-9.04694e-21
-9.04807e-21
-9.04734e-21
-9.0465e-21
-9.04519e-21
-9.04357e-21
-9.04499e-21
-9.04421e-21
-9.04186e-21
-9.0386e-21
-9.03458e-21
-9.03154e-21
-9.03602e-21
-9.03945e-21
-9.04235e-21
-9.04402e-21
-9.04857e-21
-9.04874e-21
-9.05281e-21
-9.05039e-21
-9.05161e-21
-9.05174e-21
-9.04927e-21
-9.04808e-21
-9.04607e-21
-9.04167e-21
-9.03652e-21
-9.0366e-21
-9.03413e-21
-9.03379e-21
-9.03226e-21
-9.03034e-21
-9.03064e-21
-9.03625e-21
-9.03777e-21
-9.03839e-21
-9.03808e-21
-9.03878e-21
-9.03708e-21
-9.03812e-21
-9.03774e-21
-9.03657e-21
-9.03621e-21
-9.0361e-21
-9.03722e-21
-9.03739e-21
-9.03446e-21
-9.03271e-21
-9.03531e-21
-9.03715e-21
-9.03903e-21
-9.04187e-21
-9.04307e-21
-9.04345e-21
-9.04225e-21
-9.04456e-21
-9.04408e-21
-9.04407e-21
-9.04707e-21
-9.04701e-21
-9.04961e-21
-9.04669e-21
-9.04459e-21
-9.04383e-21
-9.04491e-21
-9.04357e-21
-9.04094e-21
-9.03984e-21
-9.03727e-21
-9.03241e-21
-9.03675e-21
-9.04129e-21
-9.03952e-21
-9.03815e-21
-9.04e-21
-9.04036e-21
-9.04106e-21
-9.04314e-21
-9.04195e-21
-9.04377e-21
-9.04349e-21
-9.04072e-21
-9.04031e-21
-9.04001e-21
-9.03969e-21
-9.03656e-21
-9.03647e-21
-9.03679e-21
-9.03714e-21
-9.03824e-21
-9.03863e-21
-9.03787e-21
-9.0359e-21
-9.03797e-21
-9.04174e-21
-9.04326e-21
-9.03918e-21
-9.04177e-21
-9.0392e-21
-9.03846e-21
-9.039e-21
-9.04039e-21
-9.04005e-21
-9.03866e-21
-9.04173e-21
-9.03758e-21
-9.03748e-21
-9.03655e-21
-9.03744e-21
-9.04016e-21
-9.03995e-21
-9.039e-21
-9.03559e-21
-9.03805e-21
-9.03963e-21
-9.04221e-21
-9.04409e-21
-9.04108e-21
-9.04196e-21
-9.04271e-21
-9.04034e-21
-9.03667e-21
-9.03768e-21
-9.03853e-21
-9.03963e-21
-9.03703e-21
-9.03598e-21
-9.03742e-21
-9.03708e-21
-9.03609e-21
-9.03617e-21
-9.03699e-21
-9.03987e-21
-9.03908e-21
-9.03944e-21
-9.04236e-21
-9.04263e-21
-9.04678e-21
-9.04967e-21
-9.04904e-21
-9.0482e-21
-9.04474e-21
-9.0481e-21
-9.04834e-21
-9.05049e-21
-9.04819e-21
-9.04358e-21
-9.04514e-21
-9.04362e-21
-9.0432e-21
-9.04225e-21
-9.04085e-21
-9.04289e-21
-9.04414e-21
-9.04503e-21
-9.0443e-21
-9.04451e-21
-9.04344e-21
-9.04589e-21
-9.04534e-21
-9.04392e-21
-9.04536e-21
-9.04332e-21
-9.0401e-21
-9.04293e-21
-9.04399e-21
-9.04399e-21
-9.04614e-21
-9.04542e-21
-9.04688e-21
-9.04602e-21
-9.04596e-21
-9.04941e-21
-9.05049e-21
-9.05294e-21
-9.05407e-21
-9.05495e-21
-9.05136e-21
-9.04663e-21
-9.04362e-21
-9.04567e-21
-9.04272e-21
-9.04283e-21
-9.04274e-21
-9.04236e-21
-9.04153e-21
-9.04116e-21
-9.04214e-21
-9.04221e-21
-9.03923e-21
-9.03707e-21
-9.03808e-21
-9.03815e-21
-9.03851e-21
-9.03763e-21
-9.04138e-21
-9.04165e-21
-9.04369e-21
-9.04418e-21
-9.04404e-21
-9.04629e-21
-9.04706e-21
-9.04515e-21
-9.04384e-21
-9.04493e-21
-9.045e-21
-9.04545e-21
-9.04382e-21
-9.04921e-21
-9.04852e-21
-9.04886e-21
-9.04775e-21
-9.04444e-21
-9.04318e-21
-9.04147e-21
-9.04333e-21
-9.04364e-21
-9.04366e-21
-9.0419e-21
-9.04539e-21
-9.04342e-21
-9.03978e-21
-9.04404e-21
-9.04155e-21
-9.04645e-21
-9.04505e-21
-9.04313e-21
-9.04077e-21
-9.04192e-21
-9.03981e-21
-9.03789e-21
-9.03791e-21
-9.03777e-21
-9.03794e-21
-9.0366e-21
-9.03455e-21
-9.03641e-21
-9.03615e-21
-9.04127e-21
-9.0423e-21
-9.04059e-21
-9.04027e-21
-9.03627e-21
-9.03614e-21
-9.03745e-21
-9.03973e-21
-9.04105e-21
-9.04188e-21
-9.04408e-21
-9.04045e-21
-9.03991e-21
-9.04047e-21
-9.04206e-21
-9.04174e-21
-9.04501e-21
-9.04462e-21
-9.04259e-21
-9.04383e-21
-9.04103e-21
-9.04084e-21
-9.03695e-21
-9.03746e-21
-9.0391e-21
-9.03913e-21
-9.03803e-21
-9.03685e-21
-9.03288e-21
-9.03162e-21
-9.03428e-21
-9.0336e-21
-9.03184e-21
-9.03373e-21
-9.03945e-21
-9.0417e-21
-9.04094e-21
-9.04107e-21
-9.04021e-21
-9.04378e-21
-9.04469e-21
-9.04768e-21
-9.04573e-21
-9.0475e-21
-9.05039e-21
-9.0512e-21
-9.05043e-21
-9.04906e-21
-9.04699e-21
-9.04631e-21
-9.0454e-21
-9.04317e-21
-9.04177e-21
-9.03963e-21
-9.0347e-21
-9.03191e-21
-9.02928e-21
-9.0296e-21
-9.02767e-21
-9.02784e-21
-9.0285e-21
-9.03227e-21
-9.03203e-21
-9.03616e-21
-9.03859e-21
-9.03967e-21
-9.04197e-21
-9.04171e-21
-9.04163e-21
-9.04404e-21
-9.04378e-21
-9.04095e-21
-9.04086e-21
-9.04242e-21
-9.04287e-21
-9.04441e-21
-9.04008e-21
-9.04114e-21
-9.03898e-21
-9.04157e-21
-9.04138e-21
-9.04269e-21
-9.04658e-21
-9.04556e-21
-9.0439e-21
-9.04269e-21
-9.0436e-21
-9.0435e-21
-9.03868e-21
-9.03288e-21
-9.03419e-21
-9.03472e-21
-9.03572e-21
-9.04154e-21
-9.04019e-21
-9.04262e-21
-9.04371e-21
-9.04386e-21
-9.04193e-21
-9.04648e-21
-9.04304e-21
-9.04244e-21
-9.04338e-21
-9.0435e-21
-9.04041e-21
-9.03909e-21
-9.04218e-21
-9.04519e-21
-9.04835e-21
-9.05033e-21
-9.05303e-21
-9.05206e-21
-9.05109e-21
-9.05165e-21
-9.04679e-21
-9.04515e-21
-9.0437e-21
-9.04113e-21
-9.03878e-21
-9.03421e-21
-9.03146e-21
-9.03296e-21
-9.03439e-21
-9.03689e-21
-9.0406e-21
-9.04174e-21
-9.03997e-21
-9.03812e-21
-9.04316e-21
-9.04399e-21
-9.04613e-21
-9.04852e-21
-9.04746e-21
-9.04659e-21
-9.04565e-21
-9.04515e-21
-9.04353e-21
-9.0422e-21
-9.0406e-21
-9.0405e-21
-9.04197e-21
-9.04307e-21
-9.04429e-21
-9.04467e-21
-9.04439e-21
-9.04467e-21
-9.04611e-21
-9.04498e-21
-9.04555e-21
-9.0472e-21
-9.04717e-21
-9.04749e-21
-9.04651e-21
-9.04592e-21
-9.04585e-21
-9.04654e-21
-9.04335e-21
-9.04174e-21
-9.04213e-21
-9.04267e-21
-9.04466e-21
-9.04257e-21
-9.03955e-21
-9.03565e-21
-9.03581e-21
-9.03374e-21
-9.03391e-21
-9.03269e-21
-9.03227e-21
-9.0337e-21
-9.0363e-21
-9.03776e-21
-9.0369e-21
-9.03796e-21
-9.04045e-21
-9.04019e-21
-9.03941e-21
-9.04408e-21
-9.04239e-21
-9.04016e-21
-9.03902e-21
-9.04058e-21
-9.04328e-21
-9.0412e-21
-9.03959e-21
-9.04259e-21
-9.04637e-21
-9.04558e-21
-9.04576e-21
-9.04551e-21
-9.04184e-21
-9.04346e-21
-9.04069e-21
-9.04195e-21
-9.04426e-21
-9.03991e-21
-9.04055e-21
-9.03978e-21
-9.03664e-21
-9.04038e-21
-9.0404e-21
-9.0384e-21
-9.0366e-21
-9.03665e-21
-9.03803e-21
-9.03967e-21
-9.04318e-21
-9.04417e-21
-9.04891e-21
-9.05135e-21
-9.05407e-21
-9.0501e-21
-9.04868e-21
-9.04781e-21
-9.04918e-21
-9.05223e-21
-9.05407e-21
-9.05351e-21
-9.05374e-21
-9.05431e-21
-9.051e-21
-9.04712e-21
-9.04536e-21
-9.04784e-21
-9.0481e-21
-9.04828e-21
-9.04843e-21
-9.04006e-21
-9.04103e-21
-9.04185e-21
-9.04422e-21
-9.04701e-21
-9.04471e-21
-9.04683e-21
-9.04523e-21
-9.04616e-21
-9.04776e-21
-9.04505e-21
-9.04122e-21
-9.03703e-21
-9.03596e-21
-9.03776e-21
-9.03671e-21
-9.03288e-21
-9.03264e-21
-9.03423e-21
-9.03163e-21
-9.03173e-21
-9.03346e-21
-9.03358e-21
-9.0331e-21
-9.03788e-21
-9.04089e-21
-9.04155e-21
-9.04206e-21
-9.03818e-21
-9.03803e-21
-9.04118e-21
-9.04493e-21
-9.04597e-21
-9.04893e-21
-9.04994e-21
-9.04842e-21
-9.04344e-21
-9.04324e-21
-9.04428e-21
-9.03764e-21
-9.03691e-21
-9.03841e-21
-9.04e-21
-9.04572e-21
-9.04508e-21
-9.04477e-21
-9.04363e-21
-9.04816e-21
-9.05044e-21
-9.05049e-21
-9.0509e-21
-9.04833e-21
-9.0459e-21
-9.04791e-21
-9.04472e-21
-9.04339e-21
-9.04513e-21
-9.04421e-21
-9.04298e-21
-9.04218e-21
-9.04516e-21
-9.04117e-21
-9.04183e-21
-9.03937e-21
-9.03892e-21
-9.04194e-21
-9.04315e-21
-9.0405e-21
-9.04003e-21
-9.04078e-21
-9.03793e-21
-9.03679e-21
-9.03885e-21
-9.04027e-21
-9.04152e-21
-9.03996e-21
-9.03884e-21
-9.04201e-21
-9.04148e-21
-9.03783e-21
-9.03746e-21
-9.04245e-21
-9.04574e-21
-9.04349e-21
-9.04154e-21
-9.03983e-21
-9.04267e-21
-9.04264e-21
-9.0415e-21
-9.03999e-21
-9.04264e-21
-9.03838e-21
-9.03909e-21
-9.03883e-21
-9.04004e-21
-9.044e-21
-9.04502e-21
-9.04876e-21
-9.0481e-21
-9.04307e-21
-9.04611e-21
-9.04722e-21
-9.05035e-21
-9.04819e-21
-9.04631e-21
-9.04484e-21
-9.04702e-21
-9.0447e-21
-9.04412e-21
-9.04504e-21
-9.04464e-21
-9.04829e-21
-9.04645e-21
-9.04623e-21
-9.04497e-21
-9.04469e-21
-9.03887e-21
-9.04048e-21
-9.04275e-21
-9.04157e-21
-9.04185e-21
-9.04565e-21
-9.04479e-21
-9.04825e-21
-9.05225e-21
-9.04974e-21
-9.0481e-21
-9.04452e-21
-9.04639e-21
-9.04518e-21
-9.04531e-21
-9.04265e-21
-9.04052e-21
-9.04019e-21
-9.03856e-21
-9.03952e-21
-9.04252e-21
-9.04371e-21
-9.04183e-21
-9.04254e-21
-9.04351e-21
-9.04255e-21
-9.04345e-21
-9.03778e-21
-9.0386e-21
-9.03487e-21
-9.03798e-21
-9.03933e-21
-9.04301e-21
-9.04395e-21
-9.04357e-21
-9.04288e-21
-9.03927e-21
-9.04187e-21
-9.04208e-21
-9.04308e-21
-9.04108e-21
-9.03826e-21
-9.03637e-21
-9.0334e-21
-9.03061e-21
-9.03189e-21
-9.03143e-21
-9.03253e-21
-9.03466e-21
-9.03404e-21
-9.03701e-21
-9.04179e-21
-9.04062e-21
-9.04025e-21
-9.04104e-21
-9.04342e-21
-9.04208e-21
-9.0393e-21
-9.03793e-21
-9.0387e-21
-9.0417e-21
-9.04e-21
-9.03623e-21
-9.03567e-21
-9.03611e-21
-9.03862e-21
-9.03854e-21
-9.03996e-21
-9.04007e-21
-9.0438e-21
-9.04379e-21
-9.04683e-21
-9.05082e-21
-9.05079e-21
-9.05008e-21
-9.04672e-21
-9.04512e-21
-9.04382e-21
-9.04032e-21
-9.0423e-21
-9.03975e-21
-9.03765e-21
-9.03764e-21
-9.03376e-21
-9.0307e-21
-9.03042e-21
-9.03114e-21
-9.03005e-21
-9.02927e-21
-9.03148e-21
-9.03571e-21
-9.03835e-21
-9.03419e-21
-9.03514e-21
-9.03794e-21
-9.03701e-21
-9.03855e-21
-9.04024e-21
-9.0393e-21
-9.04329e-21
-9.04002e-21
-9.04046e-21
-9.03895e-21
-9.0405e-21
-9.03764e-21
-9.03939e-21
-9.04019e-21
-9.03936e-21
-9.03688e-21
-9.03866e-21
-9.04163e-21
-9.03726e-21
-9.03725e-21
-9.03931e-21
-9.03955e-21
-9.03896e-21
-9.0364e-21
-9.03883e-21
-9.0388e-21
-9.03704e-21
-9.0371e-21
-9.03187e-21
-9.03563e-21
-9.03779e-21
-9.04238e-21
-9.04396e-21
-9.0445e-21
-9.0478e-21
-9.04889e-21
-9.04472e-21
-9.04302e-21
-9.04038e-21
-9.03765e-21
-9.04046e-21
-9.03938e-21
-9.03942e-21
-9.03688e-21
-9.03928e-21
-9.03902e-21
-9.03655e-21
-9.03872e-21
-9.0416e-21
-9.04714e-21
-9.05248e-21
-9.05426e-21
-9.05232e-21
-9.04924e-21
-9.04766e-21
-9.04717e-21
-9.04374e-21
-9.04039e-21
-9.04112e-21
-9.03952e-21
-9.04034e-21
-9.0461e-21
-9.04493e-21
-9.0422e-21
-9.04171e-21
-9.04236e-21
-9.04461e-21
-9.04465e-21
-9.04832e-21
-9.0508e-21
-9.0526e-21
-9.05213e-21
-9.04942e-21
-9.04566e-21
-9.04473e-21
-9.04355e-21
-9.04487e-21
-9.0459e-21
-9.04491e-21
-9.04387e-21
-9.0449e-21
-9.04319e-21
-9.0388e-21
-9.0414e-21
-9.0423e-21
-9.043e-21
-9.04396e-21
-9.04091e-21
-9.04091e-21
-9.03976e-21
-9.03976e-21
-9.03726e-21
-9.03557e-21
-9.03846e-21
-9.03725e-21
-9.03931e-21
-9.03906e-21
-9.0396e-21
-9.03556e-21
-9.03614e-21
-9.03614e-21
-9.03782e-21
-9.03914e-21
-9.03959e-21
-9.04135e-21
-9.04122e-21
-9.04188e-21
-9.04064e-21
-9.03844e-21
-9.04046e-21
-9.04384e-21
-9.04199e-21
-9.04026e-21
-9.04038e-21
-9.03879e-21
-9.0363e-21
-9.03903e-21
-9.03786e-21
-9.04004e-21
-9.04085e-21
-9.03888e-21
-9.0373e-21
-9.03956e-21
-9.04119e-21
-9.03666e-21
-9.04064e-21
-9.036e-21
-9.03924e-21
-9.03418e-21
-9.03684e-21
-9.03965e-21
-9.04422e-21
-9.04721e-21
-9.0474e-21
-9.04678e-21
-9.04636e-21
-9.04138e-21
-9.04112e-21
-9.03928e-21
-9.03918e-21
-9.03871e-21
-9.0405e-21
-9.04023e-21
-9.04211e-21
-9.04132e-21
-9.04158e-21
-9.03959e-21
-9.03848e-21
-9.03929e-21
-9.04371e-21
-9.04491e-21
-9.04412e-21
-9.04146e-21
-9.04394e-21
-9.04395e-21
-9.04238e-21
-9.04601e-21
-9.04776e-21
-9.04713e-21
-9.04902e-21
-9.05086e-21
-9.05002e-21
-9.04652e-21
-9.04624e-21
-9.04321e-21
-9.0422e-21
-9.04155e-21
-9.04297e-21
-9.04401e-21
-9.04767e-21
-9.04768e-21
-9.05036e-21
-9.05157e-21
-9.05144e-21
-9.04975e-21
-9.047e-21
-9.04599e-21
-9.04421e-21
-9.04559e-21
-9.04283e-21
-9.04244e-21
-9.04339e-21
-9.04285e-21
-9.04071e-21
-9.03842e-21
-9.03967e-21
-9.03591e-21
-9.03636e-21
-9.02991e-21
-9.03178e-21
-9.03304e-21
-9.03269e-21
-9.0376e-21
-9.04111e-21
-9.04407e-21
-9.04626e-21
-9.04647e-21
-9.05007e-21
-9.04859e-21
-9.04865e-21
-9.04881e-21
-9.05072e-21
-9.04955e-21
-9.05e-21
-9.05086e-21
-9.05512e-21
-9.05461e-21
-9.05245e-21
-9.05143e-21
-9.04956e-21
-9.04335e-21
-9.0416e-21
-9.03804e-21
-9.04192e-21
-9.04209e-21
-9.03859e-21
-9.03894e-21
-9.04195e-21
-9.04409e-21
-9.04393e-21
-9.04663e-21
-9.04198e-21
-9.04463e-21
-9.04562e-21
-9.04609e-21
-9.04599e-21
-9.04731e-21
-9.04557e-21
-9.04604e-21
-9.04502e-21
-9.04217e-21
-9.03777e-21
-9.03697e-21
-9.03947e-21
-9.03945e-21
-9.04212e-21
-9.0477e-21
-9.04714e-21
-9.0476e-21
-9.04521e-21
-9.04383e-21
-9.04269e-21
-9.04262e-21
-9.03904e-21
-9.04071e-21
-9.03799e-21
-9.03725e-21
-9.03455e-21
-9.03667e-21
-9.03973e-21
-9.03778e-21
-9.03674e-21
-9.03832e-21
-9.03946e-21
-9.03971e-21
-9.04115e-21
-9.04093e-21
-9.04055e-21
-9.03996e-21
-9.04085e-21
-9.0364e-21
-9.0375e-21
-9.03943e-21
-9.04142e-21
-9.04209e-21
-9.04227e-21
-9.03771e-21
-9.03668e-21
-9.03574e-21
-9.03621e-21
-9.03553e-21
-9.03691e-21
-9.03756e-21
-9.0395e-21
-9.03989e-21
-9.04083e-21
-9.03802e-21
-9.04052e-21
-9.04336e-21
-9.04691e-21
-9.04515e-21
-9.04241e-21
-9.0437e-21
-9.04548e-21
-9.0458e-21
-9.04317e-21
-9.04511e-21
-9.04669e-21
-9.0408e-21
-9.0439e-21
-9.04517e-21
-9.04301e-21
-9.03647e-21
-9.03601e-21
-9.04136e-21
-9.04024e-21
-9.04483e-21
-9.04513e-21
-9.0479e-21
-9.04778e-21
-9.04594e-21
-9.04509e-21
-9.04629e-21
-9.04571e-21
-9.04382e-21
-9.04278e-21
-9.0384e-21
-9.03934e-21
-9.03604e-21
-9.03231e-21
-9.03138e-21
-9.03491e-21
-9.03591e-21
-9.03605e-21
-9.03318e-21
-9.03274e-21
-9.03684e-21
-9.03629e-21
-9.03893e-21
-9.04018e-21
-9.04143e-21
-9.041e-21
-9.04066e-21
-9.0391e-21
-9.03778e-21
-9.04126e-21
-9.04529e-21
-9.04058e-21
-9.04129e-21
-9.04172e-21
-9.03898e-21
-9.03678e-21
-9.03684e-21
-9.03518e-21
-9.03374e-21
-9.03391e-21
-9.03205e-21
-9.03552e-21
-9.04081e-21
-9.04274e-21
-9.0459e-21
-9.04217e-21
-9.04018e-21
-9.04115e-21
-9.04153e-21
-9.0389e-21
-9.0405e-21
-9.03946e-21
-9.04213e-21
-9.04132e-21
-9.04208e-21
-9.04462e-21
-9.0482e-21
-9.04846e-21
-9.04874e-21
-9.04812e-21
-9.04685e-21
-9.04359e-21
-9.04448e-21
-9.04536e-21
-9.04461e-21
-9.04516e-21
-9.0429e-21
-9.04076e-21
-9.04193e-21
-9.04184e-21
-9.0436e-21
-9.04219e-21
-9.04088e-21
-9.04269e-21
-9.04402e-21
-9.04453e-21
-9.04338e-21
-9.04041e-21
-9.042e-21
-9.03918e-21
-9.03712e-21
-9.03258e-21
-9.03576e-21
-9.03571e-21
-9.03925e-21
-9.04149e-21
-9.04345e-21
-9.04335e-21
-9.0403e-21
-9.03828e-21
-9.04181e-21
-9.04401e-21
-9.04172e-21
-9.03967e-21
-9.04145e-21
-9.04466e-21
-9.04689e-21
-9.04526e-21
-9.04459e-21
-9.04506e-21
-9.04154e-21
-9.04069e-21
-9.03628e-21
-9.03814e-21
-9.04052e-21
-9.0423e-21
-9.04492e-21
-9.04226e-21
-9.04114e-21
-9.04522e-21
-9.04645e-21
-9.04592e-21
-9.0432e-21
-9.04103e-21
-9.04098e-21
-9.04243e-21
-9.04315e-21
-9.04207e-21
-9.04143e-21
-9.03929e-21
-9.0406e-21
-9.04059e-21
-9.03924e-21
-9.03708e-21
-9.03623e-21
-9.0349e-21
-9.03493e-21
-9.03554e-21
-9.03787e-21
-9.0369e-21
-9.03891e-21
-9.03822e-21
-9.03854e-21
-9.04071e-21
-9.04707e-21
-9.04984e-21
-9.04512e-21
-9.04522e-21
-9.04379e-21
-9.04309e-21
-9.04221e-21
-9.04088e-21
-9.03839e-21
-9.03723e-21
-9.04075e-21
-9.04122e-21
-9.04405e-21
-9.04598e-21
-9.04559e-21
-9.04711e-21
-9.04589e-21
-9.04495e-21
-9.04406e-21
-9.04771e-21
-9.04889e-21
-9.04808e-21
-9.04566e-21
-9.04748e-21
-9.04771e-21
-9.04694e-21
-9.04151e-21
-9.03945e-21
-9.04017e-21
-9.03983e-21
-9.04217e-21
-9.04012e-21
-9.0401e-21
-9.03998e-21
-9.03548e-21
-9.03792e-21
-9.03709e-21
-9.04003e-21
-9.03871e-21
-9.04285e-21
-9.03748e-21
-9.03658e-21
-9.03644e-21
-9.03919e-21
-9.0394e-21
-9.04234e-21
-9.04361e-21
-9.04206e-21
-9.04085e-21
-9.04372e-21
-9.04215e-21
-9.04103e-21
-9.04364e-21
-9.03922e-21
-9.039e-21
-9.03919e-21
-9.04089e-21
-9.04206e-21
-9.04069e-21
-9.04329e-21
-9.04396e-21
-9.04421e-21
-9.04336e-21
-9.04392e-21
-9.04417e-21
-9.0437e-21
-9.0417e-21
-9.04436e-21
-9.04641e-21
-9.04441e-21
-9.04387e-21
-9.04396e-21
-9.04412e-21
-9.04029e-21
-9.04241e-21
-9.04213e-21
-9.04375e-21
-9.04772e-21
-9.0523e-21
-9.05091e-21
-9.04782e-21
-9.05e-21
-9.0505e-21
-9.05041e-21
-9.04166e-21
-9.04029e-21
-9.04196e-21
-9.04295e-21
-9.0401e-21
-9.03836e-21
-9.03893e-21
-9.03816e-21
-9.03546e-21
-9.03719e-21
-9.04106e-21
-9.03839e-21
-9.03679e-21
-9.03747e-21
-9.03629e-21
-9.03815e-21
-9.04196e-21
-9.04443e-21
-9.04435e-21
-9.04682e-21
-9.04619e-21
-9.04543e-21
-9.04552e-21
-9.04126e-21
-9.03878e-21
-9.03623e-21
-9.03608e-21
-9.03802e-21
-9.03846e-21
-9.03956e-21
-9.04167e-21
-9.04502e-21
-9.04546e-21
-9.04489e-21
-9.04705e-21
-9.04927e-21
-9.04902e-21
-9.0491e-21
-9.04862e-21
-9.04939e-21
-9.04579e-21
-9.04496e-21
-9.04739e-21
-9.04371e-21
-9.04473e-21
-9.04528e-21
-9.04414e-21
-9.04081e-21
-9.04031e-21
-9.03863e-21
-9.0388e-21
-9.03723e-21
-9.03615e-21
-9.0365e-21
-9.03971e-21
-9.03808e-21
-9.04224e-21
-9.04245e-21
-9.04137e-21
-9.04273e-21
-9.04326e-21
-9.043e-21
-9.04422e-21
-9.04016e-21
-9.03596e-21
-9.03405e-21
-9.03841e-21
-9.04034e-21
-9.04588e-21
-9.04909e-21
-9.04847e-21
-9.04978e-21
-9.05196e-21
-9.04974e-21
-9.0486e-21
-9.0465e-21
-9.04418e-21
-9.04075e-21
-9.04446e-21
-9.04205e-21
-9.04006e-21
-9.03799e-21
-9.03482e-21
-9.03426e-21
-9.03681e-21
-9.03858e-21
-9.041e-21
-9.04444e-21
-9.04444e-21
-9.04415e-21
-9.04677e-21
-9.04649e-21
-9.04548e-21
-9.04857e-21
-9.04872e-21
-9.0464e-21
-9.04696e-21
-9.04249e-21
-9.03968e-21
-9.04045e-21
-9.03913e-21
-9.03848e-21
-9.03999e-21
-9.04236e-21
-9.04376e-21
-9.04446e-21
-9.04262e-21
-9.04288e-21
-9.0409e-21
-9.04053e-21
-9.03934e-21
-9.03927e-21
-9.04002e-21
-9.03689e-21
-9.04115e-21
-9.04091e-21
-9.04189e-21
-9.04123e-21
-9.03931e-21
-9.04199e-21
-9.04233e-21
-9.04146e-21
-9.03994e-21
-9.0415e-21
-9.04187e-21
-9.04172e-21
-9.0397e-21
-9.04146e-21
-9.03968e-21
-9.0423e-21
-9.04298e-21
-9.0456e-21
-9.0483e-21
-9.05056e-21
-9.05036e-21
-9.05247e-21
-9.04975e-21
-9.04906e-21
-9.05057e-21
-9.04447e-21
-9.04458e-21
-9.04046e-21
-9.03864e-21
-9.04011e-21
-9.04085e-21
-9.04057e-21
-9.04181e-21
-9.04136e-21
-9.04213e-21
-9.04099e-21
-9.04103e-21
-9.04341e-21
-9.04405e-21
-9.04398e-21
-9.04341e-21
-9.04211e-21
-9.03975e-21
-9.03749e-21
-9.03545e-21
-9.03427e-21
-9.03943e-21
-9.04244e-21
-9.04276e-21
-9.04719e-21
-9.04791e-21
-9.04673e-21
-9.04553e-21
-9.04585e-21
-9.04398e-21
-9.04711e-21
-9.04532e-21
-9.04534e-21
-9.04207e-21
-9.04214e-21
-9.04288e-21
-9.04521e-21
-9.04506e-21
-9.04537e-21
-9.04974e-21
-9.04896e-21
-9.05053e-21
-9.05019e-21
-9.04743e-21
-9.04714e-21
-9.04666e-21
-9.04661e-21
-9.04429e-21
-9.04406e-21
-9.04284e-21
-9.04344e-21
-9.04383e-21
-9.04242e-21
-9.04769e-21
-9.04761e-21
-9.04732e-21
-9.04719e-21
-9.04881e-21
-9.04806e-21
-9.04674e-21
-9.04291e-21
-9.04417e-21
-9.04413e-21
-9.04867e-21
-9.04592e-21
-9.0449e-21
-9.04499e-21
-9.04232e-21
-9.04437e-21
-9.04521e-21
-9.04431e-21
-9.0454e-21
-9.04528e-21
-9.04237e-21
-9.0426e-21
-9.04388e-21
-9.03777e-21
-9.03837e-21
-9.04036e-21
-9.04362e-21
-9.0425e-21
-9.04048e-21
-9.0422e-21
-9.04073e-21
-9.03784e-21
-9.0381e-21
-9.03587e-21
-9.03565e-21
-9.04078e-21
-9.03893e-21
-9.03969e-21
-9.04188e-21
-9.03894e-21
-9.04305e-21
-9.04323e-21
-9.04457e-21
-9.04424e-21
-9.04381e-21
-9.04237e-21
-9.04016e-21
-9.04287e-21
-9.03841e-21
-9.03924e-21
-9.03938e-21
-9.04183e-21
-9.04158e-21
-9.0407e-21
-9.04088e-21
-9.0422e-21
-9.04206e-21
-9.03886e-21
-9.03574e-21
-9.03632e-21
-9.03941e-21
-9.03852e-21
-9.03959e-21
-9.03947e-21
-9.03661e-21
-9.03588e-21
-9.03778e-21
-9.03962e-21
-9.04569e-21
-9.04578e-21
-9.0442e-21
-9.04367e-21
-9.0437e-21
-9.04384e-21
-9.04096e-21
-9.04054e-21
-9.03939e-21
-9.04216e-21
-9.04327e-21
-9.04406e-21
-9.03967e-21
-9.03768e-21
-9.0389e-21
-9.03824e-21
-9.03855e-21
-9.03929e-21
-9.03592e-21
-9.03932e-21
-9.04009e-21
-9.03717e-21
-9.03017e-21
-9.031e-21
-9.03437e-21
-9.03761e-21
-9.03328e-21
-9.03382e-21
-9.03461e-21
-9.03266e-21
-9.03291e-21
-9.03484e-21
-9.03562e-21
-9.03879e-21
-9.03981e-21
-9.03688e-21
-9.03616e-21
-9.0413e-21
-9.0426e-21
-9.04177e-21
-9.04057e-21
-9.03812e-21
-9.03943e-21
-9.03717e-21
-9.03686e-21
-9.03703e-21
-9.03553e-21
-9.03866e-21
-9.03825e-21
-9.03739e-21
-9.0404e-21
-9.04039e-21
-9.04004e-21
-9.04196e-21
-9.03948e-21
-9.04686e-21
-9.04995e-21
-9.05191e-21
-9.05282e-21
-9.05124e-21
-9.05222e-21
-9.05005e-21
-9.04867e-21
-9.04501e-21
-9.04505e-21
-9.04547e-21
-9.04167e-21
-9.03974e-21
-9.04108e-21
-9.04204e-21
-9.03966e-21
-9.03955e-21
-9.04342e-21
-9.04422e-21
-9.04354e-21
-9.04405e-21
-9.04417e-21
-9.04333e-21
-9.04625e-21
-9.04267e-21
-9.04226e-21
-9.04291e-21
-9.04309e-21
-9.04123e-21
-9.04062e-21
-9.04503e-21
-9.04793e-21
-9.04649e-21
-9.04692e-21
-9.04376e-21
-9.04131e-21
-9.0418e-21
-9.04378e-21
-9.04203e-21
-9.03983e-21
-9.03989e-21
-9.03788e-21
-9.03482e-21
-9.03506e-21
-9.03388e-21
-9.03307e-21
-9.03419e-21
-9.04136e-21
-9.04254e-21
-9.04144e-21
-9.04244e-21
-9.04189e-21
-9.04352e-21
-9.04457e-21
-9.04863e-21
-9.05349e-21
-9.05108e-21
-9.04898e-21
-9.04779e-21
-9.04541e-21
-9.04186e-21
-9.04093e-21
-9.03626e-21
-9.0382e-21
-9.03245e-21
-9.03469e-21
-9.0374e-21
-9.03829e-21
-9.03817e-21
-9.03736e-21
-9.03789e-21
-9.03919e-21
-9.03702e-21
-9.03628e-21
-9.03173e-21
-9.03106e-21
-9.03062e-21
-9.03418e-21
-9.03733e-21
-9.03834e-21
-9.04241e-21
-9.04461e-21
-9.04318e-21
-9.04397e-21
-9.04224e-21
-9.04088e-21
-9.04018e-21
-9.03934e-21
-9.03477e-21
-9.03461e-21
-9.0378e-21
-9.04044e-21
-9.04011e-21
-9.04291e-21
-9.04311e-21
-9.04532e-21
-9.04576e-21
-9.04559e-21
-9.04767e-21
-9.0501e-21
-9.04722e-21
-9.04672e-21
-9.04591e-21
-9.04414e-21
-9.04175e-21
-9.03659e-21
-9.03795e-21
-9.04019e-21
-9.03763e-21
-9.03735e-21
-9.03618e-21
-9.03938e-21
-9.04399e-21
-9.04639e-21
-9.04723e-21
-9.04515e-21
-9.0486e-21
-9.04525e-21
-9.04603e-21
-9.04745e-21
-9.045e-21
-9.04153e-21
-9.03827e-21
-9.03906e-21
-9.03814e-21
-9.03779e-21
-9.03851e-21
-9.04284e-21
-9.04101e-21
-9.04583e-21
-9.04978e-21
-9.05019e-21
-9.05075e-21
-9.05337e-21
-9.05243e-21
-9.0488e-21
-9.04933e-21
-9.04869e-21
-9.04698e-21
-9.04328e-21
-9.04152e-21
-9.04082e-21
-9.03969e-21
-9.03876e-21
-9.03656e-21
-9.0343e-21
-9.03636e-21
-9.03585e-21
-9.0413e-21
-9.04183e-21
-9.0415e-21
-9.04329e-21
-9.04269e-21
-9.04276e-21
-9.04501e-21
-9.04514e-21
-9.04584e-21
-9.04823e-21
-9.04707e-21
-9.04571e-21
-9.04169e-21
-9.04165e-21
-9.04146e-21
-9.03959e-21
-9.03657e-21
-9.03438e-21
-9.03714e-21
-9.0383e-21
-9.03895e-21
-9.03759e-21
-9.04285e-21
-9.04611e-21
-9.04718e-21
-9.0458e-21
-9.04764e-21
-9.04457e-21
-9.04142e-21
-9.03838e-21
-9.03781e-21
-9.03729e-21
-9.04025e-21
-9.04095e-21
-9.03896e-21
-9.04024e-21
-9.04204e-21
-9.04214e-21
-9.04357e-21
-9.04554e-21
-9.04618e-21
-9.04262e-21
-9.04606e-21
-9.05066e-21
-9.0507e-21
-9.05121e-21
-9.0475e-21
-9.04338e-21
-9.04258e-21
-9.04234e-21
-9.0427e-21
-9.04376e-21
-9.04447e-21
-9.04427e-21
-9.04461e-21
-9.04586e-21
-9.04739e-21
-9.04545e-21
-9.04705e-21
-9.04798e-21
-9.0456e-21
-9.04263e-21
-9.04131e-21
-9.04072e-21
-9.03888e-21
-9.03538e-21
-9.03837e-21
-9.03545e-21
-9.03978e-21
-9.03855e-21
-9.0399e-21
-9.04092e-21
-9.03962e-21
-9.04167e-21
-9.03884e-21
-9.03682e-21
-9.0369e-21
-9.03649e-21
-9.03598e-21
-9.03777e-21
-9.03619e-21
-9.0402e-21
-9.04126e-21
-9.04545e-21
-9.04381e-21
-9.04881e-21
-9.04705e-21
-9.04324e-21
-9.0426e-21
-9.04069e-21
-9.04327e-21
-9.04281e-21
-9.04047e-21
-9.03907e-21
-9.03775e-21
-9.03615e-21
-9.03485e-21
-9.03546e-21
-9.03414e-21
-9.03295e-21
-9.03716e-21
-9.03808e-21
-9.04153e-21
-9.04375e-21
-9.04432e-21
-9.04925e-21
-9.04627e-21
-9.04655e-21
-9.04561e-21
-9.04441e-21
-9.04458e-21
-9.04628e-21
-9.04806e-21
-9.0447e-21
-9.04489e-21
-9.05029e-21
-9.05065e-21
-9.05324e-21
-9.05135e-21
-9.05328e-21
-9.05139e-21
-9.05213e-21
-9.05031e-21
-9.04567e-21
-9.04328e-21
-9.03958e-21
-9.04116e-21
-9.04323e-21
-9.0426e-21
-9.0397e-21
-9.03754e-21
-9.04012e-21
-9.04129e-21
-9.04198e-21
-9.03903e-21
-9.03427e-21
-9.03058e-21
-9.02975e-21
-9.03292e-21
-9.03473e-21
-9.03838e-21
-9.0417e-21
-9.04142e-21
-9.04499e-21
-9.04638e-21
-9.04708e-21
-9.04798e-21
-9.04681e-21
-9.04511e-21
-9.04025e-21
-9.0415e-21
-9.04049e-21
-9.04065e-21
-9.04108e-21
-9.04198e-21
-9.04346e-21
-9.04508e-21
-9.04676e-21
-9.0451e-21
-9.04954e-21
-9.04806e-21
-9.05228e-21
-9.05019e-21
-9.05012e-21
-9.04874e-21
-9.04605e-21
-9.04339e-21
-9.04053e-21
-9.03884e-21
-9.03587e-21
-9.036e-21
-9.03928e-21
-9.04083e-21
-9.04015e-21
-9.04047e-21
-9.04072e-21
-9.0407e-21
-9.04489e-21
-9.04481e-21
-9.04606e-21
-9.04537e-21
-9.04078e-21
-9.04073e-21
-9.03871e-21
-9.03569e-21
-9.03831e-21
-9.03841e-21
-9.03566e-21
-9.03661e-21
-9.04043e-21
-9.04165e-21
-9.04248e-21
-9.04092e-21
-9.04253e-21
-9.04432e-21
-9.04641e-21
-9.04665e-21
-9.04926e-21
-9.04659e-21
-9.04448e-21
-9.04399e-21
-9.04184e-21
-9.03689e-21
-9.03768e-21
-9.0378e-21
-9.03406e-21
-9.03776e-21
-9.03867e-21
-9.03882e-21
-9.0408e-21
-9.04354e-21
-9.04292e-21
-9.043e-21
-9.04089e-21
-9.03843e-21
-9.03503e-21
-9.03744e-21
-9.0426e-21
-9.04224e-21
-9.04322e-21
-9.04333e-21
-9.04302e-21
-9.04108e-21
-9.03967e-21
-9.03631e-21
-9.034e-21
-9.03408e-21
-9.03888e-21
-9.04038e-21
-9.04057e-21
-9.03875e-21
-9.03899e-21
-9.04226e-21
-9.04212e-21
-9.04398e-21
-9.04407e-21
-9.03969e-21
-9.03728e-21
-9.03381e-21
-9.03669e-21
-9.03764e-21
-9.0377e-21
-9.03699e-21
-9.03826e-21
-9.03802e-21
-9.04164e-21
-9.04281e-21
-9.04385e-21
-9.04112e-21
-9.03953e-21
-9.0401e-21
-9.04215e-21
-9.04291e-21
-9.0456e-21
-9.0439e-21
-9.04602e-21
-9.04341e-21
-9.04407e-21
-9.04365e-21
-9.04371e-21
-9.04051e-21
-9.03634e-21
-9.03506e-21
-9.03457e-21
-9.03544e-21
-9.03439e-21
-9.03521e-21
-9.04053e-21
-9.04274e-21
