-1.29856e-20
-1.2916e-20
-1.2791e-20
-1.26249e-20
-1.24406e-20
-1.22368e-20
-1.20268e-20
-1.18242e-20
-1.16408e-20
-1.1491e-20
-1.13901e-20
-1.13415e-20
-1.13387e-20
-1.13755e-20
-1.14422e-20
-1.15245e-20
-1.16105e-20
-1.16863e-20
-1.17492e-20
-1.17984e-20
-1.18311e-20
-1.18412e-20
-1.18383e-20
-1.18245e-20
-1.18083e-20
-1.17905e-20
-1.17766e-20
-1.17766e-20
-1.17803e-20
-1.18004e-20
-1.18309e-20
-1.18653e-20
-1.19036e-20
-1.19439e-20
-1.1984e-20
-1.20191e-20
-1.20497e-20
-1.20796e-20
-1.20984e-20
-1.21103e-20
-1.21205e-20
-1.21252e-20
-1.21229e-20
-1.21097e-20
-1.20897e-20
-1.20672e-20
-1.20339e-20
-1.19991e-20
-1.19579e-20
-1.19196e-20
-1.18809e-20
-1.18445e-20
-1.18171e-20
-1.17949e-20
-1.17842e-20
-1.17846e-20
-1.17951e-20
-1.18098e-20
-1.18306e-20
-1.18558e-20
-1.18777e-20
-1.1898e-20
-1.19162e-20
-1.1932e-20
-1.19443e-20
-1.19479e-20
-1.1951e-20
-1.1951e-20
-1.19456e-20
-1.19405e-20
-1.19334e-20
-1.19256e-20
-1.19227e-20
-1.19267e-20
-1.19304e-20
-1.19366e-20
-1.19444e-20
-1.19573e-20
-1.19718e-20
-1.1983e-20
-1.19939e-20
-1.20053e-20
-1.20139e-20
-1.2019e-20
-1.20182e-20
-1.20126e-20
-1.20071e-20
-1.19968e-20
-1.19847e-20
-1.19707e-20
-1.1961e-20
-1.19503e-20
-1.19331e-20
-1.19224e-20
-1.19115e-20
-1.18934e-20
-1.18758e-20
-1.18519e-20
-1.18319e-20
-1.1812e-20
-1.17917e-20
-1.17749e-20
-1.17666e-20
-1.17642e-20
-1.17684e-20
-1.17824e-20
-1.18005e-20
-1.18206e-20
-1.18475e-20
-1.18736e-20
-1.19009e-20
-1.19337e-20
-1.19691e-20
-1.19987e-20
-1.20295e-20
-1.20589e-20
-1.20822e-20
-1.20967e-20
-1.20997e-20
-1.20984e-20
-1.20888e-20
-1.20709e-20
-1.2048e-20
-1.20225e-20
-1.19934e-20
-1.19657e-20
-1.19398e-20
-1.19193e-20
-1.1901e-20
-1.1883e-20
-1.18764e-20
-1.18726e-20
-1.18735e-20
-1.18748e-20
-1.18762e-20
-1.18802e-20
-1.18812e-20
-1.18781e-20
-1.18745e-20
-1.18718e-20
-1.18708e-20
-1.18729e-20
-1.18737e-20
-1.18687e-20
-1.18725e-20
-1.1877e-20
-1.18844e-20
-1.18946e-20
-1.1904e-20
-1.19163e-20
-1.19224e-20
-1.19251e-20
-1.19176e-20
-1.19086e-20
-1.18987e-20
-1.18823e-20
-1.18631e-20
-1.18514e-20
-1.18371e-20
-1.18313e-20
-1.18317e-20
-1.18384e-20
-1.18499e-20
-1.18772e-20
-1.19068e-20
-1.19373e-20
-1.19776e-20
-1.20099e-20
-1.20411e-20
-1.20734e-20
-1.20934e-20
-1.21066e-20
-1.21077e-20
-1.20981e-20
-1.20803e-20
-1.20576e-20
-1.20325e-20
-1.20057e-20
-1.19735e-20
-1.19433e-20
-1.19164e-20
-1.18906e-20
-1.18682e-20
-1.18506e-20
-1.18402e-20
-1.18314e-20
-1.18281e-20
-1.18265e-20
-1.18273e-20
-1.18312e-20
-1.1834e-20
-1.18338e-20
-1.18339e-20
-1.18296e-20
-1.18202e-20
-1.18169e-20
-1.1811e-20
-1.18106e-20
-1.18161e-20
-1.18314e-20
-1.18549e-20
-1.18907e-20
-1.19326e-20
-1.19783e-20
-1.20237e-20
-1.20683e-20
-1.21047e-20
-1.21413e-20
-1.21659e-20
-1.21807e-20
-1.21838e-20
-1.21789e-20
-1.21637e-20
-1.21414e-20
-1.21089e-20
-1.20733e-20
-1.20333e-20
-1.19855e-20
-1.19371e-20
-1.18886e-20
-1.18445e-20
-1.18073e-20
-1.17706e-20
-1.17423e-20
-1.1722e-20
-1.17105e-20
-1.17036e-20
-1.1709e-20
-1.1723e-20
-1.17447e-20
-1.17722e-20
-1.18008e-20
-1.18333e-20
-1.18675e-20
-1.19028e-20
-1.19354e-20
-1.19663e-20
-1.19933e-20
-1.20129e-20
-1.20255e-20
-1.20325e-20
-1.20341e-20
-1.20238e-20
-1.20089e-20
-1.19888e-20
-1.19681e-20
-1.19425e-20
-1.19212e-20
-1.19029e-20
-1.1887e-20
-1.18458e-20
-1.17446e-20
-1.16028e-20
-1.14163e-20
-1.1201e-20
-1.09795e-20
-1.07728e-20
-1.05955e-20
-1.04717e-20
-1.04e-20
-1.03767e-20
-1.04026e-20
-1.04628e-20
-1.05459e-20
-1.06382e-20
-1.0724e-20
-1.07964e-20
-1.08409e-20
-1.08549e-20
-1.08449e-20
-1.08258e-20
-1.0799e-20
-1.0781e-20
-1.07731e-20
-1.07805e-20
-1.07994e-20
-1.08349e-20
-1.08831e-20
-1.09352e-20
-1.09824e-20
-1.103e-20
-1.10658e-20
-1.10907e-20
-1.10981e-20
-1.10844e-20
-1.10454e-20
-1.09758e-20
-1.08893e-20
-1.07984e-20
-1.07251e-20
-1.06863e-20
-1.06784e-20
-1.07015e-20
-1.07438e-20
-1.08063e-20
-1.08697e-20
-1.09294e-20
-1.09815e-20
-1.10105e-20
-1.10114e-20
-1.09963e-20
-1.09559e-20
-1.09006e-20
-1.08408e-20
-1.07886e-20
-1.0754e-20
-1.07409e-20
-1.07361e-20
-1.07419e-20
-1.07484e-20
-1.07581e-20
-1.0758e-20
-1.07574e-20
-1.07598e-20
-1.07664e-20
-1.07777e-20
-1.07921e-20
-1.08192e-20
-1.08537e-20
-1.08889e-20
-1.09233e-20
-1.09476e-20
-1.09585e-20
-1.09528e-20
-1.09385e-20
-1.09189e-20
-1.08927e-20
-1.08742e-20
-1.08633e-20
-1.08617e-20
-1.08599e-20
-1.08661e-20
-1.0881e-20
-1.08926e-20
-1.09022e-20
-1.09083e-20
-1.09043e-20
-1.0884e-20
-1.08584e-20
-1.083e-20
-1.08112e-20
-1.08001e-20
-1.08016e-20
-1.08109e-20
-1.08328e-20
-1.08553e-20
-1.08765e-20
-1.08878e-20
-1.08863e-20
-1.08774e-20
-1.08567e-20
-1.08336e-20
-1.08095e-20
-1.07927e-20
-1.07905e-20
-1.07945e-20
-1.08153e-20
-1.08369e-20
-1.08595e-20
-1.08839e-20
-1.09007e-20
-1.09101e-20
-1.0907e-20
-1.08954e-20
-1.08762e-20
-1.08415e-20
-1.08067e-20
-1.07701e-20
-1.07439e-20
-1.07359e-20
-1.07442e-20
-1.07623e-20
-1.07855e-20
-1.08132e-20
-1.08329e-20
-1.0849e-20
-1.08644e-20
-1.08794e-20
-1.08999e-20
-1.0923e-20
-1.09557e-20
-1.09845e-20
-1.10088e-20
-1.10269e-20
-1.10341e-20
-1.10273e-20
-1.10146e-20
-1.09938e-20
-1.09681e-20
-1.09477e-20
-1.09334e-20
-1.09274e-20
-1.09289e-20
-1.09376e-20
-1.09484e-20
-1.09532e-20
-1.09498e-20
-1.09322e-20
-1.08994e-20
-1.08555e-20
-1.07996e-20
-1.07347e-20
-1.06722e-20
-1.06067e-20
-1.05549e-20
-1.05229e-20
-1.0512e-20
-1.05267e-20
-1.05617e-20
-1.06174e-20
-1.06889e-20
-1.07682e-20
-1.08457e-20
-1.09194e-20
-1.0988e-20
-1.1044e-20
-1.10867e-20
-1.11126e-20
-1.11151e-20
-1.11042e-20
-1.1078e-20
-1.10409e-20
-1.10007e-20
-1.0958e-20
-1.09145e-20
-1.08771e-20
-1.0853e-20
-1.08399e-20
-1.08362e-20
-1.08367e-20
-1.08486e-20
-1.08681e-20
-1.08841e-20
-1.0893e-20
-1.08966e-20
-1.08923e-20
-1.08783e-20
-1.08545e-20
-1.08258e-20
-1.07935e-20
-1.07625e-20
-1.07367e-20
-1.07154e-20
-1.07007e-20
-1.06987e-20
-1.07097e-20
-1.07356e-20
-1.07767e-20
-1.08299e-20
-1.08941e-20
-1.09566e-20
-1.10134e-20
-1.10526e-20
-1.10721e-20
-1.10737e-20
-1.10594e-20
-1.10367e-20
-1.10111e-20
-1.09822e-20
-1.09668e-20
-1.09554e-20
-1.0954e-20
-1.09617e-20
-1.09728e-20
-1.0985e-20
-1.09968e-20
-1.09973e-20
-1.09863e-20
-1.09621e-20
-1.09272e-20
-1.08809e-20
-1.083e-20
-1.07787e-20
-1.07362e-20
-1.07052e-20
-1.06953e-20
-1.07024e-20
-1.07243e-20
-1.0755e-20
-1.07813e-20
-1.08071e-20
-1.08259e-20
-1.08333e-20
-1.08348e-20
-1.08336e-20
-1.08335e-20
-1.08322e-20
-1.08321e-20
-1.08314e-20
-1.08251e-20
-1.08192e-20
-1.0826e-20
-1.08394e-20
-1.08607e-20
-1.08861e-20
-1.09149e-20
-1.09392e-20
-1.09569e-20
-1.09677e-20
-1.09759e-20
-1.09816e-20
-1.09879e-20
-1.09994e-20
-1.10074e-20
-1.10106e-20
-1.10202e-20
-1.10272e-20
-1.10382e-20
-1.10441e-20
-1.10593e-20
-1.10837e-20
-1.11143e-20
-1.11488e-20
-1.11773e-20
-1.12023e-20
-1.12256e-20
-1.12346e-20
-1.12323e-20
-1.12184e-20
-1.11977e-20
-1.11795e-20
-1.11634e-20
-1.11489e-20
-1.11357e-20
-1.11195e-20
-1.11052e-20
-1.10968e-20
-1.10939e-20
-1.10966e-20
-1.11063e-20
-1.11209e-20
-1.11321e-20
-1.11443e-20
-1.11487e-20
-1.1146e-20
-1.11363e-20
-1.11134e-20
-1.10834e-20
-1.10407e-20
-1.09986e-20
-1.09537e-20
-1.09148e-20
-1.08871e-20
-1.08808e-20
-1.08883e-20
-1.09091e-20
-1.09412e-20
-1.09772e-20
-1.10114e-20
-1.10381e-20
-1.10606e-20
-1.10728e-20
-1.10808e-20
-1.10828e-20
-1.10727e-20
-1.10608e-20
-1.10432e-20
-1.10212e-20
-1.09974e-20
-1.09766e-20
-1.0958e-20
-1.09501e-20
-1.09418e-20
-1.09408e-20
-1.09466e-20
-1.09548e-20
-1.09654e-20
-1.09705e-20
-1.09786e-20
-1.09825e-20
-1.0986e-20
-1.09908e-20
-1.09985e-20
-1.10115e-20
-1.1025e-20
-1.10383e-20
-1.105e-20
-1.10619e-20
-1.10687e-20
-1.10748e-20
-1.10811e-20
-1.10914e-20
-1.10989e-20
-1.11163e-20
-1.11271e-20
-1.11394e-20
-1.11436e-20
-1.11503e-20
-1.11592e-20
-1.11645e-20
-1.11685e-20
-1.11629e-20
-1.11602e-20
-1.115e-20
-1.11419e-20
-1.11335e-20
-1.11251e-20
-1.1115e-20
-1.10993e-20
-1.10829e-20
-1.10601e-20
-1.10278e-20
-1.09888e-20
-1.09488e-20
-1.09135e-20
-1.08752e-20
-1.08461e-20
-1.08294e-20
-1.08252e-20
-1.08344e-20
-1.08615e-20
-1.08995e-20
-1.09548e-20
-1.10096e-20
-1.10604e-20
-1.11084e-20
-1.11476e-20
-1.11762e-20
-1.11999e-20
-1.12118e-20
-1.12153e-20
-1.12071e-20
-1.11935e-20
-1.11762e-20
-1.11561e-20
-1.11342e-20
-1.11097e-20
-1.10874e-20
-1.10603e-20
-1.10319e-20
-1.10065e-20
-1.0987e-20
-1.09729e-20
-1.09657e-20
-1.09617e-20
-1.09667e-20
-1.09742e-20
-1.09891e-20
-1.10024e-20
-1.10165e-20
-1.10349e-20
-1.10493e-20
-1.10589e-20
-1.1062e-20
-1.10585e-20
-1.10529e-20
-1.10425e-20
-1.10221e-20
-1.10006e-20
-1.09772e-20
-1.09583e-20
-1.09467e-20
-1.09482e-20
-1.09624e-20
-1.0985e-20
-1.10165e-20
-1.10482e-20
-1.10772e-20
-1.11005e-20
-1.11244e-20
-1.11374e-20
-1.11413e-20
-1.1135e-20
-1.11211e-20
-1.10983e-20
-1.10683e-20
-1.10345e-20
-1.10014e-20
-1.09718e-20
-1.095e-20
-1.09385e-20
-1.09386e-20
-1.0947e-20
-1.09653e-20
-1.09824e-20
-1.09942e-20
-1.10056e-20
-1.1007e-20
-1.10103e-20
-1.10124e-20
-1.10181e-20
-1.1029e-20
-1.1037e-20
-1.10467e-20
-1.10537e-20
-1.10625e-20
-1.10663e-20
-1.10702e-20
-1.1066e-20
-1.10655e-20
-1.10707e-20
-1.10756e-20
-1.10812e-20
-1.10875e-20
-1.10984e-20
-1.1107e-20
-1.11121e-20
-1.11158e-20
-1.1111e-20
-1.10979e-20
-1.10833e-20
-1.10584e-20
-1.10267e-20
-1.09939e-20
-1.09625e-20
-1.09397e-20
-1.09243e-20
-1.09156e-20
-1.09169e-20
-1.09238e-20
-1.094e-20
-1.09594e-20
-1.09834e-20
-1.10118e-20
-1.10366e-20
-1.10539e-20
-1.10678e-20
-1.10765e-20
-1.10773e-20
-1.10793e-20
-1.10764e-20
-1.1068e-20
-1.10552e-20
-1.10415e-20
-1.10243e-20
-1.10016e-20
-1.09768e-20
-1.09531e-20
-1.09372e-20
-1.0929e-20
-1.09374e-20
-1.09643e-20
-1.1002e-20
-1.10484e-20
-1.1098e-20
-1.11447e-20
-1.11802e-20
-1.12124e-20
-1.12233e-20
-1.12256e-20
-1.1214e-20
-1.11905e-20
-1.11535e-20
-1.11129e-20
-1.10701e-20
-1.10314e-20
-1.10011e-20
-1.0983e-20
-1.09751e-20
-1.09731e-20
-1.09706e-20
-1.09772e-20
-1.09811e-20
-1.09896e-20
-1.10025e-20
-1.10213e-20
-1.10412e-20
-1.10605e-20
-1.10761e-20
-1.1088e-20
-1.1093e-20
-1.10983e-20
-1.10916e-20
-1.10826e-20
-1.1069e-20
-1.10527e-20
-1.10379e-20
-1.10288e-20
-1.10147e-20
-1.10023e-20
-1.10002e-20
-1.0999e-20
-1.10047e-20
-1.1014e-20
-1.10331e-20
-1.10526e-20
-1.10766e-20
-1.10939e-20
-1.11032e-20
-1.10929e-20
-1.10772e-20
-1.10573e-20
-1.10353e-20
-1.10222e-20
-1.10183e-20
-1.10234e-20
-1.10317e-20
-1.10465e-20
-1.10594e-20
-1.10763e-20
-1.10929e-20
-1.11071e-20
-1.11175e-20
-1.11183e-20
-1.11137e-20
-1.11036e-20
-1.10811e-20
-1.10563e-20
-1.10273e-20
-1.10019e-20
-1.0984e-20
-1.09732e-20
-1.09702e-20
-1.09705e-20
-1.09717e-20
-1.09703e-20
-1.09639e-20
-1.09529e-20
-1.09372e-20
-1.09209e-20
-1.09087e-20
-1.09006e-20
-1.08992e-20
-1.09115e-20
-1.09307e-20
-1.09634e-20
-1.10083e-20
-1.10642e-20
-1.11156e-20
-1.11603e-20
-1.11922e-20
-1.12013e-20
-1.1194e-20
-1.11619e-20
-1.11118e-20
-1.10538e-20
-1.09951e-20
-1.09488e-20
-1.09266e-20
-1.09252e-20
-1.09424e-20
-1.09772e-20
-1.10179e-20
-1.10587e-20
-1.10937e-20
-1.11192e-20
-1.11359e-20
-1.11375e-20
-1.11244e-20
-1.10984e-20
-1.10617e-20
-1.10199e-20
-1.09844e-20
-1.09525e-20
-1.09299e-20
-1.0921e-20
-1.09327e-20
-1.09586e-20
-1.10045e-20
-1.10553e-20
-1.11147e-20
-1.1172e-20
-1.12204e-20
-1.12597e-20
-1.12852e-20
-1.12924e-20
-1.12805e-20
-1.12539e-20
-1.12044e-20
-1.11397e-20
-1.10637e-20
-1.09881e-20
-1.09278e-20
-1.08949e-20
-1.0881e-20
-1.08828e-20
-1.08909e-20
-1.08991e-20
-1.08998e-20
-1.0897e-20
-1.0888e-20
-1.08756e-20
-1.08643e-20
-1.08562e-20
-1.08545e-20
-1.08582e-20
-1.08663e-20
-1.08844e-20
-1.09166e-20
-1.09572e-20
-1.10034e-20
-1.10503e-20
-1.1089e-20
-1.11159e-20
-1.11288e-20
-1.11343e-20
-1.11299e-20
-1.11234e-20
-1.11213e-20
-1.11203e-20
-1.11267e-20
-1.11315e-20
-1.1139e-20
-1.11472e-20
-1.11535e-20
-1.11509e-20
-1.11379e-20
-1.11157e-20
-1.10814e-20
-1.10368e-20
-1.09984e-20
-1.0964e-20
-1.09343e-20
-1.09217e-20
-1.09311e-20
-1.0956e-20
-1.09924e-20
-1.10335e-20
-1.10678e-20
-1.10974e-20
-1.11162e-20
-1.11252e-20
-1.11314e-20
-1.11342e-20
-1.11339e-20
-1.11271e-20
-1.11181e-20
-1.11025e-20
-1.10795e-20
-1.10508e-20
-1.10178e-20
-1.09843e-20
-1.09547e-20
-1.09376e-20
-1.09327e-20
-1.09362e-20
-1.09428e-20
-1.09623e-20
-1.09795e-20
-1.09983e-20
-1.10148e-20
-1.10257e-20
-1.10267e-20
-1.10178e-20
-1.10055e-20
-1.09804e-20
-1.09567e-20
-1.09324e-20
-1.09123e-20
-1.08985e-20
-1.08888e-20
-1.08884e-20
-1.08988e-20
-1.09294e-20
-1.09716e-20
-1.10226e-20
-1.10741e-20
-1.11152e-20
-1.11494e-20
-1.11701e-20
-1.11739e-20
-1.11648e-20
-1.11522e-20
-1.11352e-20
-1.11175e-20
-1.10968e-20
-1.10782e-20
-1.10616e-20
-1.10406e-20
-1.1015e-20
-1.09858e-20
-1.09535e-20
-1.09225e-20
-1.08926e-20
-1.08749e-20
-1.08763e-20
-1.0894e-20
-1.09329e-20
-1.09821e-20
-1.10314e-20
-1.10759e-20
-1.1107e-20
-1.11308e-20
-1.1137e-20
-1.11328e-20
-1.11151e-20
-1.10899e-20
-1.10691e-20
-1.10454e-20
-1.1024e-20
-1.10031e-20
-1.09834e-20
-1.09701e-20
-1.09616e-20
-1.09609e-20
-1.09674e-20
-1.09832e-20
-1.10043e-20
-1.10333e-20
-1.10609e-20
-1.1086e-20
-1.11088e-20
-1.11197e-20
-1.11192e-20
-1.11144e-20
-1.11001e-20
-1.10818e-20
-1.10681e-20
-1.10589e-20
-1.1061e-20
-1.10694e-20
-1.10848e-20
-1.11074e-20
-1.11288e-20
-1.11506e-20
-1.11677e-20
-1.11786e-20
-1.11768e-20
-1.11644e-20
-1.11443e-20
-1.11215e-20
-1.1089e-20
-1.10587e-20
-1.10308e-20
-1.10084e-20
-1.09929e-20
-1.09856e-20
-1.09855e-20
-1.09873e-20
-1.09851e-20
-1.09794e-20
-1.09709e-20
-1.0956e-20
-1.0938e-20
-1.09187e-20
-1.09075e-20
-1.08994e-20
-1.09021e-20
-1.09133e-20
-1.09338e-20
-1.09648e-20
-1.09991e-20
-1.10305e-20
-1.10573e-20
-1.10773e-20
-1.10855e-20
-1.10857e-20
-1.10802e-20
-1.10843e-20
-1.10899e-20
-1.11057e-20
-1.11275e-20
-1.11495e-20
-1.11695e-20
-1.11797e-20
-1.11808e-20
-1.11667e-20
-1.11404e-20
-1.11034e-20
-1.10667e-20
-1.10238e-20
-1.09831e-20
-1.09587e-20
-1.09393e-20
-1.09397e-20
-1.09436e-20
-1.0952e-20
-1.096e-20
-1.09682e-20
-1.09681e-20
-1.0964e-20
-1.09601e-20
-1.0958e-20
-1.09618e-20
-1.09717e-20
-1.09884e-20
-1.10138e-20
-1.10372e-20
-1.10609e-20
-1.1071e-20
-1.10667e-20
-1.10532e-20
-1.10301e-20
-1.10114e-20
-1.10003e-20
-1.09977e-20
-1.09992e-20
-1.10002e-20
-1.09988e-20
-1.09868e-20
-1.09755e-20
-1.09677e-20
-1.0969e-20
-1.09802e-20
-1.10074e-20
-1.10404e-20
-1.1076e-20
-1.11136e-20
-1.1142e-20
-1.1166e-20
-1.11793e-20
-1.11906e-20
-1.11978e-20
-1.11984e-20
-1.11926e-20
-1.11807e-20
-1.11591e-20
-1.11327e-20
-1.11035e-20
-1.10671e-20
-1.10306e-20
-1.10037e-20
-1.09896e-20
-1.09799e-20
-1.0972e-20
-1.09672e-20
-1.0963e-20
-1.09659e-20
-1.09698e-20
-1.09794e-20
-1.09865e-20
-1.0999e-20
-1.10145e-20
-1.10304e-20
-1.10476e-20
-1.1067e-20
-1.10874e-20
-1.11089e-20
-1.11278e-20
-1.11405e-20
-1.11466e-20
-1.11425e-20
-1.11243e-20
-1.10964e-20
-1.10574e-20
-1.10123e-20
-1.09594e-20
-1.09075e-20
-1.08601e-20
-1.08244e-20
-1.07969e-20
-1.07881e-20
-1.07918e-20
-1.08065e-20
-1.08315e-20
-1.08591e-20
-1.08878e-20
-1.09172e-20
-1.09412e-20
-1.09604e-20
-1.09812e-20
-1.10031e-20
-1.10231e-20
-1.10434e-20
-1.10573e-20
-1.10764e-20
-1.10922e-20
-1.11122e-20
-1.11281e-20
-1.11431e-20
-1.11573e-20
-1.11621e-20
-1.1161e-20
-1.11541e-20
-1.11423e-20
-1.11228e-20
-1.10927e-20
-1.10567e-20
-1.10241e-20
-1.09889e-20
-1.0956e-20
-1.09352e-20
-1.09189e-20
-1.092e-20
-1.09324e-20
-1.0953e-20
-1.09762e-20
-1.10059e-20
-1.10225e-20
-1.10324e-20
-1.10319e-20
-1.10194e-20
-1.09965e-20
-1.09745e-20
-1.09628e-20
-1.09627e-20
-1.09777e-20
-1.10069e-20
-1.10496e-20
-1.10976e-20
-1.11496e-20
-1.12014e-20
-1.124e-20
-1.12682e-20
-1.12784e-20
-1.12671e-20
-1.12365e-20
-1.11874e-20
-1.11299e-20
-1.1075e-20
-1.10292e-20
-1.10017e-20
-1.0994e-20
-1.09952e-20
-1.09956e-20
-1.09934e-20
-1.09975e-20
-1.10023e-20
-1.10183e-20
-1.10443e-20
-1.10714e-20
-1.10948e-20
-1.11063e-20
-1.11025e-20
-1.10838e-20
-1.10581e-20
-1.10334e-20
-1.1018e-20
-1.10141e-20
-1.10176e-20
-1.10249e-20
-1.10313e-20
-1.10348e-20
-1.10362e-20
-1.10364e-20
-1.1033e-20
-1.10312e-20
-1.10308e-20
-1.1029e-20
-1.10264e-20
-1.10193e-20
-1.10074e-20
-1.099e-20
-1.0968e-20
-1.094e-20
-1.09163e-20
-1.09019e-20
-1.08977e-20
-1.09053e-20
-1.09166e-20
-1.09311e-20
-1.09451e-20
-1.09605e-20
-1.09693e-20
-1.09762e-20
-1.09789e-20
-1.09821e-20
-1.09895e-20
-1.10022e-20
-1.10181e-20
-1.10348e-20
-1.10546e-20
-1.10747e-20
-1.10898e-20
-1.11018e-20
-1.11172e-20
-1.1125e-20
-1.11315e-20
-1.11383e-20
-1.11471e-20
-1.11568e-20
-1.11622e-20
-1.11686e-20
-1.11786e-20
-1.1186e-20
-1.11822e-20
-1.1171e-20
-1.11508e-20
-1.11206e-20
-1.10932e-20
-1.10637e-20
-1.10441e-20
-1.10329e-20
-1.10212e-20
-1.10176e-20
-1.1012e-20
-1.10006e-20
-1.09909e-20
-1.09721e-20
-1.09466e-20
-1.09182e-20
-1.08908e-20
-1.08664e-20
-1.08466e-20
-1.08356e-20
-1.08312e-20
-1.08406e-20
-1.0857e-20
-1.08808e-20
-1.09024e-20
-1.0929e-20
-1.0958e-20
-1.09918e-20
-1.10306e-20
-1.10715e-20
-1.11111e-20
-1.11501e-20
-1.11852e-20
-1.12108e-20
-1.12294e-20
-1.12434e-20
-1.12545e-20
-1.12556e-20
-1.12482e-20
-1.12317e-20
-1.11976e-20
-1.1165e-20
-1.11275e-20
-1.10912e-20
-1.10596e-20
-1.10307e-20
-1.10162e-20
-1.10087e-20
-1.10139e-20
-1.10276e-20
-1.10397e-20
-1.10477e-20
-1.10473e-20
-1.10396e-20
-1.10248e-20
-1.09999e-20
-1.09691e-20
-1.09429e-20
-1.09227e-20
-1.09039e-20
-1.08942e-20
-1.08926e-20
-1.08959e-20
-1.0905e-20
-1.09248e-20
-1.0947e-20
-1.09691e-20
-1.09918e-20
-1.10093e-20
-1.1029e-20
-1.10509e-20
-1.1073e-20
-1.10924e-20
-1.11125e-20
-1.11265e-20
-1.11302e-20
-1.11194e-20
-1.11007e-20
-1.10712e-20
-1.10244e-20
-1.09784e-20
-1.09356e-20
-1.09001e-20
-1.08812e-20
-1.08709e-20
-1.08752e-20
-1.08903e-20
-1.09199e-20
-1.09545e-20
-1.09932e-20
-1.10375e-20
-1.10815e-20
-1.1125e-20
-1.11684e-20
-1.11982e-20
-1.1218e-20
-1.12267e-20
-1.12179e-20
-1.11952e-20
-1.11624e-20
-1.11279e-20
-1.10866e-20
-1.10547e-20
-1.10269e-20
-1.10084e-20
-1.09982e-20
-1.09886e-20
-1.09758e-20
-1.09656e-20
-1.0958e-20
-1.09496e-20
-1.09472e-20
-1.09527e-20
-1.09616e-20
-1.09731e-20
-1.0983e-20
-1.09932e-20
-1.10072e-20
-1.10172e-20
-1.10246e-20
-1.10366e-20
-1.10557e-20
-1.10744e-20
-1.10875e-20
-1.10989e-20
-1.11057e-20
-1.11094e-20
-1.11001e-20
-1.10783e-20
-1.10453e-20
-1.10084e-20
-1.09615e-20
-1.09229e-20
-1.08935e-20
-1.08811e-20
-1.08896e-20
-1.09123e-20
-1.09512e-20
-1.09934e-20
-1.10324e-20
-1.10751e-20
-1.1107e-20
-1.11298e-20
-1.11359e-20
-1.11326e-20
-1.11235e-20
-1.1116e-20
-1.11059e-20
-1.11021e-20
-1.11043e-20
-1.11079e-20
-1.11158e-20
-1.11164e-20
-1.11163e-20
-1.11133e-20
-1.1109e-20
-1.10955e-20
-1.10845e-20
-1.10691e-20
-1.10475e-20
-1.1028e-20
-1.10163e-20
-1.10066e-20
-1.1009e-20
-1.10197e-20
-1.10316e-20
-1.10505e-20
-1.10711e-20
-1.1097e-20
-1.11151e-20
-1.11264e-20
-1.1125e-20
-1.11134e-20
-1.10937e-20
-1.10654e-20
-1.1036e-20
-1.10096e-20
-1.09862e-20
-1.09671e-20
-1.09584e-20
-1.09559e-20
-1.09543e-20
-1.09543e-20
-1.09454e-20
-1.09399e-20
-1.09284e-20
-1.09258e-20
-1.09276e-20
-1.0941e-20
-1.09614e-20
-1.0989e-20
-1.10217e-20
-1.10543e-20
-1.10934e-20
-1.11282e-20
-1.11592e-20
-1.11798e-20
-1.11888e-20
-1.1186e-20
-1.11682e-20
-1.11378e-20
-1.1101e-20
-1.10556e-20
-1.10093e-20
-1.09665e-20
-1.09284e-20
-1.09056e-20
-1.08993e-20
-1.09027e-20
-1.09209e-20
-1.09506e-20
-1.09874e-20
-1.10204e-20
-1.10474e-20
-1.10686e-20
-1.10833e-20
-1.10923e-20
-1.10895e-20
-1.10788e-20
-1.10659e-20
-1.1048e-20
-1.10256e-20
-1.09936e-20
-1.09587e-20
-1.0924e-20
-1.09039e-20
-1.08988e-20
-1.0918e-20
-1.09551e-20
-1.09975e-20
-1.10411e-20
-1.10779e-20
-1.11078e-20
-1.11261e-20
-1.11288e-20
-1.11238e-20
-1.11031e-20
-1.10755e-20
-1.10472e-20
-1.1017e-20
-1.09931e-20
-1.09794e-20
-1.09745e-20
-1.09742e-20
-1.09783e-20
-1.09873e-20
-1.09982e-20
-1.10069e-20
-1.1009e-20
-1.10188e-20
-1.10358e-20
-1.1056e-20
-1.10846e-20
-1.11163e-20
-1.1144e-20
-1.11706e-20
-1.11801e-20
-1.11816e-20
-1.11703e-20
-1.11538e-20
-1.11288e-20
-1.11083e-20
-1.10889e-20
-1.10706e-20
-1.10528e-20
-1.1041e-20
-1.10326e-20
-1.10205e-20
-1.10178e-20
-1.10222e-20
-1.10285e-20
-1.1035e-20
-1.10374e-20
-1.10389e-20
-1.10285e-20
-1.10046e-20
-1.0971e-20
-1.09243e-20
-1.08868e-20
-1.0858e-20
-1.0852e-20
-1.0869e-20
-1.09097e-20
-1.09703e-20
-1.10351e-20
-1.10902e-20
-1.11346e-20
-1.1159e-20
-1.11616e-20
-1.11484e-20
-1.11129e-20
-1.10648e-20
-1.10067e-20
-1.09525e-20
-1.09009e-20
-1.08574e-20
-1.08331e-20
-1.08268e-20
-1.08412e-20
-1.08726e-20
-1.09149e-20
-1.09636e-20
-1.10159e-20
-1.10682e-20
-1.1114e-20
-1.1145e-20
-1.11635e-20
-1.11753e-20
-1.11777e-20
-1.11786e-20
-1.11825e-20
-1.11782e-20
-1.11717e-20
-1.11673e-20
-1.11648e-20
-1.11651e-20
-1.11641e-20
-1.11665e-20
-1.11663e-20
-1.11628e-20
-1.11529e-20
-1.11356e-20
-1.11116e-20
-1.10856e-20
-1.10565e-20
-1.10305e-20
-1.10079e-20
-1.0989e-20
-1.0976e-20
-1.09706e-20
-1.0967e-20
-1.0965e-20
-1.09745e-20
-1.09866e-20
-1.10013e-20
-1.10166e-20
-1.10257e-20
-1.10333e-20
-1.10338e-20
-1.10297e-20
-1.10184e-20
-1.10056e-20
-1.09979e-20
-1.09892e-20
-1.09881e-20
-1.09886e-20
-1.09916e-20
-1.09886e-20
-1.09864e-20
-1.09784e-20
-1.09668e-20
-1.0951e-20
-1.09324e-20
-1.09152e-20
-1.08988e-20
-1.08885e-20
-1.0884e-20
-1.08882e-20
-1.09066e-20
-1.09349e-20
-1.09632e-20
-1.09927e-20
-1.10212e-20
-1.10432e-20
-1.10597e-20
-1.10797e-20
-1.10981e-20
-1.11251e-20
-1.11555e-20
-1.11832e-20
-1.12045e-20
-1.12169e-20
-1.1213e-20
-1.1188e-20
-1.11605e-20
-1.11182e-20
-1.10821e-20
-1.10393e-20
-1.10082e-20
-1.09831e-20
-1.09671e-20
-1.0958e-20
-1.09541e-20
-1.09555e-20
-1.09601e-20
-1.09599e-20
-1.09623e-20
-1.09606e-20
-1.09588e-20
-1.09564e-20
-1.09575e-20
-1.09588e-20
-1.09649e-20
-1.09712e-20
-1.09813e-20
-1.09913e-20
-1.10029e-20
-1.1015e-20
-1.10274e-20
-1.10324e-20
-1.10318e-20
-1.1028e-20
-1.1031e-20
-1.1036e-20
-1.10452e-20
-1.10647e-20
-1.10853e-20
-1.11038e-20
-1.11229e-20
-1.11392e-20
-1.11498e-20
-1.11548e-20
-1.11602e-20
-1.11599e-20
-1.11576e-20
-1.11501e-20
-1.11376e-20
-1.1118e-20
-1.10971e-20
-1.10746e-20
-1.10629e-20
-1.10614e-20
-1.10697e-20
-1.10838e-20
-1.10989e-20
-1.11131e-20
-1.11206e-20
-1.11238e-20
-1.11156e-20
-1.11047e-20
-1.10925e-20
-1.10782e-20
-1.10625e-20
-1.1046e-20
-1.10307e-20
-1.10059e-20
-1.09794e-20
-1.09399e-20
-1.09043e-20
-1.08674e-20
-1.08332e-20
-1.08136e-20
-1.08054e-20
-1.08104e-20
-1.08272e-20
-1.08515e-20
-1.0885e-20
-1.0916e-20
-1.09494e-20
-1.09838e-20
-1.10222e-20
-1.10612e-20
-1.11064e-20
-1.1156e-20
-1.12109e-20
-1.12585e-20
-1.12968e-20
-1.13231e-20
-1.13314e-20
-1.13163e-20
-1.1287e-20
-1.12398e-20
-1.1188e-20
-1.11255e-20
-1.10585e-20
-1.10008e-20
-1.09572e-20
-1.09279e-20
-1.0912e-20
-1.09119e-20
-1.09135e-20
-1.09285e-20
-1.09465e-20
-1.09686e-20
-1.09947e-20
-1.10259e-20
-1.10549e-20
-1.10827e-20
-1.11011e-20
-1.11062e-20
-1.10973e-20
-1.10817e-20
-1.10641e-20
-1.10453e-20
-1.10371e-20
-1.10438e-20
-1.10566e-20
-1.10783e-20
-1.10985e-20
-1.11143e-20
-1.11204e-20
-1.11159e-20
-1.10974e-20
-1.10771e-20
-1.10496e-20
-1.10256e-20
-1.10039e-20
-1.09924e-20
-1.09863e-20
-1.09783e-20
-1.09723e-20
-1.09688e-20
-1.09649e-20
-1.09616e-20
-1.09627e-20
-1.09657e-20
-1.0971e-20
-1.09768e-20
-1.09827e-20
-1.09815e-20
-1.0985e-20
-1.09909e-20
-1.10006e-20
-1.1012e-20
-1.10222e-20
-1.10218e-20
-1.10155e-20
-1.09993e-20
-1.09764e-20
-1.09484e-20
-1.09231e-20
-1.09019e-20
-1.08895e-20
-1.08847e-20
-1.08897e-20
-1.09004e-20
-1.09258e-20
-1.09596e-20
-1.09995e-20
-1.10353e-20
-1.10665e-20
-1.10945e-20
-1.1114e-20
-1.11235e-20
-1.11237e-20
-1.11251e-20
-1.11249e-20
-1.11172e-20
-1.11182e-20
-1.11153e-20
-1.11044e-20
-1.10832e-20
-1.10622e-20
-1.10442e-20
-1.1022e-20
-1.10123e-20
-1.1007e-20
-1.10116e-20
-1.10185e-20
-1.10272e-20
-1.10396e-20
-1.10561e-20
-1.10712e-20
-1.10836e-20
-1.10929e-20
-1.10933e-20
-1.10924e-20
-1.10807e-20
-1.10629e-20
-1.10434e-20
-1.1025e-20
-1.10025e-20
-1.09793e-20
-1.09555e-20
-1.09389e-20
-1.09342e-20
-1.09347e-20
-1.0949e-20
-1.0971e-20
-1.09978e-20
-1.1022e-20
-1.10397e-20
-1.10464e-20
-1.10439e-20
-1.10406e-20
-1.10377e-20
-1.10307e-20
-1.10362e-20
-1.10476e-20
-1.10579e-20
-1.10657e-20
-1.10678e-20
-1.10573e-20
-1.10364e-20
-1.10104e-20
-1.09816e-20
-1.09635e-20
-1.09565e-20
-1.09556e-20
-1.09629e-20
-1.09661e-20
-1.09693e-20
-1.09703e-20
-1.09639e-20
-1.09483e-20
-1.09341e-20
-1.09198e-20
-1.09173e-20
-1.09234e-20
-1.09445e-20
-1.0979e-20
-1.10213e-20
-1.1061e-20
-1.10954e-20
-1.11192e-20
-1.113e-20
-1.11266e-20
-1.11178e-20
-1.11041e-20
-1.10894e-20
-1.10805e-20
-1.1074e-20
-1.10701e-20
-1.10675e-20
-1.1058e-20
-1.10448e-20
-1.10271e-20
-1.10145e-20
-1.10156e-20
-1.10295e-20
-1.10549e-20
-1.10866e-20
-1.11178e-20
-1.11469e-20
-1.11575e-20
-1.11496e-20
-1.11192e-20
-1.10808e-20
-1.10328e-20
-1.09924e-20
-1.09614e-20
-1.09407e-20
-1.09248e-20
-1.09089e-20
-1.08952e-20
-1.08891e-20
-1.0886e-20
-1.08858e-20
-1.08964e-20
-1.09229e-20
-1.09628e-20
-1.10105e-20
-1.10576e-20
-1.11025e-20
-1.11396e-20
-1.116e-20
-1.11691e-20
-1.11615e-20
-1.11498e-20
-1.11328e-20
-1.11144e-20
-1.11002e-20
-1.10859e-20
-1.10786e-20
-1.10806e-20
-1.10823e-20
-1.10829e-20
-1.10812e-20
-1.10798e-20
-1.10802e-20
-1.10811e-20
-1.10789e-20
-1.10703e-20
-1.10561e-20
-1.10344e-20
-1.10119e-20
-1.09863e-20
-1.09606e-20
-1.09379e-20
-1.09228e-20
-1.09153e-20
-1.09165e-20
-1.09217e-20
-1.09272e-20
-1.09252e-20
-1.0923e-20
-1.0919e-20
-1.09221e-20
-1.0937e-20
-1.09669e-20
-1.10017e-20
-1.10329e-20
-1.10675e-20
-1.10941e-20
-1.11107e-20
-1.11138e-20
-1.11025e-20
-1.10784e-20
-1.10503e-20
-1.10302e-20
-1.10189e-20
-1.1027e-20
-1.10504e-20
-1.10824e-20
-1.11195e-20
-1.115e-20
-1.11726e-20
-1.11858e-20
-1.11957e-20
-1.11978e-20
-1.11944e-20
-1.11867e-20
-1.11802e-20
-1.11689e-20
-1.11538e-20
-1.11324e-20
-1.11145e-20
-1.11007e-20
-1.10879e-20
-1.10797e-20
-1.10685e-20
-1.10599e-20
-1.10504e-20
-1.1035e-20
-1.10242e-20
-1.10075e-20
-1.09916e-20
-1.09688e-20
-1.09495e-20
-1.09197e-20
-1.08951e-20
-1.0874e-20
-1.08608e-20
-1.08517e-20
-1.08531e-20
-1.08606e-20
-1.0872e-20
-1.08889e-20
-1.09128e-20
-1.09335e-20
-1.09545e-20
-1.09787e-20
-1.09949e-20
-1.10137e-20
-1.10301e-20
-1.1044e-20
-1.10528e-20
-1.10551e-20
-1.10595e-20
-1.10621e-20
-1.10664e-20
-1.1072e-20
-1.10806e-20
-1.10877e-20
-1.10902e-20
-1.10865e-20
-1.10851e-20
-1.1085e-20
-1.10866e-20
-1.10962e-20
-1.11099e-20
-1.11223e-20
-1.11256e-20
-1.11288e-20
-1.11251e-20
-1.11218e-20
-1.11221e-20
-1.11256e-20
-1.11259e-20
-1.11262e-20
-1.11326e-20
-1.11374e-20
-1.11408e-20
-1.11345e-20
-1.11331e-20
-1.11312e-20
-1.1123e-20
-1.11044e-20
-1.10798e-20
-1.10516e-20
-1.10182e-20
-1.09816e-20
-1.095e-20
-1.09218e-20
-1.08878e-20
-1.08549e-20
-1.08248e-20
-1.07955e-20
-1.07751e-20
-1.07662e-20
-1.07686e-20
-1.07831e-20
-1.08152e-20
-1.08565e-20
-1.09045e-20
-1.09531e-20
-1.099e-20
-1.10163e-20
-1.10279e-20
-1.1028e-20
-1.102e-20
-1.1006e-20
-1.09948e-20
-1.09926e-20
-1.1003e-20
-1.10219e-20
-1.10474e-20
-1.10785e-20
-1.11074e-20
-1.11277e-20
-1.11394e-20
-1.11404e-20
-1.11331e-20
-1.11149e-20
-1.10984e-20
-1.10903e-20
-1.10862e-20
-1.1098e-20
-1.11176e-20
-1.11383e-20
-1.11533e-20
-1.11626e-20
-1.11597e-20
-1.11481e-20
-1.11275e-20
-1.11046e-20
-1.10849e-20
-1.10725e-20
-1.10606e-20
-1.10592e-20
-1.10571e-20
-1.10548e-20
-1.10537e-20
-1.1048e-20
-1.10348e-20
-1.10144e-20
-1.09796e-20
-1.09377e-20
-1.08966e-20
-1.08682e-20
-1.08525e-20
-1.08621e-20
-1.08921e-20
-1.09371e-20
-1.09959e-20
-1.10599e-20
-1.11168e-20
-1.11661e-20
-1.12011e-20
-1.12191e-20
-1.12178e-20
-1.1206e-20
-1.1173e-20
-1.11288e-20
-1.10774e-20
-1.10226e-20
-1.09731e-20
-1.09339e-20
-1.09048e-20
-1.08892e-20
-1.08882e-20
-1.08957e-20
-1.09123e-20
-1.09382e-20
-1.09649e-20
-1.09925e-20
-1.1024e-20
-1.10502e-20
-1.10685e-20
-1.10811e-20
-1.1077e-20
-1.10621e-20
-1.10402e-20
-1.10104e-20
-1.09818e-20
-1.09622e-20
-1.0955e-20
-1.09605e-20
-1.09788e-20
-1.10052e-20
-1.10395e-20
-1.10714e-20
-1.10985e-20
-1.11142e-20
-1.11192e-20
-1.11146e-20
-1.10993e-20
-1.1089e-20
-1.10755e-20
-1.1067e-20
-1.10613e-20
-1.10577e-20
-1.106e-20
-1.10591e-20
-1.10543e-20
-1.10449e-20
-1.10335e-20
-1.10146e-20
-1.0988e-20
-1.09537e-20
-1.09213e-20
-1.08904e-20
-1.08761e-20
-1.08765e-20
-1.08959e-20
-1.09288e-20
-1.09701e-20
-1.10138e-20
-1.10617e-20
-1.11021e-20
-1.11359e-20
-1.11571e-20
-1.11529e-20
-1.11379e-20
-1.11062e-20
-1.10711e-20
-1.104e-20
-1.1014e-20
-1.09949e-20
-1.09848e-20
-1.09795e-20
-1.09823e-20
-1.09919e-20
-1.10136e-20
-1.10474e-20
-1.10844e-20
-1.11184e-20
-1.11433e-20
-1.11553e-20
-1.11533e-20
-1.11388e-20
-1.11136e-20
-1.1081e-20
-1.10501e-20
-1.10175e-20
-1.09879e-20
-1.09728e-20
-1.09666e-20
-1.09701e-20
-1.09808e-20
-1.09942e-20
-1.10005e-20
-1.1002e-20
-1.09863e-20
-1.09604e-20
-1.09228e-20
-1.08855e-20
-1.08527e-20
-1.08315e-20
-1.08215e-20
-1.08265e-20
-1.08483e-20
-1.0875e-20
-1.09109e-20
-1.09484e-20
-1.09842e-20
-1.10207e-20
-1.10532e-20
-1.10809e-20
-1.10997e-20
-1.11133e-20
-1.11184e-20
-1.11195e-20
-1.1117e-20
-1.11129e-20
-1.11187e-20
-1.11239e-20
-1.11326e-20
-1.11424e-20
-1.11507e-20
-1.11502e-20
-1.11412e-20
-1.11225e-20
-1.11039e-20
-1.1082e-20
-1.10656e-20
-1.10455e-20
-1.10324e-20
-1.10266e-20
-1.10239e-20
-1.1031e-20
-1.10408e-20
-1.10512e-20
-1.10646e-20
-1.10763e-20
-1.10835e-20
-1.10912e-20
-1.10968e-20
-1.1092e-20
-1.1093e-20
-1.10975e-20
-1.11081e-20
-1.11201e-20
-1.11347e-20
-1.11518e-20
-1.11589e-20
-1.11535e-20
-1.11379e-20
-1.11071e-20
-1.10683e-20
-1.10296e-20
-1.09841e-20
-1.09463e-20
-1.09192e-20
-1.08994e-20
-1.09007e-20
-1.09118e-20
-1.09347e-20
-1.09614e-20
-1.0987e-20
-1.1005e-20
-1.10118e-20
-1.10125e-20
-1.09968e-20
-1.09816e-20
-1.09651e-20
-1.09532e-20
-1.09418e-20
-1.09321e-20
-1.09254e-20
-1.09217e-20
-1.09198e-20
-1.09195e-20
-1.09253e-20
-1.0941e-20
-1.09643e-20
-1.09867e-20
-1.1012e-20
-1.10354e-20
-1.10546e-20
-1.10741e-20
-1.10941e-20
-1.11112e-20
-1.11292e-20
-1.11373e-20
-1.11388e-20
-1.11362e-20
-1.1129e-20
-1.11171e-20
-1.10991e-20
-1.10829e-20
-1.10688e-20
-1.10641e-20
-1.1064e-20
-1.1068e-20
-1.10677e-20
-1.10673e-20
-1.10661e-20
-1.10601e-20
-1.10557e-20
-1.10569e-20
-1.10626e-20
-1.10837e-20
-1.11072e-20
-1.11271e-20
-1.1139e-20
-1.1152e-20
-1.11591e-20
-1.11562e-20
-1.11349e-20
-1.11074e-20
-1.10704e-20
-1.10245e-20
-1.098e-20
-1.09426e-20
-1.09148e-20
-1.09039e-20
-1.09067e-20
-1.09203e-20
-1.09477e-20
-1.09874e-20
-1.10234e-20
-1.10517e-20
-1.10696e-20
-1.10733e-20
-1.10668e-20
-1.10437e-20
-1.10122e-20
-1.09748e-20
-1.09342e-20
-1.09011e-20
-1.087e-20
-1.08455e-20
-1.08329e-20
-1.08267e-20
-1.08318e-20
-1.08524e-20
-1.08823e-20
-1.09334e-20
-1.09872e-20
-1.10413e-20
-1.10901e-20
-1.11276e-20
-1.11565e-20
-1.11707e-20
-1.11757e-20
-1.11718e-20
-1.11694e-20
-1.11696e-20
-1.11704e-20
-1.11771e-20
-1.1187e-20
-1.11919e-20
-1.11861e-20
-1.11754e-20
-1.11632e-20
-1.11444e-20
-1.11221e-20
-1.11001e-20
-1.1078e-20
-1.10568e-20
-1.10418e-20
-1.10225e-20
-1.10078e-20
-1.09953e-20
-1.09837e-20
-1.09723e-20
-1.09657e-20
-1.09697e-20
-1.09793e-20
-1.0992e-20
-1.10126e-20
-1.10322e-20
-1.10515e-20
-1.10692e-20
-1.1082e-20
-1.1084e-20
-1.10792e-20
-1.10713e-20
-1.10569e-20
-1.10375e-20
-1.1018e-20
-1.09948e-20
-1.09726e-20
-1.09564e-20
-1.09531e-20
-1.09508e-20
-1.09521e-20
-1.09603e-20
-1.09717e-20
-1.09908e-20
-1.10147e-20
-1.1046e-20
-1.10799e-20
-1.11054e-20
-1.11275e-20
-1.11449e-20
-1.1154e-20
-1.11537e-20
-1.1147e-20
-1.11272e-20
-1.11056e-20
-1.10704e-20
-1.10414e-20
-1.1016e-20
-1.09962e-20
-1.09847e-20
-1.09815e-20
-1.09864e-20
-1.0996e-20
-1.10032e-20
-1.10107e-20
-1.10119e-20
-1.10149e-20
-1.10179e-20
-1.10269e-20
-1.10396e-20
-1.1055e-20
-1.10776e-20
-1.11006e-20
-1.11186e-20
-1.11331e-20
-1.11351e-20
-1.11245e-20
-1.11013e-20
-1.10672e-20
-1.10234e-20
-1.09842e-20
-1.09552e-20
-1.09387e-20
-1.09363e-20
-1.0955e-20
-1.09866e-20
-1.103e-20
-1.10744e-20
-1.11143e-20
-1.11472e-20
-1.1168e-20
-1.11704e-20
-1.11633e-20
-1.11467e-20
-1.11217e-20
-1.10888e-20
-1.10448e-20
-1.09989e-20
-1.09473e-20
-1.0889e-20
-1.08371e-20
-1.07956e-20
-1.07764e-20
-1.07817e-20
-1.08096e-20
-1.0858e-20
-1.09193e-20
-1.09934e-20
-1.10588e-20
-1.11182e-20
-1.11624e-20
-1.11841e-20
-1.11857e-20
-1.11697e-20
-1.11425e-20
-1.11019e-20
-1.10553e-20
-1.10088e-20
-1.09697e-20
-1.09315e-20
-1.09094e-20
-1.08979e-20
-1.08966e-20
-1.09111e-20
-1.09438e-20
-1.09871e-20
-1.10374e-20
-1.10954e-20
-1.11492e-20
-1.11931e-20
-1.12214e-20
-1.1235e-20
-1.12318e-20
-1.12109e-20
-1.11743e-20
-1.11233e-20
-1.10629e-20
-1.10028e-20
-1.09423e-20
-1.08961e-20
-1.08587e-20
-1.08377e-20
-1.0837e-20
-1.0851e-20
-1.08793e-20
-1.0919e-20
-1.09606e-20
-1.10018e-20
-1.10388e-20
-1.10623e-20
-1.1073e-20
-1.10674e-20
-1.10532e-20
-1.10294e-20
-1.09988e-20
-1.09666e-20
-1.09386e-20
-1.09212e-20
-1.09085e-20
-1.09015e-20
-1.08996e-20
-1.09129e-20
-1.09346e-20
-1.09653e-20
-1.10031e-20
-1.10495e-20
-1.10905e-20
-1.11247e-20
-1.11469e-20
-1.1156e-20
-1.11488e-20
-1.11301e-20
-1.10977e-20
-1.10559e-20
-1.10162e-20
-1.09815e-20
-1.09545e-20
-1.09419e-20
-1.09444e-20
-1.09589e-20
-1.09792e-20
-1.10113e-20
-1.10447e-20
-1.10699e-20
-1.10901e-20
-1.11007e-20
-1.11066e-20
-1.11127e-20
-1.11167e-20
-1.11193e-20
-1.11214e-20
-1.11239e-20
-1.1128e-20
-1.11363e-20
-1.11482e-20
-1.11611e-20
-1.11685e-20
-1.1175e-20
-1.11749e-20
-1.11641e-20
-1.11447e-20
-1.11188e-20
-1.10866e-20
-1.10487e-20
-1.1009e-20
-1.09811e-20
-1.09581e-20
-1.09577e-20
-1.09677e-20
-1.09922e-20
-1.10207e-20
-1.10428e-20
-1.10585e-20
-1.10571e-20
-1.10453e-20
-1.10283e-20
-1.10089e-20
-1.09929e-20
-1.09858e-20
-1.0982e-20
-1.09881e-20
-1.09925e-20
-1.09993e-20
-1.09995e-20
-1.10069e-20
-1.10102e-20
-1.10158e-20
-1.10294e-20
-1.10453e-20
-1.10665e-20
-1.1082e-20
-1.10896e-20
-1.10901e-20
-1.10824e-20
-1.10676e-20
-1.10491e-20
-1.10317e-20
-1.10141e-20
-1.10002e-20
-1.09961e-20
-1.09931e-20
-1.09958e-20
-1.09988e-20
-1.10006e-20
-1.10073e-20
-1.10077e-20
-1.10141e-20
-1.10215e-20
-1.10287e-20
-1.1035e-20
-1.10386e-20
-1.1038e-20
-1.10296e-20
-1.10247e-20
-1.10287e-20
-1.1035e-20
-1.1053e-20
-1.10758e-20
-1.11084e-20
-1.11377e-20
-1.1164e-20
-1.11769e-20
-1.11734e-20
-1.11581e-20
-1.11297e-20
-1.10984e-20
-1.10641e-20
-1.10287e-20
-1.09975e-20
-1.09767e-20
-1.09712e-20
-1.09725e-20
-1.09774e-20
-1.09783e-20
-1.09737e-20
-1.09651e-20
-1.09555e-20
-1.0948e-20
-1.09397e-20
-1.09364e-20
-1.09381e-20
-1.09433e-20
-1.09608e-20
-1.0985e-20
-1.10164e-20
-1.10536e-20
-1.10903e-20
-1.11232e-20
-1.11443e-20
-1.11588e-20
-1.1156e-20
-1.11392e-20
-1.11093e-20
-1.10701e-20
-1.10268e-20
-1.09855e-20
-1.09526e-20
-1.09299e-20
-1.09299e-20
-1.09416e-20
-1.09755e-20
-1.1017e-20
-1.10689e-20
-1.11208e-20
-1.11645e-20
-1.1195e-20
-1.12082e-20
-1.12049e-20
-1.11849e-20
-1.11562e-20
-1.11234e-20
-1.10861e-20
-1.10479e-20
-1.10169e-20
-1.09964e-20
-1.09904e-20
-1.10044e-20
-1.10272e-20
-1.10577e-20
-1.1084e-20
-1.10962e-20
-1.10975e-20
-1.10806e-20
-1.10504e-20
-1.10207e-20
-1.09913e-20
-1.09673e-20
-1.09572e-20
-1.09581e-20
-1.09603e-20
-1.09617e-20
-1.0957e-20
-1.09502e-20
-1.09389e-20
-1.09256e-20
-1.09114e-20
-1.0903e-20
-1.08944e-20
-1.08921e-20
-1.08971e-20
-1.09062e-20
-1.09173e-20
-1.09375e-20
-1.0959e-20
-1.09773e-20
-1.10029e-20
-1.10247e-20
-1.10433e-20
-1.10584e-20
-1.10657e-20
-1.10588e-20
-1.10414e-20
-1.10139e-20
-1.09843e-20
-1.09591e-20
-1.09509e-20
-1.09594e-20
-1.0976e-20
-1.10051e-20
-1.10418e-20
-1.10827e-20
-1.11218e-20
-1.11555e-20
-1.11768e-20
-1.11865e-20
-1.11872e-20
-1.11845e-20
-1.1175e-20
-1.11646e-20
-1.11549e-20
-1.11503e-20
-1.11503e-20
-1.11465e-20
-1.11426e-20
-1.11333e-20
-1.11144e-20
-1.10902e-20
-1.10568e-20
-1.10236e-20
-1.09883e-20
-1.09598e-20
-1.09436e-20
-1.09434e-20
-1.09524e-20
-1.09715e-20
-1.09907e-20
-1.10101e-20
-1.10251e-20
-1.10411e-20
-1.10596e-20
-1.10795e-20
-1.10962e-20
-1.11106e-20
-1.11147e-20
-1.11167e-20
-1.11087e-20
-1.10997e-20
-1.10856e-20
-1.10675e-20
-1.1041e-20
-1.10088e-20
-1.09762e-20
-1.09435e-20
-1.0914e-20
-1.08869e-20
-1.08685e-20
-1.08637e-20
-1.08668e-20
