95.1836
92.3799
87.6692
81.2096
73.2462
64.1647
54.5099
44.9647
36.2888
29.2025
24.2511
21.6897
21.4441
23.1528
26.2672
30.1703
34.2804
38.1181
41.3343
43.7218
45.2063
45.8289
45.7231
45.0985
44.1977
43.2785
42.5741
42.267
42.4677
43.2042
44.4288
46.0317
47.8693
49.7883
51.6563
53.3719
54.8722
56.1312
57.1412
57.8999
58.393
58.6004
58.4939
58.0489
57.2478
56.093
54.6146
52.8791
50.9783
49.0244
47.1423
45.4609
44.0977
43.1372
42.6293
42.5775
42.9414
43.6506
44.6106
45.7142
46.8503
47.9191
48.8435
49.5735
50.0882
50.3858
50.4773
50.3901
50.164
49.8478
49.5019
49.1952
48.9915
48.9341
49.0448
49.3287
49.7678
50.3292
50.9717
51.6429
52.2795
52.8173
53.1985
53.3866
53.3714
53.1676
52.8109
52.3481
51.8221
51.2734
50.726
50.1828
49.6399
49.0743
48.4519
47.7435
46.9318
46.0181
45.0335
44.0405
43.1271
42.3939
41.9344
41.8093
42.0337
42.5766
43.3756
44.3576
45.4641
46.6641
47.9476
49.3166
50.7611
52.2417
53.6856
54.9972
56.073
56.8335
57.2248
57.2251
56.8502
56.1422
55.1668
54.0017
52.7308
51.442
50.2085
49.0984
48.1685
47.4587
46.9846
46.729
46.6555
46.7084
46.8245
46.945
47.0247
47.0362
46.9721
46.8474
46.6947
46.5577
46.485
46.5184
46.6859
46.9941
47.419
47.9095
48.3948
48.7934
49.03
49.0522
48.8442
48.4284
47.8558
47.1981
46.5307
45.9272
45.4555
45.1757
45.1424
45.4072
46.0063
46.9528
48.2252
49.754
51.4311
53.1272
54.7063
56.0382
57.0157
57.5677
57.6668
57.3223
56.5811
55.513
54.2112
52.7732
51.2929
49.8526
48.5154
47.332
46.3337
45.5401
44.9618
44.594
44.4189
44.4075
44.5135
44.6735
44.8135
44.8668
44.7869
44.5653
44.2435
43.9032
43.6531
43.6056
43.8646
44.5077
45.5744
47.0576
48.8969
50.9827
53.1727
55.3107
57.2503
58.8758
60.1055
60.8915
61.2147
61.0769
60.4918
59.482
58.0798
56.3367
54.3231
52.1336
49.8758
47.6524
45.5579
43.6622
42.0193
40.67
39.654
39.0101
38.7664
38.9336
39.4955
40.4073
41.6055
43.0194
44.5808
46.2235
47.8815
49.4883
50.9703
52.25
53.2532
53.9212
54.2202
54.15
53.7397
53.0425
52.1379
51.1221
50.0898
49.1256
48.3014
47.668
152.075
147.712
141.011
132.305
122.212
111.634
101.644
93.2171
87.0002
83.2819
82.0519
83.0281
85.7156
89.5216
93.8118
97.9508
101.365
103.638
104.623
104.467
103.547
102.333
101.272
100.699
100.822
101.715
103.311
105.444
107.888
110.406
112.761
114.721
116.051
116.51
115.867
113.959
110.791
106.696
102.385
98.758
96.5188
95.9224
96.8251
98.8803
101.669
104.749
107.671
110.029
111.503
111.897
111.151
109.367
106.848
104.084
101.657
99.9995
99.2096
99.0872
99.318
99.6376
99.8842
99.9945
99.9978
100.002
100.169
100.647
101.532
102.83
104.425
106.107
107.617
108.712
109.224
109.111
108.464
107.488
106.448
105.577
105.018
104.805
104.895
105.226
105.749
106.384
106.968
107.277
107.111
106.413
105.306
104.062
103.013
102.424
102.412
102.942
103.844
104.88
105.801
106.388
106.473
105.995
105.034
103.825
102.687
101.905
101.643
101.937
102.716
103.818
105.039
106.181
107.078
107.599
107.633
107.105
106.002
104.416
102.564
100.793
99.4904
98.9426
99.2148
100.12
101.329
102.528
103.53
104.301
104.944
105.63
106.516
107.678
109.065
110.51
111.79
112.712
113.136
113.018
112.399
111.417
110.284
109.227
108.449
108.088
108.171
108.594
109.118
109.441
109.286
108.479
106.987
104.873
102.263
99.31
96.1941
93.1595
90.5451
88.7448
88.0702
88.6334
90.3244
92.9138
96.1332
99.7305
103.471
107.128
110.481
113.328
115.49
116.829
117.271
116.829
115.608
113.81
111.704
109.555
107.582
105.923
104.663
103.852
103.524
103.682
104.251
105.053
105.839
106.38
106.522
106.205
105.439
104.297
102.903
101.422
100.013
98.7925
97.8387
97.2207
97.0452
97.4602
98.6061
100.538
103.155
106.182
109.22
111.87
113.817
114.898
115.111
114.588
113.552
112.273
111.017
110.008
109.39
109.222
109.48
110.044
110.717
111.258
111.435
111.069
110.069
108.441
106.276
103.761
101.192
98.9554
97.4249
96.8234
97.1365
98.1648
99.5973
101.088
102.342
103.191
103.634
103.78
103.781
103.751
103.717
103.639
103.485
103.283
103.163
103.299
103.828
104.769
105.999
107.319
108.535
109.52
110.227
110.608
91.8624
92.1855
92.5555
92.9409
93.3299
93.6941
94.011
94.3278
94.7723
95.5001
96.5904
97.9929
99.5516
101.072
102.361
103.248
103.612
103.423
102.787
101.922
101.061
100.322
99.6702
99.0137
98.3313
97.706
97.2755
97.1513
97.3564
97.8306
98.4505
99.0772
99.5782
99.8445
99.7778
99.3037
98.3741
96.992
95.2227
93.2043
91.1339
89.2705
87.8964
87.2505
87.4288
88.3457
89.7796
91.4567
93.1203
94.5682
95.6698
96.3772
96.6949
96.6679
96.3368
95.7361
94.9065
93.9087
92.8382
91.8198
90.9791
90.4088
90.1366
90.1388
90.3506
90.6883
91.0709
91.4281
91.7184
91.9403
92.1331
92.3817
92.762
93.2993
93.9447
94.5915
95.1464
95.5771
95.9095
96.205
96.5283
96.9167
97.3766
97.8758
98.3754
98.8453
99.2808
99.6858
100.046
100.315
100.422
100.33
100.059
99.6762
99.2572
98.8498
98.4464
97.9942
97.4093
96.5947
95.4734
94.0229
92.2919
90.3951
88.4975
86.7773
85.4066
84.5417
84.3198
84.8438
86.1306
88.0877
90.5155
93.1569
95.7546
98.1076
100.09
101.627
102.667
103.189
103.219
102.836
102.149
101.274
100.288
99.2164
98.0639
96.8369
95.5586
94.2851
93.0995
92.0854
91.3208
90.8642
90.7398
90.9278
91.3743
91.9995
92.7153
93.4494
94.1605
94.8133
95.3654
95.7468
95.8657
95.6352
95.0177
94.0587
92.9003
91.7558
90.858
90.404
90.4969
91.1323
92.2116
93.5843
95.0859
96.5488
97.8308
98.8103
99.4012
99.5576
99.2729
98.5654
97.471
96.0504
94.43
92.7941
91.3611
90.3155
89.7821
89.7883
90.258
91.0185
91.8289
92.4748
92.847
92.9834
93.0364
93.1739
93.4825
93.9469
94.4857
95.0123
95.4639
95.7975
95.9937
96.0624
96.0491
96.0205
96.0529
96.2015
96.485
96.8811
97.3291
97.7524
98.0646
98.1894
98.0627
97.6224
96.8236
95.6568
94.2185
92.686
91.2558
90.0717
89.2135
88.7295
88.647
88.9708
89.6649
90.6539
91.827
93.0496
94.1844
95.1187
95.7911
96.1891
96.3512
96.3307
96.1784
95.9147
95.5193
94.953
94.1728
93.1747
92.0327
90.9025
90.0183
89.6382
89.9641
91.0615
92.8277
95.0162
97.3329
99.5106
101.346
102.698
103.468
103.593
103.048
101.868
100.152
98.0833
95.9318
93.999
92.5319
91.6299
91.2298
91.1855
93.2576
93.4952
93.8052
94.226
94.8058
95.5663
96.4642
97.3992
98.2454
98.8957
99.2743
99.3509
99.1347
98.6668
98.0244
97.2921
96.5517
95.8701
95.2835
94.8216
94.521
94.4365
94.6327
95.152
95.9727
96.9812
97.9738
98.7148
99.0094
98.7704
98.0534
97.056
96.054
95.3074
94.97
95.074
95.5477
96.2701
97.1196
97.9885
98.8003
99.499
100.022
100.278
100.174
99.6492
98.7261
97.5241
96.2226
95.0287
94.1052
93.5223
93.248
93.1722
93.1573
93.0766
92.8355
92.3814
91.7187
90.9326
90.1786
89.649
89.5313
89.9633
91.0073
92.6385
94.7414
97.1391
99.6003
101.827
103.493
104.293
104.025
102.659
100.366
97.5155
94.6271
92.2615
90.8705
90.6566
91.5226
93.1515
95.1498
97.1628
98.9163
100.223
100.964
101.078
100.561
99.4588
97.8803
96.0085
94.0827
92.3721
91.1451
90.6309
90.9788
92.2184
94.2409
96.8102
99.6213
102.38
104.834
106.794
108.118
108.677
108.356
107.066
104.795
101.687
98.0902
94.5322
91.6098
89.7489
89.0023
89.0607
89.4638
89.8287
89.9433
89.7605
89.3406
88.7985
88.2712
87.8879
87.7474
87.9179
88.4535
89.412
90.841
92.7113
94.8526
96.9789
98.7907
100.071
100.75
100.908
100.718
100.402
100.158
100.112
100.297
100.668
101.132
101.562
101.818
101.755
101.253
100.234
98.7019
96.7835
94.7208
92.8422
91.4934
90.9501
91.3157
92.4984
94.222
96.1085
97.8223
99.1609
100.084
100.654
100.972
101.119
101.122
100.945
100.513
99.7468
98.6169
97.1774
95.5674
93.9874
92.6497
91.7275
91.3102
91.4036
91.9212
92.7347
93.6925
94.6354
95.4041
95.8641
95.9276
95.5671
94.8243
93.8124
92.6746
91.5439
90.5303
89.7332
89.2744
89.303
89.9687
91.3251
93.2889
95.6275
98.0219
100.151
101.762
102.722
103.022
102.759
102.102
101.241
100.333
99.4573
98.613
97.7382
96.7445
95.5561
94.1407
92.5397
90.9062
89.4988
88.6283
88.5551
89.3983
91.0751
93.31
95.7194
97.9104
99.5784
100.564
100.856
100.548
99.8047
98.8119
97.7289
96.661
95.6463
94.6845
93.799
93.0576
92.589
92.5092
92.8621
93.6135
94.6837
95.9631
97.3218
98.6039
99.6357
100.263
100.392
100.026
99.2848
98.3984
97.6356
97.2217
97.2551
97.7014
98.449
99.3713
100.354
101.29
102.062
102.544
102.631
102.259
101.433
100.236
98.8097
97.3374
95.9972
94.931
94.2247
93.8881
93.8391
93.9227
93.9586
93.7865
93.331
92.6077
91.7216
90.8303
90.1078
89.7065
89.735
90.251
91.2484
92.6385
94.2548
95.867
97.2246
98.1341
98.5307
98.5172
98.3318
98.2694
98.569
99.3195
100.425
101.644
102.674
103.25
103.209
102.517
101.244
99.5434
97.6006
95.6237
93.8355
92.4539
91.6364
91.4173
91.6724
92.1716
92.6751
93.0124
93.1116
93.0046
92.817
92.7233
92.8946
93.4391
94.3446
95.4806
96.6241
97.5223
97.9604
97.8332
97.1972
96.2733
95.3795
94.7783
94.5448
94.5503
94.5614
94.3878
93.9827
93.4611
93.0602
93.0447
93.603
94.7592
96.3705
98.1862
99.944
101.451
102.619
103.445
103.969
104.238
104.265
104.037
103.52
102.668
101.453
99.9141
98.1904
96.5129
95.1245
94.164
93.5887
93.2466
93.0079
92.8426
92.8106
92.958
93.2738
93.7119
94.2328
94.8422
95.5676
96.4367
97.4408
98.5235
99.5966
100.553
101.273
101.637
101.539
100.898
99.6859
97.9316
95.7391
93.2764
90.7624
88.4392
86.5342
85.2217
84.5953
84.6552
85.3137
86.4112
87.7535
89.1449
90.4484
91.6181
92.6841
93.6931
94.6723
95.6184
96.5257
97.405
98.2752
99.142
99.9855
100.763
101.423
101.917
102.201
102.229
101.952
101.34
100.401
99.1801
97.7245
96.0863
94.3587
92.7257
91.4392
90.7164
90.6543
91.1988
92.1846
93.4007
94.6124
95.5796
96.0867
96.0193
95.4105
94.4536
93.4523
92.7392
92.5907
93.1638
94.4738
96.4088
98.7737
101.33
103.805
105.903
107.343
107.904
107.486
106.12
103.971
101.324
98.6047
96.3201
94.875
94.3244
94.3266
94.4318
94.4144
94.3657
94.5623
95.2296
96.37
97.7302
98.8997
99.5002
99.3433
98.5159
97.3407
96.2275
95.4888
95.2284
95.3427
95.6372
95.9299
96.112
96.1621
96.1059
95.9949
95.8783
95.7824
95.6949
95.5536
95.2592
94.7145
93.8736
92.7802
91.5841
90.5142
89.8004
89.5741
89.843
90.4879
91.3353
92.1987
92.9359
93.4637
93.7851
93.9744
94.1506
94.4389
94.9259
95.6228
96.4731
97.3747
98.227
98.9671
99.5844
100.103
100.563
100.983
101.366
101.716
102.056
102.415
102.8
103.142
103.313
103.172
102.621
101.655
100.375
98.9754
97.6827
96.6756
96.0226
95.669
95.4643
95.2317
94.832
94.1844
93.2761
92.1392
90.8555
89.5312
88.2865
87.2511
86.5502
86.2911
86.5159
87.1882
88.2049
89.4389
90.794
92.2379
93.8002
95.529
97.4128
99.3561
101.225
102.895
104.29
105.375
106.134
106.55
106.594
106.227
105.423
104.179
102.559
100.708
98.8405
97.181
95.8988
95.0933
94.8066
95.0166
95.5969
96.3152
96.8852
97.0684
96.7495
95.9477
94.7945
93.4914
92.2404
91.1856
90.4046
89.93
89.7693
89.9257
90.3862
91.112
92.0373
93.0766
94.1462
95.1776
96.1382
97.0431
97.9298
98.8135
99.6412
100.272
100.524
100.242
99.3491
97.871
95.9319
93.7488
91.6085
89.8177
88.63
88.1622
88.3837
89.1676
90.3809
91.9393
93.8061
95.9238
98.1748
100.395
102.392
103.982
105.003
105.34
104.961
103.922
102.378
100.568
98.7643
97.1935
95.973
95.0971
94.4589
93.9366
93.4489
92.9801
92.5755
92.3091
92.2469
92.4118
92.7755
93.27
93.8211
94.3705
94.8925
95.4011
95.9359
96.5332
97.2132
97.9554
98.6978
99.3408
99.7536
99.7934
99.3466
98.3502
96.8291
94.9188
92.8601
90.9636
89.5565
88.8994
89.1169
90.1657
91.8626
93.9307
96.0591
97.9703
99.4593
100.41
100.81
100.742
100.369
99.9018
99.5296
99.3706
99.4336
99.6295
99.8329
99.9508
99.9587
99.8713
99.6766
99.308
98.6963
97.8449
96.8567
95.9039
95.1562
94.7308
94.6767
95.0034
95.6947
96.6883
97.8588
99.0152
99.9474
100.489
100.547
100.09
99.1578
97.8689
96.4054
94.9834
93.7949
92.9649
92.5111
92.343
92.3126
92.2705
92.1099
91.8064
91.4331
91.1574
91.1796
91.6459
92.5893
93.9362
95.5517
97.2979
99.0615
100.73
102.181
103.269
103.844
103.797
103.084
101.749
99.9087
97.7376
95.4493
93.2826
91.4732
90.2286
89.695
89.9128
90.8093
92.2082
93.8665
95.5243
96.9659
98.0514
98.7279
99.0144
98.964
98.6291
98.0312
97.1482
95.943
94.4048
92.6473
90.9697
89.8157
89.5732
90.3536
91.9511
93.9995
96.1376
98.0762
99.5975
100.545
100.845
100.507
99.6328
98.4005
97.0362
95.7626
94.7554
94.1107
93.8396
93.8764
94.1123
94.4379
94.7629
95.054
95.3562
95.7841
96.4696
97.4877
98.7956
100.246
101.631
102.722
103.337
103.39
102.914
102.043
100.976
99.8992
98.9262
98.0821
97.3423
96.6861
96.1356
95.7633
95.6335
95.747
96.0378
96.3817
96.6191
96.575
96.076
95.0066
93.3789
91.38
89.3843
87.8899
87.3785
88.1229
90.0628
92.8319
95.9078
98.7709
100.996
102.301
102.56
101.787
100.122
97.7994
95.1152
92.3831
89.9016
87.9208
86.6433
86.1991
86.6301
87.8886
89.8416
92.2882
94.9654
97.5658
99.7984
101.464
102.516
103.051
103.244
103.247
103.158
103.01
102.825
102.635
102.485
102.391
102.339
102.279
102.152
101.894
101.44
100.736
99.7585
98.5445
97.1999
95.88
94.7398
93.8716
93.2976
92.9831
92.8921
93.0095
93.3441
93.8823
94.5578
95.2537
95.8385
96.2038
96.2872
96.086
95.6645
95.1279
94.6144
94.2505
94.0994
94.1367
94.2544
94.3076
94.173
93.7845
93.1445
92.3179
91.3964
90.4841
89.6983
89.1653
89.0072
89.3167
90.1103
91.315
92.7691
94.2746
95.6471
96.787
97.7034
98.5361
99.4809
100.681
102.108
103.541
104.646
105.136
104.868
103.881
102.36
100.542
98.6405
96.8181
95.1881
93.841
92.85
92.2637
92.0681
92.1675
92.4062
92.6384
92.7688
92.7723
92.6907
92.5985
92.5635
92.6403
92.8469
93.1884
93.6626
94.2403
94.854
95.4014
95.7868
95.9676
95.9769
95.9231
95.9497
96.1898
96.7096
97.4777
98.386
99.3076
100.141
100.84
101.39
101.8
102.076
102.207
102.143
101.812
101.142
100.144
98.9606
97.8736
97.177
97.046
97.4554
98.2175
99.0799
99.8148
100.262
100.348
100.087
99.5784
98.9421
98.2811
97.6244
96.9401
96.1396
95.1237
93.821
92.2253
90.417
88.5748
86.9413
85.7591
85.1905
85.2899
85.9956
87.1601
88.6047
90.1724
91.7804
93.4339
95.194
97.1349
99.2951
101.651
104.093
106.419
108.373
109.691
110.182
109.752
108.422
106.316
103.626
100.601
97.5337
94.7324
92.4798
90.9629
90.2002
90.0656
90.3709
90.9673
91.7874
92.8302
94.097
95.5403
97.0253
98.3452
99.2797
99.6629
99.4487
98.7343
97.7607
96.8538
96.3286
96.3854
97.0277
98.0542
99.1458
99.978
100.327
100.112
99.3914
98.3285
97.1334
96.0099
95.0945
94.4337
93.9944
93.6996
93.4601
93.2151
92.9725
92.802
92.7834
92.9381
93.2163
93.5211
93.7672
93.9219
94.036
94.231
94.6041
95.1212
95.6015
95.8026
95.5515
94.8113
93.6836
92.3655
91.0781
90.02
89.3317
89.0776
89.2753
89.9294
91.0316
92.5271
94.2846
96.0983
97.737
99.0251
99.8796
100.323
100.463
100.433
100.349
100.264
100.163
99.9569
99.5398
98.8278
97.8352
96.7106
95.6941
95.0033
94.7295
94.8176
95.1574
95.6686
96.3099
97.0448
97.8051
98.4921
98.995
99.2242
99.135
98.7317
98.0519
97.1528
96.094
94.9581
93.8325
92.8221
92.0408
91.6191
91.6662
92.2284
93.2308
94.468
95.6553
96.5265
96.9251
96.8701
96.5432
96.2059
96.0962
96.3293
96.855
97.4866
97.9713
98.0697
97.6407
96.701
95.4365
94.1376
93.0973
92.4996
92.3638
92.5658
92.8979
93.1492
93.1525
92.8268
92.1995
91.4363
90.7942
90.5431
90.8782
91.8621
93.4027
95.2736
97.1776
98.8273
100.003
100.586
100.58
100.114
99.4115
98.7349
98.2786
98.0748
97.9907
97.8065
97.352
96.6308
95.8441
95.2975
95.2649
95.8732
97.0736
98.6619
100.31
101.637
102.284
102.004
100.753
98.7477
96.4316
94.3109
92.7041
91.6137
90.8495
90.2257
89.6649
89.2004
88.942
89.0449
89.6531
90.8502
92.6187
94.814
97.1702
99.3706
101.138
102.293
102.774
102.62
101.966
101.031
100.057
99.2406
98.6796
98.3798
98.2836
98.3033
98.3602
98.4099
98.4446
98.4641
98.44
98.2971
97.9355
97.2828
96.3389
95.1858
93.9532
92.775
91.782
91.0978
90.7992
90.8525
91.0741
91.2283
91.1795
90.9739
90.814
90.9502
91.5665
92.7021
94.2469
95.9819
97.6482
99.0007
99.8392
100.031
99.5465
98.5059
97.2043
96.0632
95.4962
95.7476
96.7865
98.3509
100.069
101.602
102.738
103.418
103.721
103.762
103.637
103.383
102.983
102.426
101.733
100.964
100.198
99.498
98.8923
98.3841
97.9457
97.5281
97.0771
96.5478
95.9092
95.143
94.2352
93.1986
92.0636
90.8839
89.7411
88.7304
87.957
87.5094
87.4357
87.7362
88.3636
89.2356
90.2519
91.3252
92.3969
93.4386
94.4328
95.3498
96.1317
96.722
97.0906
97.2705
97.3556
97.451
97.6424
97.9573
98.3435
98.673
98.8162
98.7363
98.5398
98.4368
98.6109
99.099
99.7561
100.348
100.693
100.742
100.577
100.343
100.165
100.115
100.192
100.357
100.564
100.767
100.939
101.054
101.057
100.88
100.44
99.6758
98.5751
97.1844
95.6097
93.9732
92.3644
90.8163
89.3026
87.7895
86.3041
84.945
83.8722
83.258
83.2527
83.9591
85.388
87.4138
89.7704
92.111
94.0977
95.4871
96.1697
96.1846
95.7046
95.0069
94.41
94.2014
94.5452
95.4334
96.6957
98.0909
99.3811
100.373
100.935
101.005
100.615
99.9085
99.1516
98.6458
98.6238
99.1451
100.066
101.118
102.004
102.48
102.42
101.852
100.93
99.8798
98.9092
98.1548
97.6604
97.393
97.2802
97.2197
97.1028
96.8007
96.1772
95.1313
93.6465
91.8303
89.9354
88.3526
87.5048
87.699
88.9938
91.1972
93.9722
96.9553
99.8108
102.249
104.038
105.018
105.121
104.375
102.894
100.857
98.4751
95.9846
93.6208
91.6027
90.1109
89.2454
89.0274
89.3895
90.2075
91.3323
92.6342
94.0148
95.3859
96.6419
97.6421
98.2206
98.2403
97.6566
96.5619
95.1848
93.8352
92.8189
92.356
92.554
93.4006
94.7639
96.412
98.0458
99.3715
100.189
100.431
100.174
99.5887
98.8829
98.2423
97.7853
97.5434
97.4633
97.4434
97.3813
97.1907
96.8134
96.1891
95.2554
93.9795
92.4188
90.7723
89.3668
88.548
88.5361
89.343
90.8022
92.6861
94.8098
97.0181
99.101
100.765
101.718
101.807
101.077
99.7494
98.139
96.5681
95.277
94.3655
93.8179
93.5875
93.6831
94.2036
95.2464
96.7676
98.5228
100.167
101.397
102.04
102.054
101.464
100.346
98.8282
97.0894
95.3677
93.9234
92.9807
92.6487
92.8722
93.4455
94.079
94.4738
94.3948
93.7212
92.4739
90.8121
89.0099
87.3921
86.2535
85.7798
86.0027
86.8467
88.1744
89.8294
91.658
93.5198
95.2958
96.8891
98.2266
99.2488
99.9142
100.222
100.245
100.106
99.9752
99.9997
100.256
100.693
101.17
101.494
101.504
101.135
100.417
99.4587
98.4002
97.39
96.5512
95.9697
95.6843
95.6844
95.9282
96.3577
96.9045
97.4981
98.0687
98.5589
98.921
99.1263
99.1913
99.2107
99.3313
99.6889
100.322
101.122
101.864
102.281
102.16
101.394
100.011
98.1497
96.0355
93.9256
92.0634
90.6498
89.8346
89.6997
90.2259
91.269
92.5724
93.8298
94.7666
95.2052
95.1054
94.5656
93.7892
92.9861
92.2954
91.7541
91.3313
90.9949
90.7563
90.6686
90.8088
91.2399
91.97
92.9467
94.0707
95.2393
96.376
97.443
98.4189
99.2902
100.032
100.608
100.99
101.142
101.043
100.69
100.112
99.3809
98.6205
97.9934
97.6319
97.5745
97.7287
97.9253
98.003
97.8849
97.6282
97.4027
97.4253
97.8621
98.7139
99.8112
100.915
101.826
102.414
102.594
102.3
101.48
100.126
98.3026
96.1815
94.0199
92.1169
90.7373
90.0593
90.1446
90.9441
92.3028
93.9682
95.6458
97.0549
97.9752
98.27
97.8933
96.8896
95.3809
93.5657
91.6807
89.9303
88.4482
87.3061
86.5514
86.2546
86.5157
87.4211
88.9807
91.092
93.5448
96.062
98.371
100.26
101.608
102.399
102.708
102.696
102.575
102.565
102.788
103.203
103.617
103.807
103.645
103.131
102.355
101.412
100.368
99.2781
98.2072
97.2247
96.3603
95.5976
94.9082
94.2741
93.7052
93.243
92.9572
92.9366
93.2596
93.9434
94.9149
96.0168
97.0628
97.8963
98.418
98.5993
98.4726
98.0875
97.4908
96.7044
95.7493
94.6867
93.6509
92.819
92.3125
92.1455
92.2592
92.6048
93.1841
94.0256
95.1314
96.4446
97.8462
99.1973
100.367
101.263
101.817
101.973
101.693
100.964
99.8276
98.404
96.8966
95.5402
94.5386
93.9913
93.8766
94.0883
94.4876
94.9396
95.3365
95.6174
95.7947
95.9567
96.2204
96.6838
97.3779
98.274
99.2741
100.214
100.878
101.057
100.611
99.5255
97.92
96.0264
94.14
92.5851
91.6596
91.5585
92.3285
93.8447
95.8337
97.9577
99.8925
101.379
102.265
102.519
102.204
101.442
100.32
98.8467
96.9714
94.6855
92.088
89.3947
86.9045
84.9546
83.8739
83.9101
85.1398
87.4369
90.4963
93.9068
97.2262
100.059
102.125
103.289
103.534
102.919
101.567
99.653
97.4202
95.1403
93.0398
91.2838
89.9839
89.2396
89.1572
89.8285
91.2804
93.4159
96.0207
98.797
101.428
103.629
105.174
105.915
105.797
104.84
103.118
100.76
97.954
94.9542
92.0541
89.5613
87.7309
86.7314
86.6141
87.3177
88.6822
90.4882
92.4919
94.4465
96.1178
97.3093
97.8918
97.8131
97.13
95.991
94.6026
93.1928
91.9494
90.9761
90.3038
89.9372
89.9082
90.2969
91.1898
92.6201
94.5104
96.6625
98.7925
100.596
101.813
102.281
101.957
100.913
99.3142
97.392
95.4142
93.6499
92.3411
91.6651
91.6915
92.3609
93.5089
94.8936
96.2836
97.4998
98.4517
99.1414
99.6241
99.9567
100.165
100.27
100.321
100.407
100.618
101.002
101.517
102.063
102.513
102.753
102.699
102.295
101.503
100.316
98.7878
97.0493
95.3013
93.8064
92.8395
92.6106
93.1532
94.2716
95.5957
96.7278
97.3855
97.4533
96.9818
96.1552
95.2402
94.492
94.0642
93.9583
94.0586
94.2177
94.345
94.4335
94.5476
94.7916
95.2483
95.9353
96.794
97.6946
98.4643
98.9467
99.0392
98.7285
98.0894
97.2615
96.39
95.6041
94.992
94.5921
94.3999
94.3626
94.4004
94.4606
94.5467
94.7123
95.0061
95.4082
95.8161
96.1086
96.2012
96.0894
95.8445
95.5989
95.5304
95.8153
96.5614
97.7537
99.234
100.739
101.973
102.686
102.739
102.12
100.926
99.336
97.5796
95.9015
94.536
93.6371
93.2428
93.25
93.4568
93.6421
93.6462
93.4132
92.9875
92.4715
91.9867
91.65
91.5689
91.836
92.5077
93.6077
95.0906
96.843
98.6746
100.342
101.596
102.237
102.152
101.332
99.8663
97.9289
95.7697
93.6977
92.0269
91.0084
90.7943
91.4302
92.8681
94.9694
97.4811
100.051
102.294
103.894
104.67
104.594
103.768
102.377
100.637
98.7574
96.9488
95.4326
94.4337
94.1421
94.6158
95.7221
97.1352
98.4397
99.2477
99.3119
98.5938
97.2827
95.7235
94.2966
93.2744
92.7396
92.5955
92.6425
92.671
92.5208
92.115
91.4831
90.7404
90.04
89.5094
89.2255
89.2142
89.4823
90.0223
90.7971
91.7373
92.7683
93.8308
94.8874
95.8982
96.7869
97.4211
97.6444
97.3388
96.4973
95.271
93.957
92.9043
92.3954
92.5571
93.3724
94.7346
96.5004
98.4899
100.47
102.166
103.355
103.938
103.966
103.605
103.073
102.563
102.184
101.948
101.79
101.612
101.334
100.882
100.179
99.1269
97.6832
95.9386
94.1889
92.8093
92.0643
91.992
92.4385
93.1883
94.0586
94.9411
95.7995
96.6484
97.5146
98.375
99.1439
99.7108
99.994
99.9841
99.7256
99.259
98.5977
97.7208
96.5989
95.2445
93.7333
92.1762
90.7074
89.4502
88.5217
88.0355
88.076
