1.97123e-21
1.91316e-21
1.81561e-21
1.68183e-21
1.51691e-21
1.32883e-21
1.12889e-21
9.31207e-22
7.51531e-22
6.04775e-22
5.02233e-22
4.49187e-22
4.44102e-22
4.79489e-22
5.43986e-22
6.24819e-22
7.09937e-22
7.89415e-22
8.56022e-22
9.05466e-22
9.36211e-22
9.49103e-22
9.46913e-22
9.33978e-22
9.15323e-22
8.96287e-22
8.81697e-22
8.75338e-22
8.79495e-22
8.94747e-22
9.20109e-22
9.53304e-22
9.9136e-22
1.0311e-21
1.06979e-21
1.10532e-21
1.13639e-21
1.16246e-21
1.18338e-21
1.19909e-21
1.2093e-21
1.2136e-21
1.21139e-21
1.20218e-21
1.18559e-21
1.16167e-21
1.13105e-21
1.09511e-21
1.05575e-21
1.01528e-21
9.76304e-22
9.41484e-22
9.13252e-22
8.93361e-22
8.82842e-22
8.81768e-22
8.89304e-22
9.03992e-22
9.23873e-22
9.46728e-22
9.70258e-22
9.92391e-22
1.01154e-21
1.02665e-21
1.03731e-21
1.04348e-21
1.04537e-21
1.04356e-21
1.03888e-21
1.03233e-21
1.02517e-21
1.01882e-21
1.0146e-21
1.01341e-21
1.01571e-21
1.02158e-21
1.03068e-21
1.0423e-21
1.05561e-21
1.06951e-21
1.0827e-21
1.09383e-21
1.10173e-21
1.10562e-21
1.10531e-21
1.10109e-21
1.0937e-21
1.08411e-21
1.07322e-21
1.06186e-21
1.05052e-21
1.03927e-21
1.02803e-21
1.01632e-21
1.00343e-21
9.88754e-22
9.71945e-22
9.53023e-22
9.32631e-22
9.12066e-22
8.93151e-22
8.77966e-22
8.68449e-22
8.6586e-22
8.70506e-22
8.81749e-22
8.98297e-22
9.18634e-22
9.4155e-22
9.664e-22
9.92982e-22
1.02133e-21
1.05125e-21
1.08191e-21
1.11181e-21
1.13898e-21
1.16126e-21
1.17701e-21
1.18511e-21
1.18512e-21
1.17735e-21
1.16269e-21
1.14249e-21
1.11836e-21
1.09204e-21
1.06535e-21
1.03981e-21
1.01682e-21
9.97556e-22
9.82856e-22
9.73039e-22
9.67744e-22
9.66224e-22
9.67317e-22
9.69722e-22
9.72217e-22
9.73868e-22
9.74106e-22
9.7278e-22
9.70197e-22
9.67035e-22
9.64197e-22
9.62692e-22
9.63384e-22
9.66853e-22
9.73234e-22
9.82034e-22
9.92193e-22
1.00224e-21
1.0105e-21
1.0154e-21
1.01586e-21
1.01155e-21
1.00294e-21
9.9108e-22
9.7746e-22
9.63638e-22
9.5114e-22
9.41371e-22
9.35577e-22
9.34887e-22
9.40372e-22
9.52778e-22
9.72379e-22
9.98731e-22
1.03039e-21
1.06512e-21
1.10025e-21
1.13295e-21
1.16054e-21
1.18078e-21
1.19221e-21
1.19426e-21
1.18713e-21
1.17178e-21
1.14966e-21
1.1227e-21
1.09292e-21
1.06226e-21
1.03243e-21
1.00474e-21
9.80234e-22
9.59558e-22
9.43124e-22
9.31147e-22
9.23529e-22
9.19904e-22
9.19667e-22
9.21861e-22
9.25176e-22
9.28075e-22
9.29179e-22
9.27525e-22
9.22935e-22
9.16272e-22
9.09223e-22
9.04043e-22
9.03061e-22
9.08425e-22
9.21742e-22
9.43833e-22
9.7455e-22
1.01264e-21
1.05584e-21
1.10119e-21
1.14547e-21
1.18564e-21
1.2193e-21
1.24477e-21
1.26105e-21
1.26774e-21
1.26489e-21
1.25277e-21
1.23186e-21
1.20282e-21
1.16672e-21
1.12502e-21
1.07967e-21
1.03291e-21
9.86868e-22
9.43491e-22
9.04232e-22
8.70208e-22
8.42265e-22
8.21223e-22
8.07889e-22
8.02842e-22
8.06305e-22
8.17942e-22
8.36824e-22
8.61639e-22
8.90919e-22
9.23256e-22
9.57275e-22
9.91612e-22
1.02489e-21
1.05558e-21
1.08208e-21
1.10286e-21
1.11669e-21
1.12289e-21
1.12143e-21
1.11293e-21
1.0985e-21
1.07976e-21
1.05873e-21
1.03735e-21
1.01738e-21
1.00031e-21
9.87191e-22
3.14942e-21
3.05907e-21
2.9203e-21
2.74001e-21
2.53098e-21
2.3119e-21
2.10501e-21
1.9305e-21
1.80175e-21
1.72475e-21
1.69927e-21
1.71949e-21
1.77515e-21
1.85397e-21
1.94282e-21
2.02853e-21
2.09924e-21
2.14632e-21
2.1667e-21
2.16348e-21
2.14443e-21
2.11929e-21
2.09732e-21
2.08545e-21
2.088e-21
2.1065e-21
2.13954e-21
2.18371e-21
2.23433e-21
2.28648e-21
2.33526e-21
2.37584e-21
2.40338e-21
2.4129e-21
2.39958e-21
2.36006e-21
2.29445e-21
2.20965e-21
2.12037e-21
2.04525e-21
1.99888e-21
1.98653e-21
2.00522e-21
2.04778e-21
2.10553e-21
2.16933e-21
2.22984e-21
2.27867e-21
2.3092e-21
2.31736e-21
2.3019e-21
2.26496e-21
2.21279e-21
2.15556e-21
2.1053e-21
2.07096e-21
2.0546e-21
2.05207e-21
2.05685e-21
2.06347e-21
2.06857e-21
2.07086e-21
2.07093e-21
2.07102e-21
2.07447e-21
2.08436e-21
2.10271e-21
2.12959e-21
2.1626e-21
2.19744e-21
2.22873e-21
2.25139e-21
2.262e-21
2.25966e-21
2.24626e-21
2.22604e-21
2.2045e-21
2.18648e-21
2.17489e-21
2.17048e-21
2.17234e-21
2.17921e-21
2.19004e-21
2.20318e-21
2.21528e-21
2.22167e-21
2.21825e-21
2.20378e-21
2.18085e-21
2.15509e-21
2.13337e-21
2.12118e-21
2.12093e-21
2.1319e-21
2.15058e-21
2.17204e-21
2.19111e-21
2.20326e-21
2.20503e-21
2.19514e-21
2.17523e-21
2.15019e-21
2.12662e-21
2.11043e-21
2.105e-21
2.11108e-21
2.12723e-21
2.15004e-21
2.17532e-21
2.19897e-21
2.21755e-21
2.22834e-21
2.22905e-21
2.21812e-21
2.19528e-21
2.16244e-21
2.12406e-21
2.0874e-21
2.06042e-21
2.04907e-21
2.05471e-21
2.07345e-21
2.0985e-21
2.12333e-21
2.14407e-21
2.16004e-21
2.17336e-21
2.18758e-21
2.20591e-21
2.22998e-21
2.25871e-21
2.28862e-21
2.31515e-21
2.33423e-21
2.34302e-21
2.34058e-21
2.32774e-21
2.30741e-21
2.28395e-21
2.26207e-21
2.24595e-21
2.23847e-21
2.24019e-21
2.24894e-21
2.25981e-21
2.2665e-21
2.26328e-21
2.24658e-21
2.21567e-21
2.17188e-21
2.11784e-21
2.05668e-21
1.99215e-21
1.92931e-21
1.87516e-21
1.83788e-21
1.82391e-21
1.83557e-21
1.87059e-21
1.92422e-21
1.99089e-21
2.06539e-21
2.14285e-21
2.21859e-21
2.28804e-21
2.34699e-21
2.39176e-21
2.41949e-21
2.42865e-21
2.4195e-21
2.3942e-21
2.35698e-21
2.31336e-21
2.26886e-21
2.22799e-21
2.19364e-21
2.16754e-21
2.15075e-21
2.14396e-21
2.14723e-21
2.15901e-21
2.17562e-21
2.1919e-21
2.2031e-21
2.20604e-21
2.19948e-21
2.18362e-21
2.15996e-21
2.13109e-21
2.10042e-21
2.07123e-21
2.04597e-21
2.02621e-21
2.01341e-21
2.00978e-21
2.01837e-21
2.04211e-21
2.08212e-21
2.13632e-21
2.199e-21
2.26193e-21
2.3168e-21
2.35713e-21
2.37951e-21
2.38393e-21
2.37308e-21
2.35163e-21
2.32515e-21
2.29914e-21
2.27824e-21
2.26544e-21
2.26197e-21
2.26729e-21
2.27899e-21
2.29292e-21
2.30412e-21
2.30778e-21
2.3002e-21
2.2795e-21
2.24579e-21
2.20095e-21
2.14886e-21
2.09567e-21
2.04934e-21
2.01764e-21
2.00519e-21
2.01167e-21
2.03297e-21
2.06263e-21
2.0935e-21
2.11947e-21
2.13707e-21
2.14623e-21
2.14926e-21
2.14928e-21
2.14865e-21
2.14794e-21
2.14634e-21
2.14314e-21
2.13897e-21
2.13647e-21
2.1393e-21
2.15025e-21
2.16973e-21
2.19522e-21
2.22255e-21
2.24772e-21
2.26813e-21
2.28278e-21
2.29067e-21
1.90245e-21
1.90914e-21
1.9168e-21
1.92478e-21
1.93284e-21
1.94038e-21
1.94694e-21
1.9535e-21
1.96271e-21
1.97778e-21
2.00036e-21
2.02941e-21
2.06169e-21
2.09317e-21
2.11986e-21
2.13824e-21
2.14578e-21
2.14187e-21
2.1287e-21
2.11078e-21
2.09295e-21
2.07765e-21
2.06414e-21
2.05055e-21
2.03641e-21
2.02346e-21
2.01455e-21
2.01198e-21
2.01623e-21
2.02604e-21
2.03888e-21
2.05186e-21
2.06224e-21
2.06775e-21
2.06637e-21
2.05655e-21
2.0373e-21
2.00868e-21
1.97204e-21
1.93024e-21
1.88736e-21
1.84877e-21
1.82031e-21
1.80693e-21
1.81063e-21
1.82962e-21
1.85931e-21
1.89404e-21
1.9285e-21
1.95848e-21
1.9813e-21
1.99595e-21
2.00253e-21
2.00197e-21
1.99511e-21
1.98267e-21
1.96549e-21
1.94482e-21
1.92265e-21
1.90156e-21
1.88415e-21
1.87234e-21
1.86671e-21
1.86675e-21
1.87114e-21
1.87813e-21
1.88605e-21
1.89345e-21
1.89946e-21
1.90406e-21
1.90805e-21
1.9132e-21
1.92107e-21
1.9322e-21
1.94557e-21
1.95896e-21
1.97046e-21
1.97938e-21
1.98626e-21
1.99238e-21
1.99907e-21
2.00712e-21
2.01664e-21
2.02698e-21
2.03733e-21
2.04706e-21
2.05608e-21
2.06446e-21
2.07194e-21
2.0775e-21
2.07971e-21
2.0778e-21
2.07219e-21
2.06427e-21
2.05559e-21
2.04715e-21
2.0388e-21
2.02943e-21
2.01732e-21
2.00045e-21
1.97723e-21
1.94719e-21
1.91134e-21
1.87206e-21
1.83276e-21
1.79713e-21
1.76875e-21
1.75084e-21
1.74624e-21
1.75709e-21
1.78374e-21
1.82427e-21
1.87455e-21
1.92925e-21
1.98305e-21
2.03178e-21
2.07284e-21
2.10467e-21
2.1262e-21
2.13701e-21
2.13764e-21
2.1297e-21
2.11547e-21
2.09736e-21
2.07694e-21
2.05474e-21
2.03088e-21
2.00547e-21
1.97899e-21
1.95262e-21
1.92806e-21
1.90706e-21
1.89123e-21
1.88177e-21
1.8792e-21
1.88309e-21
1.89234e-21
1.90529e-21
1.92011e-21
1.93531e-21
1.95004e-21
1.96356e-21
1.97499e-21
1.98289e-21
1.98535e-21
1.98058e-21
1.96779e-21
1.94793e-21
1.92394e-21
1.90024e-21
1.88164e-21
1.87224e-21
1.87417e-21
1.88732e-21
1.90968e-21
1.93811e-21
1.9692e-21
1.9995e-21
2.02605e-21
2.04634e-21
2.05857e-21
2.06181e-21
2.05591e-21
2.04126e-21
2.0186e-21
1.98918e-21
1.95562e-21
1.92174e-21
1.89206e-21
1.87041e-21
1.85936e-21
1.85949e-21
1.86922e-21
1.88497e-21
1.90175e-21
1.91513e-21
1.92284e-21
1.92566e-21
1.92676e-21
1.92961e-21
1.936e-21
1.94562e-21
1.95677e-21
1.96768e-21
1.97703e-21
1.98394e-21
1.988e-21
1.98943e-21
1.98915e-21
1.98856e-21
1.98923e-21
1.99231e-21
1.99818e-21
2.00638e-21
2.01566e-21
2.02442e-21
2.03089e-21
2.03347e-21
2.03085e-21
2.02173e-21
2.00519e-21
1.98103e-21
1.95124e-21
1.9195e-21
1.88988e-21
1.86536e-21
1.84759e-21
1.83756e-21
1.83585e-21
1.84256e-21
1.85694e-21
1.87742e-21
1.90171e-21
1.92703e-21
1.95053e-21
1.96988e-21
1.98381e-21
1.99205e-21
1.99541e-21
1.99498e-21
1.99183e-21
1.98637e-21
1.97818e-21
1.96645e-21
1.95029e-21
1.92962e-21
1.90597e-21
1.88257e-21
1.86426e-21
1.85638e-21
1.86313e-21
1.88586e-21
1.92244e-21
1.96776e-21
2.01574e-21
2.06084e-21
2.09884e-21
2.12684e-21
2.14279e-21
2.14537e-21
2.13409e-21
2.10966e-21
2.07411e-21
2.03128e-21
1.98672e-21
1.94669e-21
1.91631e-21
1.89763e-21
1.88934e-21
1.88843e-21
1.93134e-21
1.93626e-21
1.94268e-21
1.9514e-21
1.9634e-21
1.97915e-21
1.99775e-21
2.01711e-21
2.03464e-21
2.0481e-21
2.05594e-21
2.05753e-21
2.05305e-21
2.04336e-21
2.03006e-21
2.01489e-21
1.99956e-21
1.98544e-21
1.97329e-21
1.96373e-21
1.95751e-21
1.95575e-21
1.95982e-21
1.97057e-21
1.98757e-21
2.00845e-21
2.02901e-21
2.04436e-21
2.05046e-21
2.04551e-21
2.03066e-21
2.01e-21
1.98925e-21
1.97379e-21
1.9668e-21
1.96896e-21
1.97877e-21
1.99373e-21
2.01132e-21
2.02932e-21
2.04613e-21
2.0606e-21
2.07143e-21
2.07673e-21
2.07457e-21
2.06371e-21
2.04459e-21
2.0197e-21
1.99274e-21
1.96802e-21
1.94889e-21
1.93682e-21
1.93114e-21
1.92957e-21
1.92926e-21
1.92759e-21
1.9226e-21
1.91319e-21
1.89947e-21
1.88319e-21
1.86757e-21
1.85661e-21
1.85417e-21
1.86312e-21
1.88474e-21
1.91852e-21
1.96207e-21
2.01172e-21
2.0627e-21
2.10881e-21
2.14331e-21
2.15988e-21
2.15434e-21
2.12604e-21
2.07855e-21
2.01952e-21
1.9597e-21
1.91071e-21
1.8819e-21
1.87747e-21
1.89541e-21
1.92914e-21
1.97053e-21
2.01221e-21
2.04853e-21
2.07559e-21
2.09093e-21
2.0933e-21
2.08259e-21
2.05976e-21
2.02707e-21
1.98831e-21
1.94843e-21
1.913e-21
1.88759e-21
1.87694e-21
1.88415e-21
1.90982e-21
1.9517e-21
2.00491e-21
2.06313e-21
2.12026e-21
2.17109e-21
2.21167e-21
2.23909e-21
2.25068e-21
2.24403e-21
2.21731e-21
2.17027e-21
2.10591e-21
2.03142e-21
1.95774e-21
1.89721e-21
1.85868e-21
1.84321e-21
1.84442e-21
1.85277e-21
1.86033e-21
1.8627e-21
1.85892e-21
1.85022e-21
1.83899e-21
1.82807e-21
1.82014e-21
1.81723e-21
1.82076e-21
1.83185e-21
1.8517e-21
1.88129e-21
1.92003e-21
1.96437e-21
2.00841e-21
2.04593e-21
2.07245e-21
2.08651e-21
2.08977e-21
2.08585e-21
2.07931e-21
2.07424e-21
2.07329e-21
2.07712e-21
2.08482e-21
2.09442e-21
2.10332e-21
2.10861e-21
2.10731e-21
2.09693e-21
2.07583e-21
2.04409e-21
2.00436e-21
1.96164e-21
1.92274e-21
1.8948e-21
1.88355e-21
1.89112e-21
1.91562e-21
1.95131e-21
1.99038e-21
2.02587e-21
2.05359e-21
2.07272e-21
2.08452e-21
2.09111e-21
2.09415e-21
2.09421e-21
2.09054e-21
2.0816e-21
2.06573e-21
2.04233e-21
2.01252e-21
1.97917e-21
1.94645e-21
1.91875e-21
1.89965e-21
1.89101e-21
1.89294e-21
1.90366e-21
1.92051e-21
1.94035e-21
1.95987e-21
1.97579e-21
1.98532e-21
1.98663e-21
1.97917e-21
1.96379e-21
1.94283e-21
1.91927e-21
1.89585e-21
1.87486e-21
1.85835e-21
1.84885e-21
1.84944e-21
1.86323e-21
1.89132e-21
1.93199e-21
1.98042e-21
2.03001e-21
2.07409e-21
2.10746e-21
2.12735e-21
2.13355e-21
2.1281e-21
2.1145e-21
2.09668e-21
2.07787e-21
2.05973e-21
2.04225e-21
2.02413e-21
2.00355e-21
1.97894e-21
1.94963e-21
1.91647e-21
1.88264e-21
1.8535e-21
1.83547e-21
1.83395e-21
1.85142e-21
1.88614e-21
1.93243e-21
1.98232e-21
2.0277e-21
2.06224e-21
2.08266e-21
2.0887e-21
2.08232e-21
2.06693e-21
2.04637e-21
2.02394e-21
2.00182e-21
1.98081e-21
1.96089e-21
1.94255e-21
1.9272e-21
1.91749e-21
1.91584e-21
1.92315e-21
1.93871e-21
1.96087e-21
1.98737e-21
2.01551e-21
2.04206e-21
2.06343e-21
2.07642e-21
2.07909e-21
2.07151e-21
2.05616e-21
2.0378e-21
2.02201e-21
2.01343e-21
2.01413e-21
2.02337e-21
2.03885e-21
2.05795e-21
2.07831e-21
2.09768e-21
2.11367e-21
2.12366e-21
2.12547e-21
2.11775e-21
2.10064e-21
2.07585e-21
2.04632e-21
2.01583e-21
1.98808e-21
1.96599e-21
1.95137e-21
1.9444e-21
1.94338e-21
1.94511e-21
1.94586e-21
1.94229e-21
1.93286e-21
1.91788e-21
1.89953e-21
1.88107e-21
1.86611e-21
1.8578e-21
1.85839e-21
1.86907e-21
1.88973e-21
1.91852e-21
1.95199e-21
1.98538e-21
2.0135e-21
2.03233e-21
2.04054e-21
2.04026e-21
2.03642e-21
2.03513e-21
2.04134e-21
2.05688e-21
2.07977e-21
2.10503e-21
2.12636e-21
2.13827e-21
2.13743e-21
2.12309e-21
2.09674e-21
2.06152e-21
2.02128e-21
1.98034e-21
1.94331e-21
1.91469e-21
1.89777e-21
1.89323e-21
1.89851e-21
1.90885e-21
1.91928e-21
1.92626e-21
1.92832e-21
1.9261e-21
1.92221e-21
1.92027e-21
1.92382e-21
1.9351e-21
1.95385e-21
1.97738e-21
2.00106e-21
2.01966e-21
2.02873e-21
2.0261e-21
2.01293e-21
1.99379e-21
1.97528e-21
1.96283e-21
1.958e-21
1.95811e-21
1.95834e-21
1.95475e-21
1.94636e-21
1.93555e-21
1.92725e-21
1.92693e-21
1.93849e-21
1.96244e-21
1.99581e-21
2.03341e-21
2.06981e-21
2.10101e-21
2.12521e-21
2.14232e-21
2.15318e-21
2.15874e-21
2.15929e-21
2.15458e-21
2.14388e-21
2.12622e-21
2.10106e-21
2.06919e-21
2.0335e-21
1.99876e-21
1.97e-21
1.95011e-21
1.9382e-21
1.93111e-21
1.92617e-21
1.92274e-21
1.92208e-21
1.92514e-21
1.93168e-21
1.94075e-21
1.95154e-21
1.96416e-21
1.97918e-21
1.99718e-21
2.01797e-21
2.04039e-21
2.06262e-21
2.08242e-21
2.09734e-21
2.10488e-21
2.10284e-21
2.08957e-21
2.06447e-21
2.02814e-21
1.98273e-21
1.93173e-21
1.87966e-21
1.83155e-21
1.7921e-21
1.76492e-21
1.75195e-21
1.75319e-21
1.76682e-21
1.78955e-21
1.81735e-21
1.84617e-21
1.87316e-21
1.89739e-21
1.91946e-21
1.94036e-21
1.96064e-21
1.98023e-21
1.99902e-21
2.01723e-21
2.03525e-21
2.0532e-21
2.07067e-21
2.08676e-21
2.10045e-21
2.11068e-21
2.11656e-21
2.11713e-21
2.11141e-21
2.09872e-21
2.07927e-21
2.05399e-21
2.02385e-21
1.98992e-21
1.95414e-21
1.92032e-21
1.89368e-21
1.87871e-21
1.87743e-21
1.8887e-21
1.90912e-21
1.9343e-21
1.9594e-21
1.97943e-21
1.98993e-21
1.98853e-21
1.97593e-21
1.95611e-21
1.93537e-21
1.9206e-21
1.91753e-21
1.9294e-21
1.95653e-21
1.9966e-21
2.04558e-21
2.09852e-21
2.14978e-21
2.19322e-21
2.22305e-21
2.23466e-21
2.226e-21
2.19771e-21
2.15321e-21
2.0984e-21
2.04208e-21
1.99476e-21
1.96483e-21
1.95343e-21
1.95348e-21
1.95566e-21
1.9553e-21
1.95429e-21
1.95836e-21
1.97218e-21
1.9958e-21
2.02396e-21
2.04819e-21
2.06062e-21
2.05737e-21
2.04024e-21
2.0159e-21
1.99284e-21
1.97755e-21
1.97215e-21
1.97452e-21
1.98062e-21
1.98668e-21
1.99045e-21
1.99149e-21
1.99033e-21
1.98803e-21
1.98561e-21
1.98363e-21
1.98182e-21
1.97889e-21
1.97279e-21
1.96151e-21
1.9441e-21
1.92145e-21
1.89668e-21
1.87453e-21
1.85974e-21
1.85505e-21
1.86062e-21
1.87398e-21
1.89153e-21
1.90941e-21
1.92468e-21
1.93561e-21
1.94226e-21
1.94618e-21
1.94983e-21
1.9558e-21
1.96589e-21
1.98032e-21
1.99793e-21
2.0166e-21
2.03425e-21
2.04958e-21
2.06237e-21
2.07311e-21
2.08264e-21
2.09132e-21
2.09925e-21
2.1065e-21
2.11355e-21
2.12098e-21
2.12896e-21
2.13605e-21
2.13958e-21
2.13665e-21
2.12525e-21
2.10526e-21
2.07874e-21
2.04975e-21
2.02298e-21
2.00213e-21
1.9886e-21
1.98128e-21
1.97704e-21
1.97222e-21
1.96395e-21
1.95053e-21
1.93172e-21
1.90818e-21
1.88159e-21
1.85417e-21
1.82839e-21
1.80695e-21
1.79243e-21
1.78706e-21
1.79172e-21
1.80564e-21
1.8267e-21
1.85226e-21
1.88032e-21
1.91022e-21
1.94258e-21
1.97838e-21
2.01739e-21
2.05764e-21
2.09634e-21
2.13092e-21
2.15982e-21
2.18228e-21
2.198e-21
2.20662e-21
2.20753e-21
2.19994e-21
2.18328e-21
2.15752e-21
2.12397e-21
2.08563e-21
2.04696e-21
2.01259e-21
1.98604e-21
1.96936e-21
1.96342e-21
1.96777e-21
1.97979e-21
1.99466e-21
2.00647e-21
2.01026e-21
2.00366e-21
1.98705e-21
1.96317e-21
1.93618e-21
1.91027e-21
1.88843e-21
1.87225e-21
1.86243e-21
1.8591e-21
1.86234e-21
1.87187e-21
1.88691e-21
1.90607e-21
1.92759e-21
1.94974e-21
1.9711e-21
1.991e-21
2.00974e-21
2.0281e-21
2.0464e-21
2.06354e-21
2.0766e-21
2.08183e-21
2.07598e-21
2.05749e-21
2.02688e-21
1.98672e-21
1.94151e-21
1.89719e-21
1.8601e-21
1.8355e-21
1.82582e-21
1.8304e-21
1.84664e-21
1.87176e-21
1.90404e-21
1.9427e-21
1.98656e-21
2.03317e-21
2.07914e-21
2.12051e-21
2.15344e-21
2.17457e-21
2.18156e-21
2.17371e-21
2.15219e-21
2.12022e-21
2.08274e-21
2.04538e-21
2.01285e-21
1.98758e-21
1.96943e-21
1.95622e-21
1.9454e-21
1.9353e-21
1.92559e-21
1.91721e-21
1.9117e-21
1.91041e-21
1.91382e-21
1.92136e-21
1.9316e-21
1.94301e-21
1.95439e-21
1.9652e-21
1.97573e-21
1.98681e-21
1.99918e-21
2.01326e-21
2.02863e-21
2.04401e-21
2.05732e-21
2.06587e-21
2.06669e-21
2.05744e-21
2.03681e-21
2.0053e-21
1.96574e-21
1.92311e-21
1.88383e-21
1.85469e-21
1.84108e-21
1.84559e-21
1.86731e-21
1.90245e-21
1.94528e-21
1.98936e-21
2.02894e-21
2.05977e-21
2.07947e-21
2.08774e-21
2.08633e-21
2.07862e-21
2.06894e-21
2.06123e-21
2.05794e-21
2.05924e-21
2.0633e-21
2.06751e-21
2.06995e-21
2.07012e-21
2.06831e-21
2.06428e-21
2.05664e-21
2.04397e-21
2.02634e-21
2.00588e-21
1.98614e-21
1.97066e-21
1.96185e-21
1.96073e-21
1.9675e-21
1.98181e-21
2.00239e-21
2.02663e-21
2.05058e-21
2.06988e-21
2.0811e-21
2.08231e-21
2.07283e-21
2.05353e-21
2.02684e-21
1.99653e-21
1.96708e-21
1.94247e-21
1.92528e-21
1.91588e-21
1.9124e-21
1.91177e-21
1.9109e-21
1.90757e-21
1.90129e-21
1.89356e-21
1.88784e-21
1.88831e-21
1.89796e-21
1.9175e-21
1.94539e-21
1.97885e-21
2.01501e-21
2.05154e-21
2.0861e-21
2.11615e-21
2.13867e-21
2.15057e-21
2.1496e-21
2.13484e-21
2.1072e-21
2.06908e-21
2.02412e-21
1.97673e-21
1.93186e-21
1.89439e-21
1.86861e-21
1.85756e-21
1.86207e-21
1.88064e-21
1.90961e-21
1.94395e-21
1.97828e-21
2.00814e-21
2.03062e-21
2.04463e-21
2.05056e-21
2.04952e-21
2.04258e-21
2.0302e-21
2.01191e-21
1.98695e-21
1.9551e-21
1.9187e-21
1.88396e-21
1.86006e-21
1.85504e-21
1.8712e-21
1.90428e-21
1.9467e-21
1.99098e-21
2.03113e-21
2.06264e-21
2.08227e-21
2.08848e-21
2.08148e-21
2.06337e-21
2.03785e-21
2.00959e-21
1.98322e-21
1.96236e-21
1.94901e-21
1.94339e-21
1.94416e-21
1.94904e-21
1.95578e-21
1.96251e-21
1.96854e-21
1.9748e-21
1.98366e-21
1.99786e-21
2.01894e-21
2.04603e-21
2.07608e-21
2.10474e-21
2.12734e-21
2.14008e-21
2.14117e-21
2.13131e-21
2.11328e-21
2.09118e-21
2.06889e-21
2.04873e-21
2.03125e-21
2.01593e-21
2.00234e-21
1.99094e-21
1.98323e-21
1.98054e-21
1.98289e-21
1.98892e-21
1.99604e-21
2.00095e-21
2.00004e-21
1.98971e-21
1.96756e-21
1.93385e-21
1.89245e-21
1.85112e-21
1.82018e-21
1.80958e-21
1.825e-21
1.86518e-21
1.92252e-21
1.98622e-21
2.04552e-21
2.09159e-21
2.11862e-21
2.12398e-21
2.10799e-21
2.07351e-21
2.0254e-21
1.96981e-21
1.91323e-21
1.86184e-21
1.82082e-21
1.79436e-21
1.78516e-21
1.79409e-21
1.82015e-21
1.86059e-21
1.91126e-21
1.96671e-21
2.02056e-21
2.0668e-21
2.1013e-21
2.12308e-21
2.13417e-21
2.13815e-21
2.13822e-21
2.13637e-21
2.13332e-21
2.12947e-21
2.12555e-21
2.12243e-21
2.12049e-21
2.11941e-21
2.11817e-21
2.11554e-21
2.1102e-21
2.1008e-21
2.08622e-21
2.06597e-21
2.04083e-21
2.01298e-21
1.98565e-21
1.96203e-21
1.94406e-21
1.93217e-21
1.92566e-21
1.92377e-21
1.9262e-21
1.93313e-21
1.94428e-21
1.95827e-21
1.97268e-21
1.98479e-21
1.99235e-21
1.99408e-21
1.98992e-21
1.98119e-21
1.97007e-21
1.95944e-21
1.9519e-21
1.94877e-21
1.94955e-21
1.95198e-21
1.95308e-21
1.9503e-21
1.94225e-21
1.929e-21
1.91188e-21
1.89279e-21
1.8739e-21
1.85763e-21
1.84659e-21
1.84332e-21
1.84973e-21
1.86616e-21
1.89111e-21
1.92122e-21
1.9524e-21
1.98082e-21
2.00443e-21
2.02341e-21
2.04066e-21
2.06022e-21
2.08508e-21
2.11463e-21
2.1443e-21
2.1672e-21
2.17734e-21
2.17178e-21
2.15134e-21
2.11985e-21
2.08219e-21
2.04282e-21
2.00508e-21
1.97132e-21
1.94342e-21
1.9229e-21
1.91076e-21
1.90671e-21
1.90876e-21
1.91371e-21
1.91852e-21
1.92122e-21
1.92129e-21
1.9196e-21
1.91769e-21
1.91696e-21
1.91856e-21
1.92283e-21
1.92991e-21
1.93973e-21
1.95169e-21
1.9644e-21
1.97574e-21
1.98372e-21
1.98746e-21
1.98766e-21
1.98654e-21
1.98709e-21
1.99207e-21
2.00283e-21
2.01874e-21
2.03755e-21
2.05663e-21
2.0739e-21
2.08836e-21
2.09976e-21
2.10826e-21
2.11396e-21
2.11668e-21
2.11536e-21
2.1085e-21
2.09463e-21
2.07396e-21
2.04945e-21
2.02694e-21
2.01251e-21
2.0098e-21
2.01827e-21
2.03406e-21
2.05192e-21
2.06714e-21
2.07641e-21
2.07817e-21
2.07278e-21
2.06224e-21
2.04906e-21
2.03537e-21
2.02177e-21
2.0076e-21
1.99102e-21
1.96999e-21
1.94301e-21
1.90996e-21
1.87251e-21
1.83436e-21
1.80053e-21
1.77605e-21
1.76427e-21
1.76633e-21
1.78094e-21
1.80506e-21
1.83498e-21
1.86745e-21
1.90075e-21
1.93499e-21
1.97144e-21
2.01164e-21
2.05637e-21
2.10516e-21
2.15574e-21
2.20392e-21
2.24437e-21
2.27168e-21
2.28185e-21
2.27293e-21
2.24539e-21
2.20177e-21
2.14606e-21
2.08342e-21
2.0199e-21
1.96188e-21
1.91523e-21
1.88382e-21
1.86802e-21
1.86523e-21
1.87156e-21
1.88391e-21
1.90089e-21
1.92249e-21
1.94872e-21
1.97861e-21
2.00937e-21
2.0367e-21
2.05606e-21
2.06399e-21
2.05956e-21
2.04476e-21
2.0246e-21
2.00582e-21
1.99494e-21
1.99612e-21
2.00942e-21
2.03068e-21
2.05328e-21
2.07052e-21
2.07775e-21
2.0733e-21
2.05837e-21
2.03636e-21
2.01161e-21
1.98834e-21
1.96938e-21
1.9557e-21
1.9466e-21
1.94049e-21
1.93553e-21
1.93046e-21
1.92544e-21
1.9219e-21
1.92152e-21
1.92472e-21
1.93049e-21
1.9368e-21
1.94189e-21
1.9451e-21
1.94746e-21
1.9515e-21
1.95922e-21
1.96993e-21
1.97988e-21
1.98405e-21
1.97884e-21
1.96352e-21
1.94016e-21
1.91286e-21
1.8862e-21
1.86429e-21
1.85003e-21
1.84477e-21
1.84887e-21
1.86241e-21
1.88524e-21
1.91621e-21
1.95261e-21
1.99017e-21
2.02411e-21
2.05078e-21
2.06848e-21
2.07766e-21
2.08055e-21
2.07995e-21
2.0782e-21
2.07645e-21
2.07434e-21
2.07008e-21
2.06144e-21
2.0467e-21
2.02614e-21
2.00285e-21
1.9818e-21
1.96749e-21
1.96182e-21
1.96365e-21
1.97068e-21
1.98127e-21
1.99455e-21
2.00977e-21
2.02552e-21
2.03974e-21
2.05016e-21
2.05491e-21
2.05306e-21
2.04471e-21
2.03063e-21
2.01201e-21
1.99008e-21
1.96656e-21
1.94325e-21
1.92232e-21
1.90614e-21
1.89741e-21
1.89838e-21
1.91003e-21
1.93078e-21
1.95641e-21
1.981e-21
1.99904e-21
2.00729e-21
2.00615e-21
1.99938e-21
1.9924e-21
1.99013e-21
1.99495e-21
2.00584e-21
2.01892e-21
2.02896e-21
2.031e-21
2.02211e-21
2.00265e-21
1.97646e-21
1.94956e-21
1.92802e-21
1.91564e-21
1.91283e-21
1.91701e-21
1.92389e-21
1.9291e-21
1.92916e-21
1.92242e-21
1.90943e-21
1.89362e-21
1.88032e-21
1.87512e-21
1.88206e-21
1.90244e-21
1.93434e-21
1.97309e-21
2.01252e-21
2.04669e-21
2.07104e-21
2.0831e-21
2.08299e-21
2.07333e-21
2.05878e-21
2.04477e-21
2.03532e-21
2.0311e-21
2.02936e-21
2.02555e-21
2.01613e-21
2.0012e-21
1.98491e-21
1.97358e-21
1.97291e-21
1.98551e-21
2.01037e-21
2.04326e-21
2.07739e-21
2.10488e-21
2.11828e-21
2.11248e-21
2.08657e-21
2.04504e-21
1.99707e-21
1.95315e-21
1.91988e-21
1.89729e-21
1.88147e-21
1.86855e-21
1.85694e-21
1.84732e-21
1.84196e-21
1.84409e-21
1.85669e-21
1.88148e-21
1.91811e-21
1.96357e-21
2.01237e-21
2.05794e-21
2.09454e-21
2.11847e-21
2.12841e-21
2.12523e-21
2.1117e-21
2.09232e-21
2.07215e-21
2.05525e-21
2.04363e-21
2.03742e-21
2.03543e-21
2.03583e-21
2.03701e-21
2.03804e-21
2.03876e-21
2.03917e-21
2.03867e-21
2.03571e-21
2.02822e-21
2.0147e-21
1.99515e-21
1.97127e-21
1.94575e-21
1.92135e-21
1.90078e-21
1.88661e-21
1.88043e-21
1.88153e-21
1.88612e-21
1.88931e-21
1.8883e-21
1.88404e-21
1.88073e-21
1.88355e-21
1.89632e-21
1.91983e-21
1.95183e-21
1.98776e-21
2.02227e-21
2.05028e-21
2.06764e-21
2.07162e-21
2.06158e-21
2.04003e-21
2.01307e-21
1.98944e-21
1.9777e-21
1.98291e-21
2.00442e-21
2.03682e-21
2.07241e-21
2.10415e-21
2.12768e-21
2.14177e-21
2.14804e-21
2.14889e-21
2.1463e-21
2.14103e-21
2.13275e-21
2.12121e-21
2.10686e-21
2.09094e-21
2.07507e-21
2.06058e-21
2.04803e-21
2.03751e-21
2.02843e-21
2.01978e-21
2.01044e-21
1.99948e-21
1.98625e-21
1.97039e-21
1.95158e-21
1.93012e-21
1.90661e-21
1.88218e-21
1.85851e-21
1.83758e-21
1.82156e-21
1.8123e-21
1.81077e-21
1.81699e-21
1.82999e-21
1.84805e-21
1.86909e-21
1.89132e-21
1.91351e-21
1.93509e-21
1.95568e-21
1.97467e-21
1.99086e-21
2.00309e-21
2.01072e-21
2.01444e-21
2.01621e-21
2.01818e-21
2.02215e-21
2.02867e-21
2.03667e-21
2.04349e-21
2.04646e-21
2.0448e-21
2.04073e-21
2.0386e-21
2.0422e-21
2.05231e-21
2.06592e-21
2.07818e-21
2.08533e-21
2.08634e-21
2.08293e-21
2.07808e-21
2.0744e-21
2.07335e-21
2.07495e-21
2.07837e-21
2.08264e-21
2.08687e-21
2.09042e-21
2.0928e-21
2.09286e-21
2.08919e-21
2.08008e-21
2.06426e-21
2.04146e-21
2.01266e-21
1.98005e-21
1.94616e-21
1.91284e-21
1.88078e-21
1.84943e-21
1.8181e-21
1.78734e-21
1.75919e-21
1.73697e-21
1.72425e-21
1.72414e-21
1.73877e-21
1.76836e-21
1.81032e-21
1.85912e-21
1.90759e-21
1.94874e-21
1.97751e-21
1.99165e-21
1.99196e-21
1.98202e-21
1.96757e-21
1.95521e-21
1.95089e-21
1.95801e-21
1.9764e-21
2.00254e-21
2.03144e-21
2.05816e-21
2.07869e-21
2.09033e-21
2.09179e-21
2.0837e-21
2.06908e-21
2.0534e-21
2.04293e-21
2.04247e-21
2.05327e-21
2.07233e-21
2.09412e-21
2.11248e-21
2.12232e-21
2.12108e-21
2.10933e-21
2.09023e-21
2.06848e-21
2.04838e-21
2.03276e-21
2.02252e-21
2.01698e-21
2.01465e-21
2.01339e-21
2.01097e-21
2.00472e-21
1.9918e-21
1.97014e-21
1.93939e-21
1.90178e-21
1.86254e-21
1.82976e-21
1.8122e-21
1.81622e-21
1.84304e-21
1.88867e-21
1.94614e-21
2.00792e-21
2.06705e-21
2.11755e-21
2.15459e-21
2.17489e-21
2.17704e-21
2.16158e-21
2.13091e-21
2.08872e-21
2.03939e-21
1.98781e-21
1.93886e-21
1.89707e-21
1.86617e-21
1.84825e-21
1.84373e-21
1.85123e-21
1.86817e-21
1.89147e-21
1.91843e-21
1.94702e-21
1.97542e-21
2.00143e-21
2.02214e-21
2.03412e-21
2.03453e-21
2.02244e-21
1.99977e-21
1.97125e-21
1.9433e-21
1.92225e-21
1.91267e-21
1.91677e-21
1.9343e-21
1.96254e-21
1.99667e-21
2.0305e-21
2.05796e-21
2.07488e-21
2.07989e-21
2.07457e-21
2.06245e-21
2.04784e-21
2.03457e-21
2.02511e-21
2.0201e-21
2.01844e-21
2.01803e-21
2.01674e-21
2.01279e-21
2.00498e-21
1.99205e-21
1.97271e-21
1.94629e-21
1.91397e-21
1.87987e-21
1.85076e-21
1.8338e-21
1.83356e-21
1.85027e-21
1.88049e-21
1.9195e-21
1.96349e-21
2.00922e-21
2.05235e-21
2.08681e-21
2.10656e-21
2.1084e-21
2.09329e-21
2.06578e-21
2.03243e-21
1.9999e-21
1.97316e-21
1.95428e-21
1.94294e-21
1.93817e-21
1.94015e-21
1.95093e-21
1.97253e-21
2.00403e-21
2.04038e-21
2.07443e-21
2.0999e-21
2.11323e-21
2.11351e-21
2.10129e-21
2.07814e-21
2.04671e-21
2.0107e-21
1.97504e-21
1.94513e-21
1.92561e-21
1.91873e-21
1.92336e-21
1.93523e-21
1.94835e-21
1.95653e-21
1.95489e-21
1.94094e-21
1.91511e-21
1.88069e-21
1.84337e-21
1.80987e-21
1.78629e-21
1.77648e-21
1.78109e-21
1.79857e-21
1.82607e-21
1.86034e-21
1.89821e-21
1.93677e-21
1.97355e-21
2.00655e-21
2.03425e-21
2.05542e-21
2.0692e-21
2.07557e-21
2.07605e-21
2.07317e-21
2.07046e-21
2.07097e-21
2.07627e-21
2.08532e-21
2.09521e-21
2.10191e-21
2.10212e-21
2.09448e-21
2.07962e-21
2.05976e-21
2.03784e-21
2.01692e-21
1.99955e-21
1.98751e-21
1.9816e-21
1.9816e-21
1.98665e-21
1.99554e-21
2.00687e-21
2.01916e-21
2.03098e-21
2.04113e-21
2.04863e-21
2.05288e-21
2.05423e-21
2.05463e-21
2.05712e-21
2.06453e-21
2.07764e-21
2.09422e-21
2.10957e-21
2.11821e-21
2.1157e-21
2.09984e-21
2.0712e-21
2.03265e-21
1.98887e-21
1.94517e-21
1.90661e-21
1.87733e-21
1.86045e-21
1.85766e-21
1.86855e-21
1.89016e-21
1.91715e-21
1.94319e-21
1.96259e-21
1.97167e-21
1.96961e-21
1.95843e-21
1.94235e-21
1.92572e-21
1.91141e-21
1.9002e-21
1.89145e-21
1.88448e-21
1.87954e-21
1.87772e-21
1.88062e-21
1.88955e-21
1.90467e-21
1.9249e-21
1.94818e-21
1.97238e-21
1.99592e-21
2.01802e-21
2.03823e-21
2.05627e-21
2.07163e-21
2.08356e-21
2.09147e-21
2.09462e-21
2.09256e-21
2.08527e-21
2.07329e-21
2.05815e-21
2.0424e-21
2.02942e-21
2.02193e-21
2.02074e-21
2.02393e-21
2.02801e-21
2.02962e-21
2.02717e-21
2.02185e-21
2.01718e-21
2.01765e-21
2.0267e-21
2.04434e-21
2.06706e-21
2.08992e-21
2.10879e-21
2.12097e-21
2.1247e-21
2.11861e-21
2.10162e-21
2.07357e-21
2.03582e-21
1.99189e-21
1.94713e-21
1.90772e-21
1.87915e-21
1.8651e-21
1.86687e-21
1.88343e-21
1.91157e-21
1.94606e-21
1.9808e-21
2.00998e-21
2.02904e-21
2.03515e-21
2.02734e-21
2.00656e-21
1.97531e-21
1.93772e-21
1.89868e-21
1.86243e-21
1.83174e-21
1.80808e-21
1.79246e-21
1.78631e-21
1.79172e-21
1.81047e-21
1.84277e-21
1.88649e-21
1.93729e-21
1.98942e-21
2.03724e-21
2.07636e-21
2.10428e-21
2.12065e-21
2.12706e-21
2.12681e-21
2.12431e-21
2.12409e-21
2.1287e-21
2.13731e-21
2.14588e-21
2.14981e-21
2.14646e-21
2.13582e-21
2.11974e-21
2.10022e-21
2.0786e-21
2.05602e-21
2.03384e-21
2.0135e-21
1.9956e-21
1.9798e-21
1.96552e-21
1.95239e-21
1.94061e-21
1.93104e-21
1.92512e-21
1.92469e-21
1.93138e-21
1.94554e-21
1.96566e-21
1.98848e-21
2.01014e-21
2.0274e-21
2.03821e-21
2.04196e-21
2.03934e-21
2.03136e-21
2.01901e-21
2.00272e-21
1.98294e-21
1.96093e-21
1.93949e-21
1.92226e-21
1.91177e-21
1.90831e-21
1.91066e-21
1.91782e-21
1.92982e-21
1.94724e-21
1.97015e-21
1.99734e-21
2.02637e-21
2.05435e-21
2.07857e-21
2.09713e-21
2.1086e-21
2.11182e-21
2.10604e-21
2.09095e-21
2.0674e-21
2.03792e-21
2.0067e-21
1.97861e-21
1.95787e-21
1.94653e-21
1.94416e-21
1.94854e-21
1.95681e-21
1.96617e-21
1.97439e-21
1.98021e-21
1.98388e-21
1.98724e-21
1.9927e-21
2.00229e-21
2.01667e-21
2.03523e-21
2.05594e-21
2.0754e-21
2.08916e-21
2.09286e-21
2.08364e-21
2.06115e-21
2.0279e-21
1.98868e-21
1.94961e-21
1.91741e-21
1.89825e-21
1.89615e-21
1.9121e-21
1.9435e-21
1.98469e-21
2.02868e-21
2.06875e-21
2.09953e-21
2.11788e-21
2.12313e-21
2.11663e-21
2.10084e-21
2.07761e-21
2.04709e-21
2.00825e-21
1.96091e-21
1.90712e-21
1.85134e-21
1.79977e-21
1.75939e-21
1.73701e-21
1.73775e-21
1.76322e-21
1.81079e-21
1.87415e-21
1.94478e-21
2.01353e-21
2.07219e-21
2.11497e-21
2.13909e-21
2.14415e-21
2.13143e-21
2.10343e-21
2.06379e-21
2.01755e-21
1.97033e-21
1.92683e-21
1.89046e-21
1.86354e-21
1.84813e-21
1.84642e-21
1.86032e-21
1.89039e-21
1.93462e-21
1.98856e-21
2.04606e-21
2.10054e-21
2.14613e-21
2.17813e-21
2.19347e-21
2.19102e-21
2.17121e-21
2.13556e-21
2.08672e-21
2.0286e-21
1.96647e-21
1.90641e-21
1.85479e-21
1.81688e-21
1.79618e-21
1.79375e-21
1.80833e-21
1.83658e-21
1.87399e-21
1.91548e-21
1.95596e-21
1.99057e-21
2.01525e-21
2.02731e-21
2.02568e-21
2.01154e-21
1.98795e-21
1.95919e-21
1.93e-21
1.90425e-21
1.88409e-21
1.87017e-21
1.86257e-21
1.86197e-21
1.87002e-21
1.88852e-21
1.91814e-21
1.95728e-21
2.00185e-21
2.04597e-21
2.08331e-21
2.10852e-21
2.11822e-21
2.1115e-21
2.08989e-21
2.05677e-21
2.01696e-21
1.976e-21
1.93946e-21
1.91236e-21
1.89836e-21
1.89891e-21
1.91277e-21
1.93654e-21
1.96522e-21
1.99401e-21
2.01919e-21
2.03891e-21
2.05319e-21
2.06319e-21
2.07008e-21
2.0744e-21
2.07657e-21
2.07762e-21
2.0794e-21
2.08376e-21
2.09172e-21
2.10238e-21
2.1137e-21
2.12302e-21
2.128e-21
2.12687e-21
2.1185e-21
2.10209e-21
2.07751e-21
2.04587e-21
2.00987e-21
1.97366e-21
1.94271e-21
1.92268e-21
1.91794e-21
1.92918e-21
1.95234e-21
1.97976e-21
2.00321e-21
2.01683e-21
2.01823e-21
2.00847e-21
1.99135e-21
1.9724e-21
1.9569e-21
1.94804e-21
1.94585e-21
1.94793e-21
1.95122e-21
1.95386e-21
1.95569e-21
1.95806e-21
1.96311e-21
1.97257e-21
1.98679e-21
2.00458e-21
2.02323e-21
2.03917e-21
2.04916e-21
2.05108e-21
2.04464e-21
2.0314e-21
2.01426e-21
1.99621e-21
1.97994e-21
1.96726e-21
1.95898e-21
1.955e-21
1.95422e-21
1.95501e-21
1.95625e-21
1.95804e-21
1.96147e-21
1.96755e-21
1.97588e-21
1.98432e-21
1.99038e-21
1.9923e-21
1.98999e-21
1.98491e-21
1.97983e-21
1.97841e-21
1.98431e-21
1.99976e-21
2.02445e-21
2.05511e-21
2.08628e-21
2.11183e-21
2.12661e-21
2.1277e-21
2.11487e-21
2.09015e-21
2.05722e-21
2.02085e-21
1.98609e-21
1.95781e-21
1.9392e-21
1.93103e-21
1.93118e-21
1.93547e-21
1.9393e-21
1.93939e-21
1.93456e-21
1.92575e-21
1.91506e-21
1.90502e-21
1.89805e-21
1.89637e-21
1.9019e-21
1.91581e-21
1.93859e-21
1.9693e-21
2.00559e-21
2.04352e-21
2.07805e-21
2.10402e-21
2.1173e-21
2.11554e-21
2.09856e-21
2.0682e-21
2.02808e-21
1.98336e-21
1.94045e-21
1.90585e-21
1.88476e-21
1.88032e-21
1.89349e-21
1.92327e-21
1.96679e-21
2.01881e-21
2.07203e-21
2.11848e-21
2.15161e-21
2.16769e-21
2.1661e-21
2.14901e-21
2.1202e-21
2.08417e-21
2.04524e-21
2.00778e-21
1.97638e-21
1.9557e-21
1.94966e-21
1.95947e-21
1.98238e-21
2.01164e-21
2.03866e-21
2.05539e-21
2.05672e-21
2.04185e-21
2.0147e-21
1.98241e-21
1.95286e-21
1.93169e-21
1.92061e-21
1.91763e-21
1.9186e-21
1.91919e-21
1.91608e-21
1.90768e-21
1.89459e-21
1.87921e-21
1.8647e-21
1.85372e-21
1.84784e-21
1.8476e-21
1.85315e-21
1.86434e-21
1.88038e-21
1.89985e-21
1.92121e-21
1.94321e-21
1.96509e-21
1.98603e-21
2.00443e-21
2.01756e-21
2.02219e-21
2.01586e-21
1.99843e-21
1.97304e-21
1.94582e-21
1.92402e-21
1.91348e-21
1.91683e-21
1.93372e-21
1.96193e-21
1.9985e-21
2.0397e-21
2.08071e-21
2.11584e-21
2.14046e-21
2.15253e-21
2.1531e-21
2.14563e-21
2.13462e-21
2.12405e-21
2.1162e-21
2.11132e-21
2.10804e-21
2.10436e-21
2.09859e-21
2.08925e-21
2.07467e-21
2.05289e-21
2.02299e-21
1.98686e-21
1.95063e-21
1.92205e-21
1.90663e-21
1.90513e-21
1.91438e-21
1.9299e-21
1.94793e-21
1.9662e-21
1.98398e-21
2.00156e-21
2.0195e-21
2.03732e-21
2.05324e-21
2.06498e-21
2.07085e-21
2.07064e-21
2.06529e-21
2.05563e-21
2.04193e-21
2.02377e-21
2.00054e-21
1.97249e-21
1.94119e-21
1.90894e-21
1.87853e-21
1.85249e-21
1.83326e-21
1.82319e-21
1.82403e-21
