912413
1.00196e+06
1.15372e+06
1.35688e+06
1.5941e+06
1.85834e+06
2.13279e+06
2.39858e+06
2.63741e+06
2.83049e+06
2.96203e+06
3.02678e+06
3.02979e+06
2.98046e+06
2.89257e+06
2.78352e+06
2.66893e+06
2.56394e+06
2.47579e+06
2.40849e+06
2.36494e+06
2.34763e+06
2.34957e+06
2.36622e+06
2.38925e+06
2.41384e+06
2.43339e+06
2.43961e+06
2.43583e+06
2.41488e+06
2.38043e+06
2.33748e+06
2.28809e+06
2.23568e+06
2.18349e+06
2.13565e+06
2.09316e+06
2.05478e+06
2.02628e+06
2.00581e+06
1.99118e+06
1.98476e+06
1.98793e+06
2.00299e+06
2.02808e+06
2.06066e+06
2.10432e+06
2.15291e+06
2.2073e+06
2.26068e+06
2.31258e+06
2.35947e+06
2.39607e+06
2.42287e+06
2.43594e+06
2.43563e+06
2.42309e+06
2.40258e+06
2.37486e+06
2.34266e+06
2.31184e+06
2.28321e+06
2.25834e+06
2.23832e+06
2.22404e+06
2.21833e+06
2.21669e+06
2.22e+06
2.22872e+06
2.23885e+06
2.25048e+06
2.26164e+06
2.26836e+06
2.26881e+06
2.26616e+06
2.25888e+06
2.24766e+06
2.23111e+06
2.21175e+06
2.19302e+06
2.17449e+06
2.15692e+06
2.14302e+06
2.1339e+06
2.1311e+06
2.1341e+06
2.13993e+06
2.15052e+06
2.1637e+06
2.17903e+06
2.19286e+06
2.20775e+06
2.22659e+06
2.24304e+06
2.26087e+06
2.28406e+06
2.30879e+06
2.33845e+06
2.36709e+06
2.39572e+06
2.42304e+06
2.4456e+06
2.45932e+06
2.46457e+06
2.46068e+06
2.44645e+06
2.4256e+06
2.40012e+06
2.36836e+06
2.33469e+06
2.29832e+06
2.2572e+06
2.21326e+06
2.17172e+06
2.13032e+06
2.09203e+06
2.06097e+06
2.0399e+06
2.03111e+06
2.03127e+06
2.04217e+06
2.06318e+06
2.09138e+06
2.12431e+06
2.161e+06
2.19744e+06
2.23203e+06
2.26176e+06
2.28727e+06
2.3089e+06
2.32078e+06
2.32746e+06
2.32856e+06
2.32722e+06
2.3245e+06
2.32001e+06
2.31741e+06
2.31767e+06
2.31902e+06
2.32054e+06
2.3214e+06
2.32024e+06
2.31866e+06
2.31844e+06
2.31186e+06
2.3031e+06
2.29155e+06
2.27814e+06
2.26592e+06
2.25428e+06
2.24895e+06
2.24922e+06
2.25862e+06
2.27227e+06
2.28889e+06
2.31002e+06
2.33239e+06
2.3495e+06
2.36523e+06
2.37292e+06
2.37271e+06
2.36386e+06
2.34664e+06
2.31542e+06
2.27769e+06
2.2355e+06
2.18608e+06
2.14073e+06
2.09822e+06
2.05954e+06
2.03329e+06
2.01771e+06
2.01599e+06
2.02724e+06
2.04933e+06
2.0794e+06
2.11463e+06
2.15287e+06
2.19454e+06
2.23431e+06
2.27036e+06
2.30292e+06
2.33027e+06
2.35134e+06
2.36485e+06
2.37381e+06
2.37665e+06
2.37607e+06
2.37271e+06
2.3673e+06
2.36326e+06
2.36261e+06
2.36428e+06
2.37076e+06
2.38161e+06
2.38954e+06
2.3973e+06
2.39874e+06
2.39186e+06
2.37346e+06
2.34364e+06
2.30052e+06
2.24832e+06
2.19005e+06
2.13019e+06
2.07157e+06
2.02038e+06
1.97432e+06
1.94121e+06
1.92076e+06
1.91436e+06
1.92011e+06
1.93898e+06
1.96891e+06
2.01074e+06
2.05988e+06
2.11559e+06
2.178e+06
2.24171e+06
2.30475e+06
2.36324e+06
2.41467e+06
2.46139e+06
2.49862e+06
2.52579e+06
2.54187e+06
2.54863e+06
2.54203e+06
2.52429e+06
2.49665e+06
2.46116e+06
2.4214e+06
2.37711e+06
2.33075e+06
2.28365e+06
2.23918e+06
2.19805e+06
2.16269e+06
2.13618e+06
2.11916e+06
2.11131e+06
2.11251e+06
2.12541e+06
2.14529e+06
2.171e+06
2.19854e+06
2.22863e+06
2.2551e+06
2.27742e+06
2.29508e+06
2.35061e+06
2.47799e+06
2.66408e+06
2.90457e+06
3.18048e+06
3.46555e+06
3.73233e+06
3.9589e+06
4.12301e+06
4.22092e+06
4.25455e+06
4.22807e+06
4.15684e+06
4.05614e+06
3.94322e+06
3.83632e+06
3.74786e+06
3.69142e+06
3.67018e+06
3.67835e+06
3.70241e+06
3.73456e+06
3.75954e+06
3.77142e+06
3.76425e+06
3.73875e+06
3.69341e+06
3.63266e+06
3.56471e+06
3.49794e+06
3.43367e+06
3.38226e+06
3.3471e+06
3.33534e+06
3.35213e+06
3.40157e+06
3.48535e+06
3.59071e+06
3.70036e+06
3.79029e+06
3.84204e+06
3.85392e+06
3.82768e+06
3.77419e+06
3.69921e+06
3.61959e+06
3.54463e+06
3.48276e+06
3.44688e+06
3.44248e+06
3.46412e+06
3.5146e+06
3.58371e+06
3.65861e+06
3.72485e+06
3.77134e+06
3.79462e+06
3.80398e+06
3.80235e+06
3.79813e+06
3.79232e+06
3.79234e+06
3.79294e+06
3.79079e+06
3.78315e+06
3.76782e+06
3.74436e+06
3.7082e+06
3.66403e+06
3.61849e+06
3.57634e+06
3.54588e+06
3.5311e+06
3.53423e+06
3.5496e+06
3.57237e+06
3.59935e+06
3.61969e+06
3.63113e+06
3.6322e+06
3.6283e+06
3.61611e+06
3.59652e+06
3.57744e+06
3.56104e+06
3.55166e+06
3.5556e+06
3.57681e+06
3.60765e+06
3.64261e+06
3.6706e+06
3.68855e+06
3.692e+06
3.68369e+06
3.66321e+06
3.63989e+06
3.61813e+06
3.60552e+06
3.60576e+06
3.61687e+06
3.63993e+06
3.66689e+06
3.6929e+06
3.71004e+06
3.71244e+06
3.7042e+06
3.68104e+06
3.65348e+06
3.62434e+06
3.59604e+06
3.57572e+06
3.56531e+06
3.56886e+06
3.58533e+06
3.61414e+06
3.65776e+06
3.70469e+06
3.75069e+06
3.78397e+06
3.79664e+06
3.78898e+06
3.76703e+06
3.73781e+06
3.70579e+06
3.68e+06
3.65854e+06
3.63859e+06
3.6177e+06
3.59082e+06
3.55867e+06
3.51858e+06
3.48024e+06
3.447e+06
3.42274e+06
3.41193e+06
3.41673e+06
3.43224e+06
3.45748e+06
3.48758e+06
3.51398e+06
3.53326e+06
3.54249e+06
3.54189e+06
3.53343e+06
3.52334e+06
3.52004e+06
3.52856e+06
3.55421e+06
3.59787e+06
3.65625e+06
3.72782e+06
3.80836e+06
3.88891e+06
3.96825e+06
4.03252e+06
4.07309e+06
4.08517e+06
4.06523e+06
4.01779e+06
3.94609e+06
3.85671e+06
3.75757e+06
3.65742e+06
3.56093e+06
3.47235e+06
3.39879e+06
3.34358e+06
3.31056e+06
3.30423e+06
3.31906e+06
3.35414e+06
3.40393e+06
3.46027e+06
3.51857e+06
3.57446e+06
3.62186e+06
3.65565e+06
3.67601e+06
3.68317e+06
3.68015e+06
3.66469e+06
3.64169e+06
3.62064e+06
3.60694e+06
3.60211e+06
3.6087e+06
3.62764e+06
3.6579e+06
3.69507e+06
3.73591e+06
3.77538e+06
3.8094e+06
3.83666e+06
3.85457e+06
3.85809e+06
3.84479e+06
3.81196e+06
3.75911e+06
3.68986e+06
3.60938e+06
3.53024e+06
3.46044e+06
3.41073e+06
3.38438e+06
3.38027e+06
3.39526e+06
3.42198e+06
3.45342e+06
3.48584e+06
3.50737e+06
3.52088e+06
3.52263e+06
3.51365e+06
3.49894e+06
3.48264e+06
3.46928e+06
3.46769e+06
3.48055e+06
3.50989e+06
3.55418e+06
3.61209e+06
3.67702e+06
3.74212e+06
3.79698e+06
3.83491e+06
3.84819e+06
3.83936e+06
3.81277e+06
3.77623e+06
3.74156e+06
3.71096e+06
3.68994e+06
3.68078e+06
3.67885e+06
3.68034e+06
3.68161e+06
3.68328e+06
3.68436e+06
3.68591e+06
3.68983e+06
3.69128e+06
3.68175e+06
3.66279e+06
3.63406e+06
3.59966e+06
3.56306e+06
3.53144e+06
3.50775e+06
3.4932e+06
3.48634e+06
3.48314e+06
3.47801e+06
3.4693e+06
3.46157e+06
3.45539e+06
3.44513e+06
3.43537e+06
3.42194e+06
3.40768e+06
3.38338e+06
3.34859e+06
3.3061e+06
3.25975e+06
3.21781e+06
3.18209e+06
3.15426e+06
3.14257e+06
3.14586e+06
3.16257e+06
3.18704e+06
3.21103e+06
3.23298e+06
3.25321e+06
3.27248e+06
3.2929e+06
3.3104e+06
3.32104e+06
3.32366e+06
3.31797e+06
3.30442e+06
3.28611e+06
3.2696e+06
3.25489e+06
3.24835e+06
3.25121e+06
3.26463e+06
3.29252e+06
3.33157e+06
3.38337e+06
3.43886e+06
3.49649e+06
3.54779e+06
3.58576e+06
3.60179e+06
3.59838e+06
3.57698e+06
3.54175e+06
3.50026e+06
3.45916e+06
3.42427e+06
3.39574e+06
3.37759e+06
3.36676e+06
3.36375e+06
3.37121e+06
3.38339e+06
3.40183e+06
3.42509e+06
3.45046e+06
3.47378e+06
3.49368e+06
3.50474e+06
3.51213e+06
3.51236e+06
3.5065e+06
3.49788e+06
3.48752e+06
3.48024e+06
3.47213e+06
3.46659e+06
3.46107e+06
3.45356e+06
3.44236e+06
3.42603e+06
3.40798e+06
3.39003e+06
3.3741e+06
3.35982e+06
3.34957e+06
3.34027e+06
3.33084e+06
3.3189e+06
3.3081e+06
3.29236e+06
3.28067e+06
3.26917e+06
3.26275e+06
3.25567e+06
3.2482e+06
3.24391e+06
3.24231e+06
3.24795e+06
3.25417e+06
3.26541e+06
3.27582e+06
3.28616e+06
3.29658e+06
3.30893e+06
3.32662e+06
3.3485e+06
3.37859e+06
3.4186e+06
3.46621e+06
3.51661e+06
3.5643e+06
3.61033e+06
3.64574e+06
3.66644e+06
3.67033e+06
3.6556e+06
3.61994e+06
3.5685e+06
3.50109e+06
3.4307e+06
3.36299e+06
3.30027e+06
3.24781e+06
3.20775e+06
3.17819e+06
3.16299e+06
3.16009e+06
3.16996e+06
3.18787e+06
3.21124e+06
3.2384e+06
3.26819e+06
3.30079e+06
3.33329e+06
3.36865e+06
3.40414e+06
3.43627e+06
3.46231e+06
3.48144e+06
3.49203e+06
3.49583e+06
3.49012e+06
3.47916e+06
3.46175e+06
3.4437e+06
3.42493e+06
3.40447e+06
3.38724e+06
3.37454e+06
3.36821e+06
3.36968e+06
3.3776e+06
3.39364e+06
3.41959e+06
3.44849e+06
3.47753e+06
3.49994e+06
3.51146e+06
3.50775e+06
3.4891e+06
3.4592e+06
3.42004e+06
3.37875e+06
3.33942e+06
3.30591e+06
3.27704e+06
3.26006e+06
3.25478e+06
3.26197e+06
3.28003e+06
3.30901e+06
3.34672e+06
3.38936e+06
3.43176e+06
3.46922e+06
3.49681e+06
3.51158e+06
3.51247e+06
3.50238e+06
3.48303e+06
3.46339e+06
3.44864e+06
3.43764e+06
3.43478e+06
3.432e+06
3.42884e+06
3.42186e+06
3.41053e+06
3.40012e+06
3.38928e+06
3.38102e+06
3.37342e+06
3.37001e+06
3.36777e+06
3.37004e+06
3.36978e+06
3.36484e+06
3.3576e+06
3.34752e+06
3.3352e+06
3.3197e+06
3.30607e+06
3.29648e+06
3.29112e+06
3.29479e+06
3.30826e+06
3.32869e+06
3.3602e+06
3.3995e+06
3.44081e+06
3.47999e+06
3.51119e+06
3.5336e+06
3.54672e+06
3.54844e+06
3.54094e+06
3.52302e+06
3.49891e+06
3.46958e+06
3.43708e+06
3.40756e+06
3.38456e+06
3.36689e+06
3.35564e+06
3.35198e+06
3.35065e+06
3.35426e+06
3.36309e+06
3.37689e+06
3.39438e+06
3.41704e+06
3.44549e+06
3.47641e+06
3.50528e+06
3.52504e+06
3.53195e+06
3.5188e+06
3.48395e+06
3.43337e+06
3.37202e+06
3.30735e+06
3.24664e+06
3.19755e+06
3.15844e+06
3.14026e+06
3.1375e+06
3.15312e+06
3.18548e+06
3.23358e+06
3.28914e+06
3.34716e+06
3.39982e+06
3.44122e+06
3.46787e+06
3.4815e+06
3.48601e+06
3.48697e+06
3.48079e+06
3.47382e+06
3.46196e+06
3.44488e+06
3.42204e+06
3.39688e+06
3.37188e+06
3.35057e+06
3.33461e+06
3.32666e+06
3.32359e+06
3.3314e+06
3.34443e+06
3.36258e+06
3.38348e+06
3.40353e+06
3.41959e+06
3.43633e+06
3.44981e+06
3.45484e+06
3.45555e+06
3.44804e+06
3.43385e+06
3.41046e+06
3.38483e+06
3.35787e+06
3.3387e+06
3.33055e+06
3.34037e+06
3.35964e+06
3.38471e+06
3.41046e+06
3.42748e+06
3.43339e+06
3.42783e+06
3.4149e+06
3.39467e+06
3.37338e+06
3.34971e+06
3.32717e+06
3.30814e+06
3.2946e+06
3.29101e+06
3.2967e+06
3.31236e+06
3.3409e+06
3.37506e+06
3.41286e+06
3.44695e+06
3.47287e+06
3.48971e+06
3.49754e+06
3.50029e+06
3.50114e+06
3.50387e+06
3.51119e+06
3.52368e+06
3.54137e+06
3.56091e+06
3.57741e+06
3.58816e+06
3.58902e+06
3.57444e+06
3.54722e+06
3.50448e+06
3.44889e+06
3.38397e+06
3.32165e+06
3.26759e+06
3.22997e+06
3.21817e+06
3.23148e+06
3.27394e+06
3.33884e+06
3.41483e+06
3.49012e+06
3.54956e+06
3.58069e+06
3.5826e+06
3.55799e+06
3.51217e+06
3.4572e+06
3.40155e+06
3.35282e+06
3.31621e+06
3.29346e+06
3.28906e+06
3.30295e+06
3.33349e+06
3.37751e+06
3.42911e+06
3.47846e+06
3.52271e+06
3.55445e+06
3.56797e+06
3.55727e+06
3.52531e+06
3.47071e+06
3.40486e+06
3.33036e+06
3.25739e+06
3.19337e+06
3.14148e+06
3.10681e+06
3.09371e+06
3.10443e+06
3.13797e+06
3.19819e+06
3.27854e+06
3.37153e+06
3.46318e+06
3.53741e+06
3.58256e+06
3.60254e+06
3.60339e+06
3.59622e+06
3.58928e+06
3.58942e+06
3.59518e+06
3.60718e+06
3.62216e+06
3.63579e+06
3.6451e+06
3.64701e+06
3.64091e+06
3.62653e+06
3.60032e+06
3.55982e+06
3.50888e+06
3.45169e+06
3.39508e+06
3.34789e+06
3.31494e+06
3.29817e+06
3.29283e+06
3.29755e+06
3.30506e+06
3.30899e+06
3.3093e+06
3.30222e+06
3.29314e+06
3.28132e+06
3.26988e+06
3.26226e+06
3.26441e+06
3.27881e+06
3.30578e+06
3.34638e+06
3.39757e+06
3.44709e+06
3.4912e+06
3.52475e+06
3.53781e+06
3.52662e+06
3.4962e+06
3.45262e+06
3.4046e+06
3.36264e+06
3.32838e+06
3.30544e+06
3.29249e+06
3.28468e+06
3.28136e+06
3.28207e+06
3.28924e+06
3.30173e+06
3.32275e+06
3.35305e+06
3.39067e+06
3.43262e+06
3.47395e+06
3.50934e+06
3.53175e+06
3.54016e+06
3.53658e+06
3.52487e+06
3.50206e+06
3.47822e+06
3.45401e+06
3.43393e+06
3.42177e+06
3.42123e+06
3.43269e+06
3.45214e+06
3.48263e+06
3.51455e+06
3.54663e+06
3.57424e+06
3.59435e+06
3.60592e+06
3.60389e+06
3.58566e+06
3.54601e+06
3.49113e+06
3.42644e+06
3.36125e+06
3.30612e+06
3.26302e+06
3.23749e+06
3.23125e+06
3.24074e+06
3.25842e+06
3.28183e+06
3.30674e+06
3.33304e+06
3.35793e+06
3.38227e+06
3.41024e+06
3.44293e+06
3.48001e+06
3.52026e+06
3.55889e+06
3.59225e+06
3.61025e+06
3.60598e+06
3.57971e+06
3.53071e+06
3.46893e+06
3.4054e+06
3.34836e+06
3.30669e+06
3.27953e+06
3.27227e+06
3.27978e+06
3.30108e+06
3.33032e+06
3.35901e+06
3.38913e+06
3.41732e+06
3.44406e+06
3.46851e+06
3.48667e+06
3.49757e+06
3.49821e+06
3.48825e+06
3.46735e+06
3.43885e+06
3.40327e+06
3.36749e+06
3.33462e+06
3.30726e+06
3.29254e+06
3.29153e+06
3.30019e+06
3.31924e+06
3.34241e+06
3.3613e+06
3.37305e+06
3.37272e+06
3.36349e+06
3.34644e+06
3.32327e+06
3.29988e+06
3.27711e+06
3.25942e+06
3.24942e+06
3.25194e+06
3.26675e+06
3.29204e+06
3.32382e+06
3.3635e+06
3.40222e+06
3.43714e+06
3.46469e+06
3.48292e+06
3.49135e+06
3.49175e+06
3.48928e+06
3.48963e+06
3.49472e+06
3.50522e+06
3.52269e+06
3.54376e+06
3.56516e+06
3.57951e+06
3.58715e+06
3.5827e+06
3.56657e+06
3.53873e+06
3.50006e+06
3.457e+06
3.41604e+06
3.3817e+06
3.35763e+06
3.34682e+06
3.34571e+06
3.34946e+06
3.34613e+06
3.33678e+06
3.31586e+06
3.28731e+06
3.25772e+06
3.23247e+06
3.21948e+06
3.22072e+06
3.23971e+06
3.27396e+06
3.32035e+06
3.37039e+06
3.42408e+06
3.47365e+06
3.50859e+06
3.53244e+06
3.53719e+06
3.53301e+06
3.52267e+06
3.51205e+06
3.50338e+06
3.5019e+06
3.505e+06
3.50864e+06
3.50955e+06
3.50327e+06
3.48819e+06
3.46428e+06
3.43254e+06
3.40166e+06
3.37404e+06
3.35981e+06
3.36075e+06
3.37329e+06
3.39466e+06
3.41353e+06
3.42517e+06
3.42838e+06
3.42747e+06
3.42772e+06
3.43245e+06
3.44613e+06
3.46104e+06
3.47216e+06
3.47296e+06
3.46045e+06
3.43134e+06
3.39292e+06
3.35029e+06
3.30728e+06
3.27232e+06
3.24423e+06
3.22647e+06
3.21408e+06
3.20787e+06
3.20898e+06
3.21762e+06
3.23424e+06
3.26132e+06
3.29648e+06
3.33778e+06
3.38514e+06
3.43144e+06
3.46815e+06
3.49181e+06
3.50703e+06
3.51698e+06
3.52252e+06
3.52514e+06
3.52079e+06
3.51225e+06
3.49759e+06
3.48177e+06
3.46144e+06
3.43807e+06
3.41292e+06
3.38545e+06
3.35576e+06
3.32556e+06
3.29624e+06
3.27154e+06
3.25518e+06
3.24912e+06
3.25679e+06
3.28104e+06
3.31974e+06
3.37262e+06
3.4351e+06
3.50507e+06
3.57433e+06
3.63726e+06
3.68655e+06
3.72136e+06
3.73508e+06
3.73101e+06
3.71147e+06
3.67945e+06
3.64213e+06
3.60325e+06
3.56524e+06
3.53209e+06
3.50315e+06
3.47459e+06
3.44632e+06
3.41968e+06
3.39352e+06
3.37101e+06
3.34583e+06
3.32227e+06
3.29681e+06
3.27454e+06
3.25466e+06
3.238e+06
3.22974e+06
3.22907e+06
3.23681e+06
3.2529e+06
3.27868e+06
3.31488e+06
3.35815e+06
3.40262e+06
3.44945e+06
3.49297e+06
3.52457e+06
3.54509e+06
3.54677e+06
3.53386e+06
3.5104e+06
3.48241e+06
3.4515e+06
3.43115e+06
3.42096e+06
3.42412e+06
3.4406e+06
3.46648e+06
3.49146e+06
3.50585e+06
3.5052e+06
3.48569e+06
3.44788e+06
3.39386e+06
3.33111e+06
3.26415e+06
3.19947e+06
3.14834e+06
3.1135e+06
3.10187e+06
3.11633e+06
3.15498e+06
3.2145e+06
3.28506e+06
3.35437e+06
3.41187e+06
3.44724e+06
3.45941e+06
3.45862e+06
3.4556e+06
3.45407e+06
3.44829e+06
3.43782e+06
3.41513e+06
3.3815e+06
3.34565e+06
3.31592e+06
3.30164e+06
3.30682e+06
3.32984e+06
3.36183e+06
3.39294e+06
3.41451e+06
3.42388e+06
3.42425e+06
3.41986e+06
3.41544e+06
3.41345e+06
3.41391e+06
3.41598e+06
3.42044e+06
3.424e+06
3.42644e+06
3.42962e+06
3.43405e+06
3.44293e+06
3.45764e+06
3.47906e+06
3.50581e+06
3.5365e+06
3.56286e+06
3.57939e+06
3.5841e+06
3.57643e+06
3.56216e+06
3.54395e+06
3.52611e+06
3.50934e+06
3.49854e+06
3.49105e+06
3.48666e+06
3.48114e+06
3.47085e+06
3.45417e+06
3.43224e+06
3.40735e+06
3.38009e+06
3.35343e+06
3.33127e+06
3.31292e+06
3.29483e+06
3.28222e+06
3.27154e+06
3.26177e+06
3.25192e+06
3.24218e+06
3.23491e+06
3.22738e+06
3.21918e+06
3.21536e+06
3.22193e+06
3.23806e+06
3.2642e+06
3.29907e+06
3.33328e+06
3.36632e+06
3.3897e+06
3.40361e+06
3.4138e+06
3.41825e+06
3.42478e+06
3.43746e+06
3.45362e+06
3.47909e+06
3.51202e+06
3.54905e+06
3.58641e+06
3.62105e+06
3.64997e+06
3.66894e+06
3.67745e+06
3.67118e+06
3.65414e+06
3.62748e+06
3.59775e+06
3.56245e+06
3.52333e+06
3.47878e+06
3.42819e+06
3.37367e+06
3.31853e+06
3.26479e+06
3.2161e+06
3.1769e+06
3.14684e+06
3.12529e+06
3.11188e+06
3.11075e+06
3.12166e+06
3.14503e+06
3.1848e+06
3.22962e+06
3.28018e+06
3.32983e+06
3.37329e+06
3.4089e+06
3.42919e+06
3.43736e+06
3.43106e+06
3.41476e+06
3.39723e+06
3.38417e+06
3.38125e+06
3.38965e+06
3.40908e+06
3.4392e+06
3.475e+06
3.50826e+06
3.53615e+06
3.55966e+06
3.5742e+06
3.57987e+06
3.57811e+06
3.56865e+06
3.54947e+06
3.52582e+06
3.50005e+06
3.47307e+06
3.44869e+06
3.42353e+06
3.3976e+06
3.37161e+06
3.34719e+06
3.32367e+06
3.30679e+06
3.30147e+06
3.31203e+06
3.33595e+06
3.37416e+06
3.42786e+06
3.48443e+06
3.53838e+06
3.58308e+06
3.61015e+06
3.62212e+06
3.61624e+06
3.59609e+06
3.56141e+06
3.51831e+06
3.46793e+06
3.41062e+06
3.35123e+06
3.29256e+06
3.23749e+06
3.19587e+06
3.16833e+06
3.15715e+06
3.16621e+06
3.19283e+06
3.23265e+06
3.27795e+06
3.3275e+06
3.36966e+06
3.40538e+06
3.43199e+06
3.45098e+06
3.46773e+06
3.48498e+06
3.49977e+06
3.51138e+06
3.52047e+06
3.5228e+06
3.5172e+06
3.50647e+06
3.49209e+06
3.47728e+06
3.46184e+06
3.44445e+06
3.42899e+06
3.4144e+06
3.39669e+06
3.37459e+06
3.35245e+06
3.33402e+06
3.31905e+06
3.31092e+06
3.31092e+06
3.32559e+06
3.3553e+06
3.39867e+06
3.44956e+06
3.50722e+06
3.55738e+06
3.5947e+06
3.61133e+06
3.60357e+06
3.57552e+06
3.52907e+06
3.47505e+06
3.42145e+06
3.36911e+06
3.3286e+06
3.30092e+06
3.29022e+06
3.29147e+06
3.30041e+06
3.31012e+06
3.31997e+06
3.32381e+06
3.3215e+06
3.31657e+06
3.30929e+06
3.30686e+06
3.30634e+06
3.30902e+06
3.31441e+06
3.32759e+06
3.34349e+06
3.36524e+06
3.39209e+06
3.41707e+06
3.43471e+06
3.44612e+06
3.44522e+06
3.4336e+06
3.41545e+06
3.38883e+06
3.35884e+06
3.32682e+06
3.30262e+06
3.28838e+06
3.28881e+06
3.30295e+06
3.32893e+06
3.36507e+06
3.40449e+06
3.44177e+06
3.4738e+06
3.49804e+06
3.51113e+06
3.51645e+06
3.51878e+06
3.51989e+06
3.52673e+06
3.53315e+06
3.54289e+06
3.54602e+06
3.54219e+06
3.5259e+06
3.49912e+06
3.46307e+06
3.42064e+06
3.37668e+06
3.32955e+06
3.28665e+06
3.24972e+06
3.22453e+06
3.21375e+06
3.21921e+06
3.24286e+06
3.28269e+06
3.33335e+06
3.39289e+06
3.45373e+06
3.50967e+06
3.55631e+06
3.58499e+06
3.59305e+06
3.58364e+06
3.55555e+06
3.51348e+06
3.46384e+06
3.41634e+06
3.37566e+06
3.34413e+06
3.32291e+06
3.3116e+06
3.31249e+06
3.32294e+06
3.33964e+06
3.36406e+06
3.39631e+06
3.43847e+06
3.48501e+06
3.52946e+06
3.55815e+06
3.56545e+06
3.54531e+06
3.50383e+06
3.45245e+06
3.39838e+06
3.34996e+06
3.31062e+06
3.28524e+06
3.27725e+06
3.28261e+06
3.30404e+06
3.33459e+06
3.36785e+06
3.40141e+06
3.4285e+06
3.44575e+06
3.4538e+06
3.45563e+06
3.45257e+06
3.44571e+06
3.4374e+06
3.42995e+06
3.42455e+06
3.41207e+06
3.39102e+06
3.36273e+06
3.32541e+06
3.28426e+06
3.2463e+06
3.21349e+06
3.1967e+06
3.19245e+06
3.20283e+06
3.22187e+06
3.24855e+06
3.27367e+06
3.29724e+06
3.31891e+06
3.33919e+06
3.35534e+06
3.36822e+06
3.38048e+06
3.38473e+06
3.38223e+06
3.37675e+06
3.37096e+06
3.36948e+06
3.37313e+06
3.38984e+06
3.42165e+06
3.46593e+06
3.52117e+06
3.5704e+06
3.60663e+06
3.6162e+06
3.59567e+06
3.54602e+06
3.47465e+06
3.39722e+06
3.32837e+06
3.27479e+06
3.24529e+06
3.2426e+06
3.26332e+06
3.30856e+06
3.36955e+06
3.44042e+06
3.50918e+06
3.57203e+06
3.62229e+06
3.65137e+06
3.65816e+06
3.64079e+06
3.60226e+06
3.54794e+06
3.48334e+06
3.41414e+06
3.3469e+06
3.28918e+06
3.24794e+06
3.22277e+06
3.20923e+06
3.20633e+06
3.20769e+06
3.20946e+06
3.21661e+06
3.22559e+06
3.23339e+06
3.23947e+06
3.24314e+06
3.2468e+06
3.24864e+06
3.25263e+06
3.26014e+06
3.27361e+06
3.29437e+06
3.32226e+06
3.35429e+06
3.38935e+06
3.42223e+06
3.4506e+06
3.473e+06
3.48787e+06
3.49486e+06
3.49726e+06
3.49531e+06
3.48395e+06
3.4682e+06
3.44918e+06
3.42971e+06
3.4154e+06
3.40539e+06
3.40339e+06
3.40826e+06
3.42029e+06
3.43507e+06
3.44725e+06
3.45829e+06
3.463e+06
3.46495e+06
3.46524e+06
3.47008e+06
3.47766e+06
3.49202e+06
3.51161e+06
3.5356e+06
3.56161e+06
3.58558e+06
3.60592e+06
3.61792e+06
3.61987e+06
3.60921e+06
3.58319e+06
3.54554e+06
3.50399e+06
3.461e+06
3.42041e+06
3.38664e+06
3.35904e+06
3.33124e+06
3.30346e+06
3.26904e+06
3.23155e+06
3.19744e+06
3.17319e+06
3.16392e+06
3.17506e+06
3.20812e+06
3.25078e+06
3.30572e+06
3.35878e+06
3.41388e+06
3.45959e+06
3.49723e+06
3.52389e+06
3.54002e+06
3.54668e+06
3.54538e+06
3.53955e+06
3.53542e+06
3.53064e+06
3.5291e+06
3.52816e+06
3.52726e+06
3.52351e+06
3.51809e+06
3.5085e+06
3.49727e+06
3.48275e+06
3.46749e+06
3.45165e+06
3.43715e+06
3.42534e+06
3.42059e+06
3.42124e+06
3.4244e+06
3.42275e+06
3.4169e+06
3.40472e+06
3.38345e+06
3.35925e+06
3.33544e+06
3.31193e+06
3.29134e+06
3.27545e+06
3.26432e+06
3.25504e+06
3.25119e+06
3.25168e+06
3.25919e+06
3.27445e+06
3.29819e+06
3.32505e+06
3.35124e+06
3.36632e+06
3.36827e+06
3.35779e+06
3.33957e+06
3.31947e+06
3.30165e+06
3.29141e+06
3.28857e+06
3.2965e+06
3.3096e+06
3.32552e+06
3.34339e+06
3.36255e+06
3.38308e+06
3.40512e+06
3.43532e+06
3.47049e+06
3.51629e+06
3.56264e+06
3.60952e+06
3.65138e+06
3.67875e+06
3.69106e+06
3.68655e+06
3.66679e+06
3.63594e+06
3.59559e+06
3.55384e+06
3.50932e+06
3.46272e+06
3.4119e+06
3.35787e+06
3.29772e+06
3.23321e+06
3.16601e+06
3.10575e+06
3.05742e+06
3.02613e+06
3.01759e+06
3.03565e+06
3.0749e+06
3.13512e+06
3.20631e+06
3.28752e+06
3.37105e+06
3.44502e+06
3.5029e+06
3.54197e+06
3.56255e+06
3.56509e+06
3.55936e+06
3.54149e+06
3.51781e+06
3.48804e+06
3.45254e+06
3.41197e+06
3.3724e+06
3.33649e+06
3.3117e+06
3.3022e+06
3.30879e+06
3.32613e+06
3.34821e+06
3.36995e+06
3.38098e+06
3.3765e+06
3.36133e+06
3.33687e+06
3.31295e+06
3.29537e+06
3.28982e+06
3.29765e+06
3.3196e+06
3.34701e+06
3.37956e+06
3.40904e+06
3.43423e+06
3.45059e+06
3.46099e+06
3.47042e+06
3.47797e+06
3.48404e+06
3.48984e+06
3.49384e+06
3.49306e+06
3.48855e+06
3.48091e+06
3.47254e+06
3.46469e+06
3.46166e+06
3.45666e+06
3.44949e+06
3.43858e+06
3.42582e+06
3.41538e+06
3.41527e+06
3.42523e+06
3.4476e+06
3.47895e+06
3.51552e+06
3.54998e+06
3.57862e+06
3.59675e+06
3.60387e+06
3.59816e+06
3.58166e+06
3.55004e+06
3.50751e+06
3.45756e+06
3.40871e+06
3.36472e+06
3.32758e+06
3.30128e+06
3.28641e+06
3.2813e+06
3.27894e+06
3.2792e+06
3.28439e+06
3.2865e+06
3.29301e+06
3.30715e+06
3.33101e+06
3.35846e+06
3.38575e+06
3.41318e+06
3.42921e+06
3.43682e+06
3.43378e+06
3.42536e+06
3.41286e+06
3.39599e+06
3.37533e+06
3.35476e+06
3.3368e+06
3.32331e+06
3.31885e+06
3.32018e+06
3.33225e+06
3.35223e+06
3.37703e+06
3.40407e+06
3.43469e+06
3.4655e+06
3.49463e+06
3.51612e+06
3.52551e+06
3.52479e+06
3.50904e+06
3.48277e+06
3.45061e+06
3.42063e+06
3.39847e+06
3.38847e+06
3.38922e+06
3.39387e+06
3.39828e+06
3.40163e+06
3.39413e+06
3.38013e+06
3.36584e+06
3.35565e+06
3.35448e+06
3.3676e+06
3.39331e+06
3.42614e+06
3.46079e+06
3.48638e+06
3.50038e+06
3.50509e+06
3.50128e+06
3.49812e+06
3.49619e+06
3.49875e+06
3.50934e+06
3.52807e+06
3.54683e+06
3.56263e+06
3.56562e+06
3.55498e+06
3.52699e+06
3.48429e+06
3.4333e+06
3.38398e+06
3.34205e+06
3.31352e+06
3.30115e+06
3.30532e+06
3.31945e+06
3.33977e+06
3.36043e+06
3.375e+06
3.38459e+06
3.39068e+06
3.39661e+06
3.40832e+06
3.4237e+06
3.44027e+06
3.44901e+06
3.44213e+06
3.41894e+06
3.3815e+06
3.33604e+06
3.29134e+06
3.25404e+06
3.23791e+06
3.24633e+06
3.28172e+06
3.33311e+06
3.39486e+06
3.45091e+06
3.4959e+06
3.52883e+06
3.55463e+06
3.57761e+06
3.59705e+06
3.60945e+06
3.61536e+06
3.6126e+06
3.59537e+06
3.5601e+06
3.50903e+06
3.44769e+06
3.38474e+06
3.32596e+06
3.27842e+06
3.24932e+06
3.23681e+06
3.24286e+06
3.25867e+06
3.28143e+06
3.3054e+06
3.32482e+06
3.34026e+06
3.34803e+06
3.34773e+06
3.34574e+06
3.34358e+06
3.34271e+06
3.34215e+06
3.3413e+06
3.34143e+06
3.34571e+06
3.35712e+06
3.37609e+06
3.40329e+06
3.43387e+06
3.46686e+06
3.49868e+06
3.52567e+06
3.54364e+06
3.55178e+06
3.55033e+06
3.54435e+06
3.53889e+06
3.53965e+06
3.54216e+06
3.54448e+06
3.53881e+06
3.52053e+06
3.48777e+06
3.44748e+06
3.40713e+06
3.36673e+06
3.33552e+06
3.31714e+06
3.31507e+06
3.32977e+06
3.35814e+06
3.39123e+06
3.41684e+06
3.42894e+06
3.41916e+06
3.39021e+06
3.34943e+06
3.30383e+06
3.2642e+06
3.23426e+06
3.21562e+06
3.20435e+06
3.20131e+06
3.20412e+06
3.21185e+06
3.2218e+06
3.23717e+06
3.25692e+06
3.28125e+06
3.30396e+06
3.32368e+06
3.34149e+06
3.35541e+06
3.36972e+06
3.3823e+06
3.39557e+06
3.41292e+06
3.42941e+06
3.45084e+06
3.47384e+06
3.50224e+06
3.53019e+06
3.56391e+06
3.59407e+06
3.62004e+06
3.63808e+06
3.64879e+06
3.64833e+06
3.63903e+06
3.62274e+06
3.59992e+06
3.57109e+06
3.54278e+06
3.5139e+06
3.48344e+06
3.45739e+06
3.43081e+06
3.40707e+06
3.38707e+06
3.37262e+06
3.36407e+06
3.35614e+06
3.34962e+06
3.34203e+06
3.33338e+06
3.32391e+06
3.31756e+06
3.31746e+06
3.32448e+06
3.3324e+06
3.33854e+06
3.34013e+06
3.33347e+06
3.32238e+06
3.31249e+06
3.30991e+06
3.31041e+06
3.31616e+06
3.32144e+06
3.32302e+06
3.32026e+06
3.31665e+06
3.31116e+06
3.30165e+06
3.29303e+06
3.28579e+06
3.28512e+06
3.28438e+06
3.28778e+06
3.2994e+06
3.32229e+06
3.35403e+06
3.39247e+06
3.43656e+06
3.48328e+06
3.52689e+06
3.56758e+06
3.61021e+06
3.65143e+06
3.68981e+06
3.72486e+06
3.75013e+06
3.76202e+06
3.7586e+06
3.7382e+06
3.6983e+06
3.64533e+06
3.58469e+06
3.52463e+06
3.47624e+06
3.44236e+06
3.42646e+06
3.42602e+06
3.43656e+06
3.45271e+06
3.46522e+06
3.46673e+06
3.45318e+06
3.42717e+06
3.39211e+06
3.35232e+06
3.31533e+06
3.28743e+06
3.27059e+06
3.26687e+06
3.2745e+06
3.2926e+06
3.31093e+06
3.32179e+06
3.32445e+06
3.3121e+06
3.29092e+06
3.268e+06
3.25077e+06
3.24244e+06
3.24788e+06
3.26465e+06
3.29056e+06
3.31883e+06
3.34377e+06
3.36134e+06
3.37451e+06
3.37879e+06
3.3812e+06
3.38308e+06
3.38557e+06
3.39374e+06
3.41095e+06
3.43835e+06
3.47953e+06
3.52872e+06
3.57784e+06
3.61484e+06
3.63362e+06
3.62372e+06
3.58698e+06
3.52913e+06
3.4557e+06
3.37648e+06
3.30288e+06
3.23967e+06
3.19409e+06
3.16996e+06
3.16958e+06
3.18801e+06
3.22905e+06
3.28463e+06
3.34926e+06
3.41714e+06
3.48009e+06
3.53207e+06
3.57051e+06
3.59207e+06
3.59617e+06
3.58689e+06
3.56589e+06
3.53536e+06
3.50171e+06
3.46654e+06
3.42982e+06
3.39805e+06
3.37469e+06
3.36108e+06
3.36446e+06
3.38218e+06
3.41062e+06
3.4467e+06
3.48107e+06
3.5052e+06
3.51415e+06
3.50623e+06
3.48173e+06
3.44507e+06
3.40001e+06
3.35655e+06
3.32027e+06
3.29763e+06
3.28937e+06
3.29385e+06
3.30929e+06
3.3247e+06
3.34158e+06
3.35402e+06
3.36272e+06
3.3687e+06
3.37136e+06
3.37681e+06
3.38651e+06
3.40158e+06
3.4214e+06
3.44938e+06
3.48542e+06
3.52806e+06
3.56882e+06
3.60308e+06
3.61831e+06
3.61273e+06
3.58455e+06
3.5394e+06
3.48379e+06
3.42414e+06
3.36263e+06
3.30885e+06
3.26686e+06
3.24357e+06
3.24737e+06
3.2695e+06
3.30942e+06
3.35549e+06
3.3989e+06
3.43551e+06
3.46271e+06
3.47921e+06
3.48749e+06
3.4856e+06
3.47286e+06
3.4458e+06
3.40551e+06
3.36049e+06
3.31883e+06
3.28784e+06
3.2719e+06
3.27241e+06
3.28813e+06
3.317e+06
3.3554e+06
3.39586e+06
3.43676e+06
3.47202e+06
3.49285e+06
3.50092e+06
3.49697e+06
3.48526e+06
3.47219e+06
3.46689e+06
3.47115e+06
3.49266e+06
3.52705e+06
3.57255e+06
3.61862e+06
3.65835e+06
3.68397e+06
3.6932e+06
3.68387e+06
3.65628e+06
3.61886e+06
3.57198e+06
3.52203e+06
3.47308e+06
3.42586e+06
3.38423e+06
3.34975e+06
3.32517e+06
3.30903e+06
3.30253e+06
3.30222e+06
3.30575e+06
3.30969e+06
3.30614e+06
3.29968e+06
3.28907e+06
3.27777e+06
3.26971e+06
3.27079e+06
3.28159e+06
3.30216e+06
3.32577e+06
3.35207e+06
3.37433e+06
3.39564e+06
3.40938e+06
3.41513e+06
3.41527e+06
3.40717e+06
3.3955e+06
3.3824e+06
3.3678e+06
3.35503e+06
3.34628e+06
3.3395e+06
3.33613e+06
3.33963e+06
3.34008e+06
3.33646e+06
3.32563e+06
3.30992e+06
3.29065e+06
3.2714e+06
3.26255e+06
3.26863e+06
3.28987e+06
3.32832e+06
3.37782e+06
3.43068e+06
3.48648e+06
3.53395e+06
3.56842e+06
3.58949e+06
3.589e+06
3.57341e+06
3.54412e+06
3.50935e+06
3.47619e+06
3.45211e+06
3.44152e+06
3.44252e+06
3.45884e+06
3.47916e+06
3.50132e+06
3.52024e+06
3.53731e+06
3.55183e+06
3.56333e+06
3.57121e+06
3.57527e+06
3.57437e+06
3.56541e+06
3.54641e+06
3.51938e+06
3.49012e+06
3.45816e+06
3.42707e+06
3.39878e+06
3.37154e+06
3.34573e+06
3.3236e+06
3.30397e+06
3.29299e+06
3.2893e+06
3.29196e+06
3.30109e+06
3.31604e+06
3.33631e+06
3.35579e+06
3.37209e+06
3.37961e+06
3.38039e+06
3.37606e+06
3.37325e+06
3.37186e+06
3.37308e+06
3.37804e+06
3.3811e+06
3.37733e+06
3.36533e+06
3.33983e+06
3.30998e+06
3.28226e+06
3.26194e+06
3.24636e+06
3.24058e+06
3.24776e+06
3.27302e+06
3.30996e+06
3.35896e+06
3.41695e+06
3.47458e+06
3.52442e+06
3.56115e+06
3.57847e+06
3.57714e+06
3.55937e+06
3.52607e+06
3.4818e+06
3.43908e+06
3.40427e+06
3.38213e+06
3.37667e+06
3.3866e+06
3.41463e+06
3.45477e+06
3.50273e+06
3.55368e+06
3.59915e+06
3.63971e+06
3.67163e+06
3.69103e+06
3.69931e+06
3.69237e+06
3.66675e+06
3.62581e+06
3.56506e+06
3.4973e+06
3.428e+06
3.36413e+06
3.31194e+06
3.272e+06
3.2478e+06
3.23548e+06
3.23271e+06
3.23111e+06
3.22715e+06
3.22041e+06
3.20905e+06
3.1972e+06
3.19206e+06
3.19821e+06
3.21264e+06
3.23234e+06
3.25855e+06
3.28869e+06
3.31975e+06
3.35055e+06
3.37945e+06
3.4031e+06
3.427e+06
3.44683e+06
3.46406e+06
3.4793e+06
3.49246e+06
3.50028e+06
3.49875e+06
3.48943e+06
3.47345e+06
3.44943e+06
3.42397e+06
3.39929e+06
3.37806e+06
3.36344e+06
3.35889e+06
3.36215e+06
3.37078e+06
3.38603e+06
3.40689e+06
3.43056e+06
3.45782e+06
3.48434e+06
3.50502e+06
3.51477e+06
3.51922e+06
3.5175e+06
3.50815e+06
3.4928e+06
3.46881e+06
3.43766e+06
3.39916e+06
3.35768e+06
3.32121e+06
3.28952e+06
3.26505e+06
3.25104e+06
3.24912e+06
3.25844e+06
3.28245e+06
3.31439e+06
3.35806e+06
3.39984e+06
3.4373e+06
3.4663e+06
3.48375e+06
3.48993e+06
3.48636e+06
3.47682e+06
3.46688e+06
3.45674e+06
3.45054e+06
3.444e+06
3.43685e+06
3.42441e+06
3.40677e+06
3.38426e+06
3.35531e+06
3.32533e+06
3.29969e+06
3.28097e+06
3.27691e+06
3.28933e+06
3.31822e+06
3.36055e+06
3.41198e+06
3.46043e+06
3.49801e+06
3.51917e+06
3.52023e+06
3.49713e+06
3.45629e+06
3.40248e+06
3.34644e+06
3.29604e+06
3.25659e+06
3.23311e+06
3.22961e+06
3.24067e+06
3.26488e+06
3.30046e+06
3.34684e+06
3.40573e+06
3.47172e+06
3.54429e+06
3.62007e+06
3.68714e+06
3.73808e+06
3.76173e+06
3.75364e+06
3.71427e+06
3.64723e+06
3.56183e+06
3.46505e+06
3.37522e+06
3.29738e+06
3.24088e+06
3.21183e+06
3.20927e+06
3.23084e+06
3.27104e+06
3.32759e+06
3.39239e+06
3.45768e+06
3.51572e+06
3.56672e+06
3.60071e+06
3.61856e+06
3.61876e+06
3.59719e+06
3.55268e+06
3.4911e+06
3.41807e+06
3.3382e+06
3.26293e+06
3.20021e+06
3.15689e+06
3.13518e+06
3.13732e+06
3.16376e+06
3.21214e+06
3.27951e+06
3.35981e+06
3.44364e+06
3.52633e+06
3.59512e+06
3.64854e+06
3.67982e+06
3.68586e+06
3.67047e+06
3.63616e+06
3.58791e+06
3.5345e+06
3.48131e+06
3.43415e+06
3.40114e+06
3.38422e+06
3.38609e+06
3.40203e+06
3.43042e+06
3.46666e+06
3.50459e+06
3.53826e+06
3.56264e+06
3.57989e+06
3.5889e+06
3.58928e+06
3.57455e+06
3.54718e+06
3.50692e+06
3.45637e+06
3.39812e+06
3.34386e+06
3.29905e+06
3.27026e+06
3.2604e+06
3.2717e+06
3.30029e+06
3.34456e+06
3.39846e+06
3.45174e+06
3.4986e+06
3.53378e+06
3.55115e+06
3.54929e+06
3.53064e+06
3.501e+06
3.46075e+06
3.41891e+06
3.38314e+06
3.35334e+06
3.33226e+06
3.31693e+06
3.30435e+06
3.29531e+06
3.28924e+06
3.28475e+06
3.28009e+06
3.27339e+06
3.2629e+06
3.24946e+06
3.23593e+06
3.22743e+06
3.22312e+06
3.22719e+06
3.24226e+06
3.26762e+06
3.30187e+06
3.34374e+06
3.39058e+06
3.43724e+06
3.47292e+06
3.49742e+06
3.49936e+06
3.48516e+06
3.45611e+06
3.42322e+06
3.39736e+06
3.38251e+06
3.38557e+06
3.40208e+06
3.42644e+06
3.45306e+06
3.47514e+06
3.48747e+06
3.49275e+06
3.48904e+06
3.48416e+06
3.47721e+06
3.47309e+06
3.46407e+06
3.45493e+06
3.44171e+06
3.42175e+06
3.39921e+06
3.37466e+06
3.35632e+06
3.3474e+06
3.34867e+06
3.36054e+06
3.38095e+06
3.40585e+06
3.43042e+06
3.45318e+06
3.47069e+06
3.47918e+06
3.48326e+06
3.48132e+06
3.47734e+06
3.47299e+06
3.46526e+06
3.45936e+06
3.44872e+06
3.43643e+06
3.42459e+06
3.41529e+06
3.41036e+06
3.41051e+06
3.4165e+06
3.42038e+06
3.41682e+06
3.40684e+06
3.38426e+06
3.35322e+06
3.31363e+06
3.27616e+06
3.24495e+06
3.22884e+06
3.2314e+06
3.25018e+06
3.28442e+06
3.32612e+06
3.37183e+06
3.41692e+06
3.45532e+06
3.48164e+06
3.49298e+06
3.49508e+06
3.49235e+06
3.49171e+06
3.49596e+06
3.50489e+06
3.51642e+06
3.52741e+06
3.53756e+06
3.54227e+06
3.54e+06
3.53028e+06
3.50793e+06
3.47582e+06
3.4346e+06
3.38703e+06
3.3394e+06
3.29725e+06
3.26822e+06
3.25251e+06
3.25703e+06
3.27997e+06
3.3192e+06
3.36981e+06
3.42499e+06
3.4769e+06
3.51751e+06
3.54214e+06
3.54223e+06
3.52309e+06
3.4804e+06
3.42444e+06
3.3579e+06
3.29185e+06
3.2362e+06
3.19825e+06
3.18255e+06
3.18894e+06
3.21584e+06
3.25596e+06
3.30333e+06
3.35443e+06
3.40359e+06
3.44306e+06
3.4675e+06
3.47242e+06
3.45457e+06
3.42233e+06
3.38151e+06
3.34463e+06
3.3226e+06
3.3174e+06
3.33336e+06
3.3654e+06
3.40161e+06
3.43691e+06
3.46491e+06
3.48024e+06
3.48556e+06
3.48825e+06
3.49209e+06
3.50177e+06
3.51599e+06
3.53532e+06
3.55666e+06
3.57721e+06
3.59157e+06
3.60174e+06
3.60397e+06
3.59753e+06
3.58431e+06
3.56597e+06
3.53997e+06
3.51163e+06
3.48423e+06
3.45324e+06
3.42532e+06
3.40175e+06
3.3847e+06
3.37858e+06
3.38817e+06
3.41108e+06
3.44451e+06
3.47976e+06
3.50829e+06
3.51963e+06
3.51218e+06
3.4906e+06
3.45407e+06
3.40753e+06
3.3556e+06
3.30509e+06
3.26177e+06
3.23243e+06
3.21783e+06
3.21587e+06
3.22114e+06
3.23247e+06
3.24426e+06
3.25429e+06
3.26029e+06
3.26341e+06
3.26932e+06
3.27732e+06
3.29113e+06
3.31416e+06
3.34529e+06
3.38684e+06
3.4321e+06
3.47778e+06
3.51403e+06
3.53437e+06
3.53649e+06
3.52586e+06
3.50489e+06
3.48128e+06
3.45663e+06
3.43389e+06
3.4104e+06
3.38535e+06
3.35993e+06
3.33791e+06
3.32044e+06
3.31272e+06
3.3108e+06
3.31814e+06
3.3297e+06
3.34751e+06
3.37132e+06
3.40362e+06
3.44276e+06
3.48479e+06
3.52776e+06
3.56785e+06
3.60329e+06
3.62886e+06
3.64007e+06
3.63857e+06
