-1.5053e-20
-1.50372e-20
-1.49997e-20
-1.49555e-20
-1.4929e-20
-1.49076e-20
-1.48938e-20
-1.48872e-20
-1.4882e-20
-1.48779e-20
-1.48801e-20
-1.48862e-20
-1.48893e-20
-1.48912e-20
-1.48942e-20
-1.48962e-20
-1.48975e-20
-1.48924e-20
-1.48874e-20
-1.4887e-20
-1.48896e-20
-1.48859e-20
-1.48849e-20
-1.48838e-20
-1.4887e-20
-1.48888e-20
-1.48897e-20
-1.48984e-20
-1.48977e-20
-1.49043e-20
-1.49114e-20
-1.4913e-20
-1.49135e-20
-1.49142e-20
-1.49161e-20
-1.49155e-20
-1.49149e-20
-1.492e-20
-1.49171e-20
-1.4912e-20
-1.4912e-20
-1.49126e-20
-1.49124e-20
-1.4907e-20
-1.49023e-20
-1.49043e-20
-1.49005e-20
-1.49021e-20
-1.48996e-20
-1.49026e-20
-1.4903e-20
-1.49008e-20
-1.49019e-20
-1.48987e-20
-1.48985e-20
-1.49005e-20
-1.49045e-20
-1.49046e-20
-1.49059e-20
-1.49091e-20
-1.49068e-20
-1.49043e-20
-1.49031e-20
-1.49039e-20
-1.49063e-20
-1.49027e-20
-1.49044e-20
-1.49069e-20
-1.49058e-20
-1.49078e-20
-1.49079e-20
-1.49059e-20
-1.49077e-20
-1.49148e-20
-1.49167e-20
-1.49172e-20
-1.49154e-20
-1.49171e-20
-1.49188e-20
-1.49151e-20
-1.4912e-20
-1.49123e-20
-1.49133e-20
-1.49149e-20
-1.49143e-20
-1.49124e-20
-1.49149e-20
-1.4914e-20
-1.49124e-20
-1.49087e-20
-1.49109e-20
-1.49117e-20
-1.49036e-20
-1.49049e-20
-1.49077e-20
-1.4903e-20
-1.49019e-20
-1.48951e-20
-1.48957e-20
-1.48965e-20
-1.48947e-20
-1.48925e-20
-1.48941e-20
-1.48943e-20
-1.48938e-20
-1.48976e-20
-1.48997e-20
-1.48993e-20
-1.49048e-20
-1.49065e-20
-1.49074e-20
-1.49135e-20
-1.49211e-20
-1.49196e-20
-1.49208e-20
-1.49239e-20
-1.49253e-20
-1.49236e-20
-1.49166e-20
-1.49148e-20
-1.49123e-20
-1.49078e-20
-1.49043e-20
-1.49024e-20
-1.48986e-20
-1.48972e-20
-1.48967e-20
-1.49001e-20
-1.49014e-20
-1.48969e-20
-1.49012e-20
-1.49033e-20
-1.49066e-20
-1.49069e-20
-1.49055e-20
-1.49076e-20
-1.49067e-20
-1.49021e-20
-1.4899e-20
-1.48989e-20
-1.49018e-20
-1.49085e-20
-1.49117e-20
-1.4904e-20
-1.49044e-20
-1.49018e-20
-1.48999e-20
-1.49e-20
-1.48991e-20
-1.49046e-20
-1.49062e-20
-1.49093e-20
-1.4905e-20
-1.49044e-20
-1.4907e-20
-1.49032e-20
-1.4896e-20
-1.4897e-20
-1.48909e-20
-1.48908e-20
-1.48923e-20
-1.48939e-20
-1.48927e-20
-1.49032e-20
-1.49077e-20
-1.49061e-20
-1.49137e-20
-1.49098e-20
-1.49078e-20
-1.49143e-20
-1.49139e-20
-1.49163e-20
-1.4915e-20
-1.49116e-20
-1.49084e-20
-1.49076e-20
-1.491e-20
-1.49142e-20
-1.4912e-20
-1.49115e-20
-1.49126e-20
-1.49109e-20
-1.49085e-20
-1.49069e-20
-1.4909e-20
-1.49074e-20
-1.49079e-20
-1.49061e-20
-1.49041e-20
-1.49049e-20
-1.49047e-20
-1.49029e-20
-1.49054e-20
-1.49058e-20
-1.4902e-20
-1.49072e-20
-1.49062e-20
-1.49069e-20
-1.49072e-20
-1.49098e-20
-1.49118e-20
-1.49187e-20
-1.4924e-20
-1.49274e-20
-1.49275e-20
-1.49278e-20
-1.49227e-20
-1.49268e-20
-1.49256e-20
-1.49235e-20
-1.49186e-20
-1.49158e-20
-1.49116e-20
-1.49097e-20
-1.4905e-20
-1.49056e-20
-1.49079e-20
-1.49047e-20
-1.49024e-20
-1.4899e-20
-1.4898e-20
-1.49009e-20
-1.48973e-20
-1.48967e-20
-1.48977e-20
-1.49003e-20
-1.48978e-20
-1.49004e-20
-1.49036e-20
-1.49075e-20
-1.49111e-20
-1.49101e-20
-1.49105e-20
-1.49106e-20
-1.4912e-20
-1.4911e-20
-1.49113e-20
-1.4912e-20
-1.49104e-20
-1.49087e-20
-1.49098e-20
-1.49139e-20
-1.49116e-20
-1.49109e-20
-1.4909e-20
-1.49095e-20
-1.49038e-20
-1.49019e-20
-1.49002e-20
-1.48963e-20
-1.18851e-20
-1.18702e-20
-1.18661e-20
-1.18576e-20
-1.18491e-20
-1.18457e-20
-1.1846e-20
-1.18421e-20
-1.18489e-20
-1.18561e-20
-1.18592e-20
-1.18669e-20
-1.18731e-20
-1.1879e-20
-1.18837e-20
-1.18838e-20
-1.18862e-20
-1.18826e-20
-1.18739e-20
-1.18646e-20
-1.18646e-20
-1.18623e-20
-1.18677e-20
-1.18731e-20
-1.18797e-20
-1.18803e-20
-1.18836e-20
-1.18892e-20
-1.18912e-20
-1.18844e-20
-1.18828e-20
-1.18762e-20
-1.18726e-20
-1.18698e-20
-1.18693e-20
-1.187e-20
-1.18646e-20
-1.18621e-20
-1.186e-20
-1.18625e-20
-1.18729e-20
-1.18789e-20
-1.18849e-20
-1.18846e-20
-1.18911e-20
-1.18905e-20
-1.18894e-20
-1.18938e-20
-1.18917e-20
-1.18819e-20
-1.18824e-20
-1.18776e-20
-1.18733e-20
-1.18698e-20
-1.18672e-20
-1.18668e-20
-1.18712e-20
-1.18682e-20
-1.18695e-20
-1.18695e-20
-1.18757e-20
-1.18724e-20
-1.18715e-20
-1.18747e-20
-1.1879e-20
-1.18808e-20
-1.18754e-20
-1.18758e-20
-1.18778e-20
-1.18784e-20
-1.18826e-20
-1.18848e-20
-1.18852e-20
-1.18806e-20
-1.18794e-20
-1.18803e-20
-1.18739e-20
-1.18732e-20
-1.18742e-20
-1.1878e-20
-1.18729e-20
-1.18721e-20
-1.18776e-20
-1.18755e-20
-1.18721e-20
-1.18718e-20
-1.1871e-20
-1.1863e-20
-1.18593e-20
-1.18557e-20
-1.18597e-20
-1.18612e-20
-1.18636e-20
-1.18613e-20
-1.18656e-20
-1.18671e-20
-1.18701e-20
-1.18688e-20
-1.18643e-20
-1.18657e-20
-1.18647e-20
-1.18674e-20
-1.18666e-20
-1.18657e-20
-1.18702e-20
-1.18673e-20
-1.18736e-20
-1.1872e-20
-1.18684e-20
-1.18694e-20
-1.1867e-20
-1.1865e-20
-1.18598e-20
-1.18589e-20
-1.1864e-20
-1.18614e-20
-1.18663e-20
-1.18664e-20
-1.18675e-20
-1.1872e-20
-1.18757e-20
-1.18748e-20
-1.18722e-20
-1.18762e-20
-1.18748e-20
-1.18749e-20
-1.18778e-20
-1.18789e-20
-1.18818e-20
-1.18804e-20
-1.18859e-20
-1.18843e-20
-1.18813e-20
-1.188e-20
-1.18778e-20
-1.18719e-20
-1.18721e-20
-1.18714e-20
-1.18684e-20
-1.18704e-20
-1.18729e-20
-1.18749e-20
-1.18746e-20
-1.18745e-20
-1.18743e-20
-1.18718e-20
-1.18716e-20
-1.18704e-20
-1.18678e-20
-1.18677e-20
-1.1865e-20
-1.18599e-20
-1.18627e-20
-1.1859e-20
-1.18623e-20
-1.18696e-20
-1.18737e-20
-1.18779e-20
-1.18778e-20
-1.18807e-20
-1.18872e-20
-1.18938e-20
-1.18938e-20
-1.18911e-20
-1.18899e-20
-1.1886e-20
-1.1883e-20
-1.18806e-20
-1.18714e-20
-1.1869e-20
-1.18678e-20
-1.1868e-20
-1.18727e-20
-1.18752e-20
-1.18715e-20
-1.18674e-20
-1.18701e-20
-1.18751e-20
-1.18794e-20
-1.18756e-20
-1.18758e-20
-1.18798e-20
-1.18793e-20
-1.18762e-20
-1.18771e-20
-1.18802e-20
-1.18827e-20
-1.18825e-20
-1.18828e-20
-1.18806e-20
-1.18781e-20
-1.18773e-20
-1.18752e-20
-1.18726e-20
-1.18748e-20
-1.18782e-20
-1.18811e-20
-1.18826e-20
-1.18812e-20
-1.18833e-20
-1.18827e-20
-1.18854e-20
-1.18838e-20
-1.18798e-20
-1.18761e-20
-1.18713e-20
-1.18696e-20
-1.18708e-20
-1.18668e-20
-1.18744e-20
-1.18763e-20
-1.18791e-20
-1.18823e-20
-1.18815e-20
-1.18792e-20
-1.18799e-20
-1.18757e-20
-1.1871e-20
-1.18663e-20
-1.18646e-20
-1.18626e-20
-1.18642e-20
-1.18668e-20
-1.1872e-20
-1.1873e-20
-1.18764e-20
-1.18773e-20
-1.18782e-20
-1.18795e-20
-1.18733e-20
-1.1873e-20
-1.18748e-20
-1.18723e-20
-1.18702e-20
-1.18685e-20
-1.18693e-20
-1.18685e-20
-1.18705e-20
-1.18739e-20
-1.1871e-20
-1.18664e-20
-1.18718e-20
-1.18752e-20
-1.18777e-20
-1.18775e-20
-1.18796e-20
-1.18783e-20
-1.18747e-20
-1.18694e-20
-1.18698e-20
-1.24085e-20
-1.2408e-20
-1.24132e-20
-1.24132e-20
-1.24066e-20
-1.24101e-20
-1.241e-20
-1.24153e-20
-1.24122e-20
-1.24117e-20
-1.24135e-20
-1.24164e-20
-1.24194e-20
-1.24154e-20
-1.24137e-20
-1.24189e-20
-1.24225e-20
-1.2424e-20
-1.24223e-20
-1.24191e-20
-1.24187e-20
-1.24168e-20
-1.24161e-20
-1.2416e-20
-1.24138e-20
-1.2412e-20
-1.24127e-20
-1.24122e-20
-1.24102e-20
-1.241e-20
-1.24117e-20
-1.24101e-20
-1.24125e-20
-1.24109e-20
-1.24091e-20
-1.24086e-20
-1.24043e-20
-1.24024e-20
-1.23942e-20
-1.23937e-20
-1.23903e-20
-1.23906e-20
-1.23917e-20
-1.24006e-20
-1.24065e-20
-1.2409e-20
-1.24115e-20
-1.2414e-20
-1.24144e-20
-1.24091e-20
-1.24088e-20
-1.24054e-20
-1.24073e-20
-1.24115e-20
-1.24063e-20
-1.24071e-20
-1.24065e-20
-1.2404e-20
-1.24025e-20
-1.24028e-20
-1.24013e-20
-1.24065e-20
-1.2403e-20
-1.24008e-20
-1.24027e-20
-1.24044e-20
-1.24088e-20
-1.24049e-20
-1.24091e-20
-1.24068e-20
-1.24053e-20
-1.24064e-20
-1.24068e-20
-1.24094e-20
-1.24088e-20
-1.24087e-20
-1.24091e-20
-1.24124e-20
-1.24129e-20
-1.2413e-20
-1.24124e-20
-1.24162e-20
-1.24135e-20
-1.24216e-20
-1.24223e-20
-1.24266e-20
-1.24199e-20
-1.24169e-20
-1.24196e-20
-1.24192e-20
-1.24216e-20
-1.24174e-20
-1.24207e-20
-1.24183e-20
-1.2419e-20
-1.24183e-20
-1.24175e-20
-1.24158e-20
-1.24123e-20
-1.24137e-20
-1.2412e-20
-1.24119e-20
-1.24053e-20
-1.24044e-20
-1.24105e-20
-1.24069e-20
-1.24067e-20
-1.24076e-20
-1.24082e-20
-1.2406e-20
-1.24066e-20
-1.24023e-20
-1.24092e-20
-1.24094e-20
-1.2406e-20
-1.24058e-20
-1.24039e-20
-1.23974e-20
-1.24011e-20
-1.24018e-20
-1.24056e-20
-1.24068e-20
-1.24069e-20
-1.24079e-20
-1.24092e-20
-1.24089e-20
-1.2408e-20
-1.24122e-20
-1.24114e-20
-1.24079e-20
-1.24075e-20
-1.24089e-20
-1.24111e-20
-1.24157e-20
-1.2413e-20
-1.24145e-20
-1.24114e-20
-1.24155e-20
-1.24127e-20
-1.24119e-20
-1.24162e-20
-1.24175e-20
-1.24142e-20
-1.24084e-20
-1.24002e-20
-1.23998e-20
-1.24024e-20
-1.24016e-20
-1.24043e-20
-1.24047e-20
-1.24036e-20
-1.24021e-20
-1.24008e-20
-1.24029e-20
-1.24032e-20
-1.24075e-20
-1.24083e-20
-1.24065e-20
-1.24014e-20
-1.2407e-20
-1.24072e-20
-1.24096e-20
-1.24091e-20
-1.24095e-20
-1.24092e-20
-1.24084e-20
-1.24081e-20
-1.24092e-20
-1.24101e-20
-1.24084e-20
-1.24092e-20
-1.24077e-20
-1.24058e-20
-1.24107e-20
-1.24104e-20
-1.24083e-20
-1.24126e-20
-1.24107e-20
-1.24137e-20
-1.24134e-20
-1.24139e-20
-1.24142e-20
-1.24092e-20
-1.24084e-20
-1.24052e-20
-1.24078e-20
-1.24082e-20
-1.24116e-20
-1.24041e-20
-1.24078e-20
-1.24125e-20
-1.24135e-20
-1.24145e-20
-1.24103e-20
-1.24125e-20
-1.24123e-20
-1.24111e-20
-1.24134e-20
-1.24112e-20
-1.24066e-20
-1.24077e-20
-1.24083e-20
-1.24034e-20
-1.2402e-20
-1.23996e-20
-1.24011e-20
-1.24066e-20
-1.24062e-20
-1.2411e-20
-1.24114e-20
-1.24146e-20
-1.24138e-20
-1.24119e-20
-1.24162e-20
-1.24172e-20
-1.24151e-20
-1.24143e-20
-1.24157e-20
-1.24122e-20
-1.24147e-20
-1.24166e-20
-1.24126e-20
-1.24063e-20
-1.2405e-20
-1.24029e-20
-1.23994e-20
-1.23963e-20
-1.23966e-20
-1.23999e-20
-1.23995e-20
-1.2401e-20
-1.2406e-20
-1.24084e-20
-1.24106e-20
-1.24135e-20
-1.2415e-20
-1.24116e-20
-1.24166e-20
-1.24111e-20
-1.24107e-20
-1.24117e-20
-1.241e-20
-1.24094e-20
-1.24117e-20
-1.24164e-20
-1.24153e-20
-1.24169e-20
-1.24163e-20
-1.24175e-20
-1.24182e-20
-1.23537e-20
-1.23546e-20
-1.23512e-20
-1.23501e-20
-1.23513e-20
-1.23562e-20
-1.23609e-20
-1.23608e-20
-1.23553e-20
-1.23554e-20
-1.23502e-20
-1.2353e-20
-1.23536e-20
-1.23552e-20
-1.23497e-20
-1.23511e-20
-1.23526e-20
-1.23579e-20
-1.23553e-20
-1.23549e-20
-1.23569e-20
-1.23561e-20
-1.23585e-20
-1.2358e-20
-1.23617e-20
-1.2362e-20
-1.23646e-20
-1.23673e-20
-1.23695e-20
-1.23643e-20
-1.23654e-20
-1.23643e-20
-1.23632e-20
-1.23627e-20
-1.2372e-20
-1.23739e-20
-1.23732e-20
-1.23737e-20
-1.23651e-20
-1.23635e-20
-1.23655e-20
-1.23643e-20
-1.23615e-20
-1.23584e-20
-1.23536e-20
-1.23538e-20
-1.23492e-20
-1.23487e-20
-1.23466e-20
-1.23458e-20
-1.23468e-20
-1.23493e-20
-1.23522e-20
-1.23548e-20
-1.23577e-20
-1.23573e-20
-1.23559e-20
-1.23544e-20
-1.2351e-20
-1.235e-20
-1.23548e-20
-1.23609e-20
-1.23594e-20
-1.23634e-20
-1.23615e-20
-1.23608e-20
-1.23634e-20
-1.23712e-20
-1.23702e-20
-1.23706e-20
-1.23634e-20
-1.23554e-20
-1.23551e-20
-1.23478e-20
-1.23448e-20
-1.23461e-20
-1.2349e-20
-1.23512e-20
-1.23588e-20
-1.23614e-20
-1.23634e-20
-1.2365e-20
-1.23633e-20
-1.2363e-20
-1.23605e-20
-1.23583e-20
-1.23595e-20
-1.23599e-20
-1.23567e-20
-1.23493e-20
-1.23475e-20
-1.23447e-20
-1.23508e-20
-1.23526e-20
-1.23551e-20
-1.23603e-20
-1.23637e-20
-1.23662e-20
-1.2371e-20
-1.23684e-20
-1.23678e-20
-1.23663e-20
-1.23665e-20
-1.23648e-20
-1.23613e-20
-1.23554e-20
-1.23485e-20
-1.23473e-20
-1.23448e-20
-1.23444e-20
-1.23409e-20
-1.23398e-20
-1.23408e-20
-1.23484e-20
-1.23519e-20
-1.23527e-20
-1.2353e-20
-1.23539e-20
-1.23508e-20
-1.23514e-20
-1.23516e-20
-1.23499e-20
-1.23501e-20
-1.2347e-20
-1.23478e-20
-1.23496e-20
-1.23478e-20
-1.23455e-20
-1.23483e-20
-1.23501e-20
-1.23535e-20
-1.23538e-20
-1.23569e-20
-1.23597e-20
-1.2358e-20
-1.23597e-20
-1.2362e-20
-1.23613e-20
-1.23624e-20
-1.2363e-20
-1.23687e-20
-1.2361e-20
-1.23602e-20
-1.23621e-20
-1.23591e-20
-1.23618e-20
-1.23568e-20
-1.23562e-20
-1.23549e-20
-1.23484e-20
-1.23507e-20
-1.23553e-20
-1.23543e-20
-1.23522e-20
-1.2353e-20
-1.23548e-20
-1.23564e-20
-1.23541e-20
-1.23578e-20
-1.23574e-20
-1.23579e-20
-1.23572e-20
-1.23545e-20
-1.23571e-20
-1.23553e-20
-1.23495e-20
-1.23472e-20
-1.23491e-20
-1.23495e-20
-1.23539e-20
-1.23551e-20
-1.23518e-20
-1.23492e-20
-1.23484e-20
-1.23535e-20
-1.23564e-20
-1.23538e-20
-1.23545e-20
-1.23496e-20
-1.235e-20
-1.23514e-20
-1.23525e-20
-1.23519e-20
-1.23529e-20
-1.23533e-20
-1.23498e-20
-1.2346e-20
-1.23462e-20
-1.23482e-20
-1.23519e-20
-1.23525e-20
-1.23521e-20
-1.23519e-20
-1.23539e-20
-1.23524e-20
-1.23559e-20
-1.23576e-20
-1.23564e-20
-1.23546e-20
-1.23585e-20
-1.23538e-20
-1.2351e-20
-1.23538e-20
-1.23499e-20
-1.2352e-20
-1.23491e-20
-1.23476e-20
-1.23489e-20
-1.23491e-20
-1.235e-20
-1.23486e-20
-1.23534e-20
-1.23522e-20
-1.23503e-20
-1.23501e-20
-1.2355e-20
-1.236e-20
-1.23629e-20
-1.23677e-20
-1.23669e-20
-1.23657e-20
-1.23609e-20
-1.23668e-20
-1.23641e-20
-1.23654e-20
-1.2365e-20
-1.23623e-20
-1.23629e-20
-1.23602e-20
-1.23589e-20
-1.23548e-20
-1.23574e-20
-1.2358e-20
-1.23597e-20
-1.23588e-20
-1.23622e-20
-1.23611e-20
-1.23591e-20
-1.23603e-20
-1.23604e-20
-1.23613e-20
-1.23581e-20
-1.23602e-20
-1.23585e-20
-1.2357e-20
-1.23583e-20
-1.23574e-20
-1.23552e-20
-1.23594e-20
-1.23592e-20
-1.23623e-20
-1.23615e-20
-1.23611e-20
-1.2362e-20
-1.23665e-20
-1.23699e-20
-1.2373e-20
-1.23706e-20
-1.23643e-20
-1.23601e-20
-1.23634e-20
-1.23568e-20
-1.2358e-20
-1.23589e-20
-1.23589e-20
-1.23606e-20
-1.23573e-20
-1.23559e-20
-1.23563e-20
-1.23532e-20
-1.23511e-20
-1.23525e-20
-1.23524e-20
-1.23498e-20
-1.23514e-20
-1.23506e-20
-1.23503e-20
-1.23527e-20
-1.2358e-20
-1.23602e-20
-1.23625e-20
-1.23641e-20
-1.23634e-20
-1.23598e-20
-1.23574e-20
-1.23574e-20
-1.23559e-20
-1.23596e-20
-1.23612e-20
-1.23661e-20
-1.23724e-20
-1.23687e-20
-1.23576e-20
-1.23597e-20
-1.2359e-20
-1.23566e-20
-1.23557e-20
-1.23558e-20
-1.23549e-20
-1.23582e-20
-1.23547e-20
-1.23533e-20
-1.23539e-20
-1.23584e-20
-1.23614e-20
-1.23609e-20
-1.23591e-20
-1.23567e-20
-1.23575e-20
-1.23568e-20
-1.23605e-20
-1.23545e-20
-1.23549e-20
-1.23565e-20
-1.2357e-20
-1.23507e-20
-1.23462e-20
-1.23526e-20
-1.23561e-20
-1.23591e-20
-1.2357e-20
-1.23567e-20
-1.23506e-20
-1.23526e-20
-1.23512e-20
-1.23539e-20
-1.23567e-20
-1.23566e-20
-1.23577e-20
-1.2357e-20
-1.23571e-20
-1.23582e-20
-1.23601e-20
-1.23595e-20
-1.23606e-20
-1.23632e-20
-1.23589e-20
-1.2362e-20
-1.23631e-20
-1.23597e-20
-1.23579e-20
-1.23547e-20
-1.23553e-20
-1.2356e-20
-1.23508e-20
-1.23499e-20
-1.23511e-20
-1.2345e-20
-1.23436e-20
-1.23458e-20
-1.23429e-20
-1.23422e-20
-1.23482e-20
-1.23532e-20
-1.23525e-20
-1.23572e-20
-1.23535e-20
-1.23579e-20
-1.23593e-20
-1.23576e-20
-1.23581e-20
-1.23558e-20
-1.23582e-20
-1.23643e-20
-1.23639e-20
-1.2365e-20
-1.23644e-20
-1.23674e-20
-1.23613e-20
-1.23594e-20
-1.23587e-20
-1.23555e-20
-1.23492e-20
-1.2345e-20
-1.23475e-20
-1.23422e-20
-1.23372e-20
-1.23424e-20
-1.23423e-20
-1.23435e-20
-1.23472e-20
-1.23502e-20
-1.235e-20
-1.23532e-20
-1.23552e-20
-1.23532e-20
-1.23546e-20
-1.23524e-20
-1.23524e-20
-1.23518e-20
-1.23543e-20
-1.23568e-20
-1.23556e-20
-1.23574e-20
-1.23503e-20
-1.23526e-20
-1.23533e-20
-1.2353e-20
-1.23567e-20
-1.23602e-20
-1.23601e-20
-1.23645e-20
-1.236e-20
-1.23569e-20
-1.23506e-20
-1.23479e-20
-1.23476e-20
-1.23499e-20
-1.23476e-20
-1.2351e-20
-1.23536e-20
-1.23502e-20
-1.23484e-20
-1.23552e-20
-1.23581e-20
-1.23596e-20
-1.23562e-20
-1.23587e-20
-1.23588e-20
-1.23629e-20
-1.23587e-20
-1.23571e-20
-1.23563e-20
-1.23522e-20
-1.23514e-20
-1.23588e-20
-1.23623e-20
-1.23673e-20
-1.23748e-20
-1.23785e-20
-1.23773e-20
-1.23757e-20
-1.23723e-20
-1.23673e-20
-1.23647e-20
-1.23539e-20
-1.23442e-20
-1.23389e-20
-1.23444e-20
-1.23448e-20
-1.23481e-20
-1.23519e-20
-1.23511e-20
-1.2353e-20
-1.23514e-20
-1.2352e-20
-1.23532e-20
-1.2355e-20
-1.23568e-20
-1.23602e-20
-1.23573e-20
-1.23554e-20
-1.23569e-20
-1.23565e-20
-1.23506e-20
-1.23501e-20
-1.2348e-20
-1.23477e-20
-1.23545e-20
-1.2359e-20
-1.23593e-20
-1.23669e-20
-1.2363e-20
-1.23666e-20
-1.23658e-20
-1.23657e-20
-1.23658e-20
-1.23648e-20
-1.2367e-20
-1.23649e-20
-1.23612e-20
-1.23602e-20
-1.23574e-20
-1.23604e-20
-1.2355e-20
-1.23537e-20
-1.23546e-20
-1.23609e-20
-1.23614e-20
-1.2361e-20
-1.2358e-20
-1.23547e-20
-1.23483e-20
-1.23477e-20
-1.23479e-20
-1.23445e-20
-1.23462e-20
-1.23493e-20
-1.235e-20
-1.23541e-20
-1.2355e-20
-1.23535e-20
-1.23499e-20
-1.23479e-20
-1.23491e-20
-1.23489e-20
-1.23481e-20
-1.23503e-20
-1.23532e-20
-1.23561e-20
-1.23575e-20
-1.23611e-20
-1.23646e-20
-1.23658e-20
-1.23626e-20
-1.23607e-20
-1.23626e-20
-1.23564e-20
-1.23533e-20
-1.23495e-20
-1.2348e-20
-1.23487e-20
-1.23466e-20
-1.23496e-20
-1.23534e-20
-1.23519e-20
-1.23548e-20
-1.23553e-20
-1.23566e-20
-1.23579e-20
-1.23615e-20
-1.23603e-20
-1.23593e-20
-1.23622e-20
-1.23638e-20
-1.23642e-20
-1.2369e-20
-1.23706e-20
-1.23689e-20
-1.2366e-20
-1.2366e-20
-1.23682e-20
-1.237e-20
-1.23727e-20
-1.23724e-20
-1.23738e-20
-1.2374e-20
-1.23709e-20
-1.23698e-20
-1.23687e-20
-1.23647e-20
-1.23601e-20
-1.23578e-20
-1.23608e-20
-1.23603e-20
-1.23573e-20
-1.23591e-20
-1.23636e-20
-1.23668e-20
-1.23671e-20
-1.23704e-20
-1.23641e-20
-1.23592e-20
-1.23565e-20
-1.23586e-20
-1.2356e-20
-1.23499e-20
-1.23491e-20
-1.23431e-20
-1.23424e-20
-1.23448e-20
-1.23441e-20
-1.23452e-20
-1.23451e-20
-1.23475e-20
-1.23492e-20
-1.2348e-20
-1.23539e-20
-1.23536e-20
-1.23551e-20
-1.23567e-20
-1.23591e-20
-1.23596e-20
-1.23575e-20
-1.2356e-20
-1.23562e-20
-1.23554e-20
-1.23583e-20
-1.23602e-20
-1.23584e-20
-1.23604e-20
-1.23662e-20
-1.2364e-20
-1.23638e-20
-1.23615e-20
-1.23602e-20
-1.23572e-20
-1.23548e-20
-1.23531e-20
-1.23535e-20
-1.23554e-20
-1.23566e-20
-1.2356e-20
-1.23598e-20
-1.23639e-20
-1.23598e-20
-1.23601e-20
-1.23587e-20
-1.23579e-20
-1.23602e-20
-1.23582e-20
-1.23581e-20
-1.23611e-20
-1.23592e-20
-1.23608e-20
-1.23608e-20
-1.23603e-20
-1.23577e-20
-1.23512e-20
-1.23474e-20
-1.2348e-20
-1.2349e-20
-1.2345e-20
-1.235e-20
-1.23527e-20
-1.2355e-20
-1.23579e-20
-1.23595e-20
-1.23598e-20
-1.23565e-20
-1.23593e-20
-1.23551e-20
-1.23537e-20
-1.23537e-20
-1.23605e-20
-1.236e-20
-1.23592e-20
-1.2359e-20
-1.23601e-20
-1.23597e-20
-1.23558e-20
-1.23559e-20
-1.23564e-20
-1.23624e-20
-1.23644e-20
-1.2361e-20
-1.2357e-20
-1.2359e-20
-1.23638e-20
-1.23642e-20
-1.23651e-20
-1.23621e-20
-1.2363e-20
-1.23613e-20
-1.23658e-20
-1.23663e-20
-1.23607e-20
-1.23624e-20
-1.23633e-20
-1.23549e-20
-1.23542e-20
-1.23512e-20
-1.23533e-20
-1.23553e-20
-1.23582e-20
-1.23603e-20
-1.23613e-20
-1.23597e-20
-1.23641e-20
-1.23622e-20
-1.23594e-20
-1.2352e-20
-1.23534e-20
-1.23547e-20
-1.23547e-20
-1.23585e-20
-1.23628e-20
-1.23618e-20
-1.23605e-20
-1.23587e-20
-1.23605e-20
-1.23612e-20
-1.23577e-20
-1.23549e-20
-1.23546e-20
-1.23516e-20
-1.23476e-20
-1.23438e-20
-1.23448e-20
-1.23477e-20
-1.23469e-20
-1.23436e-20
-1.23437e-20
-1.23442e-20
-1.23428e-20
-1.23474e-20
-1.23493e-20
-1.23504e-20
-1.23536e-20
-1.23518e-20
-1.23529e-20
-1.23533e-20
-1.23532e-20
-1.23558e-20
-1.23534e-20
-1.23519e-20
-1.23514e-20
-1.23531e-20
-1.23554e-20
-1.23539e-20
-1.23487e-20
-1.235e-20
-1.235e-20
-1.23532e-20
-1.23544e-20
-1.23536e-20
-1.23544e-20
-1.23553e-20
-1.23504e-20
-1.23479e-20
-1.23463e-20
-1.23487e-20
-1.23514e-20
-1.23469e-20
-1.23475e-20
-1.23513e-20
-1.23546e-20
-1.23571e-20
-1.23555e-20
-1.23565e-20
-1.23524e-20
-1.23472e-20
-1.23461e-20
-1.23498e-20
-1.23516e-20
-1.23571e-20
-1.23563e-20
-1.23573e-20
-1.23593e-20
-1.2359e-20
-1.23601e-20
-1.2361e-20
-1.23598e-20
-1.23602e-20
-1.23637e-20
-1.23674e-20
-1.23671e-20
-1.23705e-20
-1.23679e-20
-1.23704e-20
-1.23678e-20
-1.23655e-20
-1.23646e-20
-1.2366e-20
-1.23627e-20
-1.23541e-20
-1.23547e-20
-1.23491e-20
-1.23516e-20
-1.23512e-20
-1.23521e-20
-1.23507e-20
-1.23501e-20
-1.23466e-20
-1.23432e-20
-1.23435e-20
-1.23475e-20
-1.23447e-20
-1.23434e-20
-1.23457e-20
-1.2349e-20
-1.23512e-20
-1.23492e-20
-1.2345e-20
-1.23454e-20
-1.23476e-20
-1.23516e-20
-1.23547e-20
-1.23524e-20
-1.23478e-20
-1.23443e-20
-1.23435e-20
-1.23448e-20
-1.23477e-20
-1.23467e-20
-1.23497e-20
-1.23489e-20
-1.23491e-20
-1.23503e-20
-1.23551e-20
-1.23604e-20
-1.2361e-20
-1.23594e-20
-1.23512e-20
-1.23539e-20
-1.23534e-20
-1.2359e-20
-1.23562e-20
-1.23494e-20
-1.23485e-20
-1.23441e-20
-1.23464e-20
-1.23438e-20
-1.23401e-20
-1.23383e-20
-1.23414e-20
-1.23435e-20
-1.23453e-20
-1.23454e-20
-1.2349e-20
-1.23575e-20
-1.23609e-20
-1.23613e-20
-1.2361e-20
-1.23609e-20
-1.23639e-20
-1.23635e-20
-1.23589e-20
-1.23591e-20
-1.23594e-20
-1.23579e-20
-1.23603e-20
-1.23603e-20
-1.23595e-20
-1.23631e-20
-1.23583e-20
-1.23543e-20
-1.23513e-20
-1.2354e-20
-1.23577e-20
-1.23575e-20
-1.23607e-20
-1.23644e-20
-1.23675e-20
-1.23687e-20
-1.2361e-20
-1.23586e-20
-1.2351e-20
-1.23466e-20
-1.23399e-20
-1.23422e-20
-1.23457e-20
-1.23502e-20
-1.23541e-20
-1.23584e-20
-1.23634e-20
-1.23645e-20
-1.23687e-20
-1.23714e-20
-1.23695e-20
-1.23638e-20
-1.23616e-20
-1.23662e-20
-1.23639e-20
-1.23586e-20
-1.23559e-20
-1.23535e-20
-1.23493e-20
-1.23449e-20
-1.23452e-20
-1.23488e-20
-1.23513e-20
-1.23543e-20
-1.23571e-20
-1.23599e-20
-1.23594e-20
-1.23627e-20
-1.2364e-20
-1.23696e-20
-1.23616e-20
-1.23578e-20
-1.23556e-20
-1.23525e-20
-1.23533e-20
-1.23529e-20
-1.23594e-20
-1.23589e-20
-1.23638e-20
-1.23611e-20
-1.2367e-20
-1.23703e-20
-1.23739e-20
-1.23716e-20
-1.23702e-20
-1.23689e-20
-1.2369e-20
-1.23649e-20
-1.23651e-20
-1.23617e-20
-1.23529e-20
-1.23547e-20
-1.23553e-20
-1.23567e-20
-1.2355e-20
-1.23561e-20
-1.23557e-20
-1.23547e-20
-1.2353e-20
-1.23582e-20
-1.23574e-20
-1.23597e-20
-1.23604e-20
-1.23592e-20
-1.23625e-20
-1.23652e-20
-1.23621e-20
-1.23601e-20
-1.23568e-20
-1.23567e-20
-1.23536e-20
-1.23521e-20
-1.23568e-20
-1.23547e-20
-1.23574e-20
-1.23569e-20
-1.23605e-20
-1.2365e-20
-1.23609e-20
-1.23557e-20
-1.23554e-20
-1.23515e-20
-1.23568e-20
-1.23552e-20
-1.23535e-20
-1.23591e-20
-1.23584e-20
-1.23622e-20
-1.23596e-20
-1.23613e-20
-1.236e-20
-1.23577e-20
-1.23577e-20
-1.23538e-20
-1.23547e-20
-1.23559e-20
-1.2355e-20
-1.23554e-20
-1.23503e-20
-1.23471e-20
-1.23446e-20
-1.23486e-20
-1.23485e-20
-1.23499e-20
-1.23479e-20
-1.23527e-20
-1.23554e-20
-1.23582e-20
-1.23586e-20
-1.23604e-20
-1.23596e-20
-1.23617e-20
-1.236e-20
-1.2364e-20
-1.23621e-20
-1.23585e-20
-1.23599e-20
-1.23592e-20
-1.236e-20
-1.23641e-20
-1.23641e-20
-1.23651e-20
-1.23685e-20
-1.23676e-20
-1.23681e-20
-1.23656e-20
-1.23594e-20
-1.23581e-20
-1.23626e-20
-1.23576e-20
-1.23555e-20
-1.23555e-20
-1.23547e-20
-1.23506e-20
-1.23497e-20
-1.23515e-20
-1.23509e-20
-1.23474e-20
-1.23484e-20
-1.23482e-20
-1.23464e-20
-1.23511e-20
-1.23528e-20
-1.23514e-20
-1.23524e-20
-1.23489e-20
-1.23553e-20
-1.23517e-20
-1.23548e-20
-1.23546e-20
-1.23526e-20
-1.23509e-20
-1.23526e-20
-1.23529e-20
-1.23555e-20
-1.23506e-20
-1.23471e-20
-1.23508e-20
-1.23506e-20
-1.23483e-20
-1.23503e-20
-1.23563e-20
-1.23531e-20
-1.23564e-20
-1.23618e-20
-1.23627e-20
-1.23612e-20
-1.23629e-20
-1.23621e-20
-1.23603e-20
-1.23573e-20
-1.23575e-20
-1.23609e-20
-1.23593e-20
-1.2363e-20
-1.23655e-20
-1.2369e-20
-1.23632e-20
-1.23661e-20
-1.23667e-20
-1.2359e-20
-1.23599e-20
-1.23613e-20
-1.23622e-20
-1.23569e-20
-1.23602e-20
-1.23581e-20
-1.23531e-20
-1.23578e-20
-1.23584e-20
-1.23566e-20
-1.23539e-20
-1.23527e-20
-1.23564e-20
-1.23583e-20
-1.23639e-20
-1.23662e-20
-1.23641e-20
-1.23627e-20
-1.23671e-20
-1.2368e-20
-1.23657e-20
-1.23573e-20
-1.23468e-20
-1.23446e-20
-1.23449e-20
-1.2349e-20
-1.23476e-20
-1.23445e-20
-1.23475e-20
-1.23485e-20
-1.23546e-20
-1.23594e-20
-1.23609e-20
-1.23595e-20
-1.2362e-20
-1.2361e-20
-1.23583e-20
-1.23531e-20
-1.23571e-20
-1.23585e-20
-1.23589e-20
-1.23618e-20
-1.23609e-20
-1.23561e-20
-1.23527e-20
-1.23466e-20
-1.23428e-20
-1.23418e-20
-1.23431e-20
-1.23452e-20
-1.23484e-20
-1.23487e-20
-1.23508e-20
-1.23586e-20
-1.23622e-20
-1.23621e-20
-1.23664e-20
-1.23678e-20
-1.23642e-20
-1.23593e-20
-1.23526e-20
-1.2351e-20
-1.23487e-20
-1.23482e-20
-1.23495e-20
-1.23489e-20
-1.23429e-20
-1.23453e-20
-1.23467e-20
-1.23491e-20
-1.23537e-20
-1.23539e-20
-1.23501e-20
-1.23526e-20
-1.23506e-20
-1.23523e-20
-1.23554e-20
-1.23591e-20
-1.23605e-20
-1.23557e-20
-1.23551e-20
-1.23535e-20
-1.2354e-20
-1.23523e-20
-1.23484e-20
-1.23505e-20
-1.23508e-20
-1.23546e-20
-1.23526e-20
-1.23546e-20
-1.23587e-20
-1.23627e-20
-1.23649e-20
-1.23642e-20
-1.23672e-20
-1.23626e-20
-1.23563e-20
-1.23525e-20
-1.23494e-20
-1.23458e-20
-1.23395e-20
-1.23444e-20
-1.2346e-20
-1.2346e-20
-1.23478e-20
-1.23476e-20
-1.23499e-20
-1.23537e-20
-1.2351e-20
-1.23512e-20
-1.23549e-20
-1.23562e-20
-1.23609e-20
-1.23566e-20
-1.23582e-20
-1.23586e-20
-1.23569e-20
-1.23565e-20
-1.23573e-20
-1.23543e-20
-1.23538e-20
-1.23548e-20
-1.23475e-20
-1.23444e-20
-1.235e-20
-1.23516e-20
-1.23527e-20
-1.23534e-20
-1.23538e-20
-1.23521e-20
-1.23541e-20
-1.23541e-20
-1.23585e-20
-1.23606e-20
-1.23567e-20
-1.23563e-20
-1.23579e-20
-1.23574e-20
-1.23571e-20
-1.23557e-20
-1.23569e-20
-1.23555e-20
-1.23578e-20
-1.23602e-20
-1.2361e-20
-1.23593e-20
-1.23567e-20
-1.2355e-20
-1.23515e-20
-1.23522e-20
-1.23544e-20
-1.23536e-20
-1.23451e-20
-1.23464e-20
-1.23501e-20
-1.23523e-20
-1.23499e-20
-1.23523e-20
-1.23506e-20
-1.23477e-20
-1.23514e-20
-1.23486e-20
-1.23508e-20
-1.23459e-20
-1.23508e-20
-1.23549e-20
-1.23556e-20
-1.23603e-20
-1.23584e-20
-1.23565e-20
-1.23638e-20
-1.23614e-20
-1.23616e-20
-1.23607e-20
-1.23601e-20
-1.23594e-20
-1.23597e-20
-1.23559e-20
-1.23596e-20
-1.23593e-20
-1.23568e-20
-1.23611e-20
-1.23658e-20
-1.23685e-20
-1.23669e-20
-1.23608e-20
-1.23596e-20
-1.23553e-20
-1.23568e-20
-1.23517e-20
-1.23565e-20
-1.23523e-20
-1.23513e-20
-1.23534e-20
-1.2356e-20
-1.23557e-20
-1.23556e-20
-1.23581e-20
-1.23622e-20
-1.2366e-20
-1.23653e-20
-1.23572e-20
-1.23567e-20
-1.23584e-20
-1.23599e-20
-1.23607e-20
-1.23629e-20
-1.23611e-20
-1.23615e-20
-1.23578e-20
-1.23557e-20
-1.23568e-20
-1.23614e-20
-1.23594e-20
-1.23563e-20
-1.23543e-20
-1.23575e-20
-1.23561e-20
-1.23558e-20
-1.23505e-20
-1.23476e-20
-1.23444e-20
-1.23426e-20
-1.23447e-20
-1.23502e-20
-1.23484e-20
-1.23483e-20
-1.2346e-20
-1.2348e-20
-1.23493e-20
-1.23525e-20
-1.23524e-20
-1.23482e-20
-1.23487e-20
-1.23496e-20
-1.23458e-20
-1.23468e-20
-1.23527e-20
-1.23519e-20
-1.23615e-20
-1.23584e-20
-1.23547e-20
-1.23576e-20
-1.23587e-20
-1.23587e-20
-1.23587e-20
-1.23547e-20
-1.23491e-20
-1.23525e-20
-1.23493e-20
-1.23493e-20
-1.23505e-20
-1.2356e-20
-1.23561e-20
-1.23557e-20
-1.23524e-20
-1.23496e-20
-1.23466e-20
-1.23442e-20
-1.23453e-20
-1.23472e-20
-1.23491e-20
-1.23496e-20
-1.23524e-20
-1.23552e-20
-1.23552e-20
-1.23576e-20
-1.23602e-20
-1.2358e-20
-1.2356e-20
-1.236e-20
-1.23631e-20
-1.23643e-20
-1.2365e-20
-1.23643e-20
-1.2364e-20
-1.23568e-20
-1.23517e-20
-1.23505e-20
-1.23483e-20
-1.23503e-20
-1.23492e-20
-1.23524e-20
-1.23546e-20
-1.23578e-20
-1.23581e-20
-1.23642e-20
-1.23648e-20
-1.23643e-20
-1.23692e-20
-1.23727e-20
-1.23714e-20
-1.23679e-20
-1.23616e-20
-1.23577e-20
-1.23549e-20
-1.23491e-20
-1.23466e-20
-1.23471e-20
-1.23438e-20
-1.23417e-20
-1.23488e-20
-1.23544e-20
-1.23589e-20
-1.23611e-20
-1.23628e-20
-1.23601e-20
-1.23575e-20
-1.23528e-20
-1.23495e-20
-1.23439e-20
-1.23374e-20
-1.23385e-20
-1.23431e-20
-1.23456e-20
-1.23443e-20
-1.23474e-20
-1.23462e-20
-1.23517e-20
-1.23558e-20
-1.23549e-20
-1.23547e-20
-1.23612e-20
-1.23619e-20
-1.23609e-20
-1.23669e-20
-1.23697e-20
-1.23746e-20
-1.23692e-20
-1.23696e-20
-1.23669e-20
-1.2364e-20
-1.23658e-20
-1.23673e-20
-1.23666e-20
-1.23617e-20
-1.23644e-20
-1.23593e-20
-1.23464e-20
-1.23426e-20
-1.23451e-20
-1.2348e-20
-1.23499e-20
-1.23542e-20
-1.23542e-20
-1.23541e-20
-1.23568e-20
-1.23555e-20
-1.2359e-20
-1.23588e-20
-1.23624e-20
-1.23591e-20
-1.23565e-20
-1.23542e-20
-1.23517e-20
-1.23503e-20
-1.23499e-20
-1.23538e-20
-1.23537e-20
-1.23525e-20
-1.23518e-20
-1.23542e-20
-1.23516e-20
-1.23507e-20
-1.23528e-20
-1.23535e-20
-1.2353e-20
-1.23526e-20
-1.23482e-20
-1.23542e-20
-1.23551e-20
-1.23579e-20
-1.23547e-20
-1.23585e-20
-1.23592e-20
-1.23591e-20
-1.23613e-20
-1.23627e-20
-1.23575e-20
-1.23583e-20
-1.23561e-20
-1.23589e-20
-1.23585e-20
-1.23541e-20
-1.23582e-20
-1.23543e-20
-1.23512e-20
-1.23508e-20
-1.23523e-20
-1.23523e-20
-1.23515e-20
-1.23571e-20
-1.2365e-20
-1.23653e-20
-1.23638e-20
-1.23674e-20
-1.23652e-20
-1.23645e-20
-1.23617e-20
-1.23586e-20
-1.23537e-20
-1.23532e-20
-1.23574e-20
-1.23546e-20
-1.23508e-20
-1.23542e-20
-1.23486e-20
-1.23523e-20
-1.23533e-20
-1.23571e-20
-1.2357e-20
-1.23573e-20
-1.23543e-20
-1.23535e-20
-1.23522e-20
-1.23559e-20
-1.236e-20
-1.23629e-20
-1.23626e-20
-1.23661e-20
-1.23666e-20
-1.2365e-20
-1.23586e-20
-1.23543e-20
-1.23513e-20
-1.23529e-20
-1.23525e-20
-1.23513e-20
-1.23521e-20
-1.23476e-20
-1.23484e-20
-1.23483e-20
-1.23488e-20
-1.23468e-20
-1.23468e-20
-1.23505e-20
-1.23484e-20
-1.2345e-20
-1.23418e-20
-1.23453e-20
-1.23476e-20
-1.23491e-20
-1.23424e-20
-1.23447e-20
-1.23465e-20
-1.2348e-20
-1.23501e-20
-1.23508e-20
-1.2357e-20
-1.236e-20
-1.23557e-20
-1.23577e-20
-1.23541e-20
-1.2357e-20
-1.23614e-20
-1.2359e-20
-1.23567e-20
-1.23552e-20
-1.23549e-20
-1.23582e-20
-1.23602e-20
-1.23596e-20
-1.23661e-20
-1.23636e-20
-1.23591e-20
-1.23575e-20
-1.23584e-20
-1.23592e-20
-1.23594e-20
-1.23553e-20
-1.23545e-20
-1.23527e-20
-1.23531e-20
-1.23499e-20
-1.23503e-20
-1.23517e-20
-1.2356e-20
-1.23597e-20
-1.23581e-20
-1.23573e-20
-1.23587e-20
-1.23557e-20
-1.23586e-20
-1.23594e-20
-1.23567e-20
-1.23622e-20
-1.23649e-20
-1.23653e-20
-1.23634e-20
-1.23642e-20
-1.23619e-20
-1.23669e-20
-1.23648e-20
-1.2362e-20
-1.23667e-20
-1.23756e-20
-1.23688e-20
-1.23636e-20
-1.2357e-20
-1.23565e-20
-1.23514e-20
-1.23436e-20
-1.23378e-20
-1.23374e-20
-1.23439e-20
-1.23432e-20
-1.23505e-20
-1.23506e-20
-1.23534e-20
-1.23586e-20
-1.23588e-20
-1.23591e-20
-1.23605e-20
-1.23611e-20
-1.23633e-20
-1.23635e-20
-1.23588e-20
-1.23608e-20
-1.23627e-20
-1.23623e-20
-1.23608e-20
-1.23568e-20
-1.23564e-20
-1.23551e-20
-1.23597e-20
-1.23607e-20
-1.23602e-20
-1.23611e-20
-1.23567e-20
-1.23498e-20
-1.23495e-20
-1.2355e-20
-1.23512e-20
-1.23513e-20
-1.23576e-20
-1.23532e-20
-1.2354e-20
-1.23586e-20
-1.23626e-20
-1.23608e-20
-1.23593e-20
-1.23578e-20
-1.23608e-20
-1.23624e-20
-1.23597e-20
-1.23608e-20
-1.23627e-20
-1.2363e-20
-1.23705e-20
-1.23638e-20
-1.23617e-20
-1.23606e-20
-1.2359e-20
-1.23615e-20
-1.23616e-20
-1.23585e-20
-1.23561e-20
-1.23539e-20
-1.2353e-20
-1.23483e-20
-1.23539e-20
-1.23556e-20
-1.23544e-20
-1.23553e-20
-1.23553e-20
-1.23552e-20
-1.23573e-20
-1.23558e-20
-1.2352e-20
-1.23551e-20
-1.23487e-20
-1.23459e-20
-1.23461e-20
-1.23415e-20
-1.23438e-20
-1.23415e-20
-1.23402e-20
-1.23437e-20
-1.23467e-20
-1.2346e-20
-1.23506e-20
-1.2352e-20
-1.23564e-20
-1.23617e-20
-1.23589e-20
-1.23653e-20
-1.23676e-20
-1.23632e-20
-1.23638e-20
-1.23665e-20
-1.23581e-20
-1.23584e-20
-1.23578e-20
-1.23564e-20
-1.23558e-20
-1.2355e-20
-1.23566e-20
-1.23574e-20
-1.23586e-20
-1.23617e-20
-1.23577e-20
-1.23612e-20
-1.23614e-20
-1.23569e-20
-1.23543e-20
-1.23517e-20
-1.23557e-20
-1.23555e-20
-1.23585e-20
-1.23634e-20
-1.23611e-20
-1.236e-20
-1.23613e-20
-1.23611e-20
-1.23632e-20
-1.23679e-20
-1.23665e-20
-1.23627e-20
-1.23586e-20
-1.2358e-20
-1.23551e-20
-1.23564e-20
-1.23548e-20
-1.23539e-20
-1.23474e-20
-1.23464e-20
-1.23496e-20
-1.23498e-20
-1.23496e-20
-1.23474e-20
-1.23509e-20
-1.23562e-20
-1.23589e-20
-1.23627e-20
-1.23611e-20
-1.23558e-20
-1.23577e-20
-1.23606e-20
-1.2357e-20
-1.23564e-20
-1.23554e-20
-1.23545e-20
-1.23596e-20
-1.2361e-20
-1.23628e-20
-1.23656e-20
-1.23655e-20
-1.23619e-20
-1.2363e-20
-1.23543e-20
-1.235e-20
-1.2349e-20
-1.2353e-20
-1.23489e-20
-1.23523e-20
-1.23519e-20
-1.23564e-20
-1.23579e-20
-1.23608e-20
-1.23554e-20
-1.23556e-20
-1.23553e-20
-1.23561e-20
-1.23603e-20
-1.23614e-20
-1.23595e-20
-1.23622e-20
-1.23563e-20
-1.23514e-20
-1.23505e-20
-1.23489e-20
-1.23509e-20
-1.23504e-20
-1.23482e-20
-1.23488e-20
-1.23465e-20
-1.23531e-20
-1.23577e-20
-1.23608e-20
-1.23639e-20
-1.23651e-20
-1.23667e-20
-1.23664e-20
-1.23646e-20
-1.23644e-20
-1.23595e-20
-1.23602e-20
-1.23549e-20
-1.23542e-20
-1.23609e-20
-1.23601e-20
-1.23597e-20
-1.23575e-20
-1.2361e-20
-1.23598e-20
-1.23599e-20
-1.23629e-20
-1.23601e-20
-1.23593e-20
-1.23598e-20
-1.23598e-20
-1.23569e-20
-1.23542e-20
-1.23523e-20
-1.23483e-20
-1.23486e-20
-1.23477e-20
-1.23421e-20
-1.23386e-20
-1.23384e-20
-1.23406e-20
-1.23447e-20
-1.23464e-20
-1.23464e-20
-1.23507e-20
-1.2347e-20
-1.23478e-20
-1.23522e-20
-1.23553e-20
-1.23584e-20
-1.23536e-20
-1.23467e-20
-1.23465e-20
-1.23425e-20
-1.23399e-20
-1.23444e-20
-1.23524e-20
-1.2353e-20
-1.23551e-20
-1.23563e-20
-1.23573e-20
-1.23594e-20
-1.23613e-20
-1.23533e-20
-1.23577e-20
-1.23603e-20
-1.23607e-20
-1.23649e-20
-1.23633e-20
-1.23634e-20
-1.23638e-20
-1.23598e-20
-1.23543e-20
-1.2352e-20
-1.23505e-20
-1.23503e-20
-1.2347e-20
-1.23533e-20
-1.23577e-20
-1.23653e-20
-1.2366e-20
-1.23682e-20
-1.23634e-20
-1.23656e-20
-1.23658e-20
-1.2365e-20
-1.23637e-20
-1.23649e-20
-1.23562e-20
-1.23517e-20
-1.23516e-20
-1.23512e-20
-1.23548e-20
-1.23495e-20
-1.23564e-20
-1.23606e-20
-1.23591e-20
-1.2362e-20
-1.23597e-20
-1.23611e-20
-1.23566e-20
-1.23521e-20
-1.23564e-20
-1.23509e-20
-1.23553e-20
-1.23538e-20
-1.23539e-20
-1.23519e-20
-1.23513e-20
-1.23527e-20
-1.2352e-20
-1.23494e-20
-1.23542e-20
-1.23544e-20
-1.23584e-20
-1.23595e-20
-1.23574e-20
-1.23609e-20
-1.23619e-20
-1.23598e-20
-1.23581e-20
-1.23584e-20
-1.23605e-20
-1.23577e-20
-1.23565e-20
-1.23513e-20
-1.23464e-20
-1.23347e-20
-1.23327e-20
-1.23332e-20
-1.23397e-20
-1.23421e-20
-1.23476e-20
-1.23471e-20
-1.23514e-20
-1.2357e-20
-1.23608e-20
-1.23656e-20
-1.23707e-20
-1.23671e-20
-1.23658e-20
-1.23692e-20
-1.23649e-20
-1.23619e-20
-1.23624e-20
-1.23591e-20
-1.23588e-20
-1.23596e-20
-1.23557e-20
-1.23513e-20
-1.23507e-20
-1.23496e-20
-1.23505e-20
-1.23554e-20
-1.23594e-20
-1.23646e-20
-1.23693e-20
-1.23718e-20
-1.23723e-20
-1.23719e-20
-1.23696e-20
-1.23705e-20
-1.2369e-20
-1.23646e-20
-1.2361e-20
-1.23657e-20
-1.23693e-20
-1.2374e-20
-1.23701e-20
-1.23642e-20
-1.23597e-20
-1.23611e-20
-1.23581e-20
-1.2354e-20
-1.2356e-20
-1.23575e-20
-1.23552e-20
-1.23496e-20
-1.23465e-20
-1.23446e-20
-1.23457e-20
-1.23475e-20
-1.23474e-20
-1.2349e-20
-1.23513e-20
-1.23565e-20
-1.23594e-20
-1.23578e-20
-1.2354e-20
-1.2354e-20
-1.23498e-20
-1.23507e-20
-1.23548e-20
-1.23605e-20
-1.23581e-20
-1.23572e-20
-1.2359e-20
-1.23596e-20
-1.23621e-20
-1.23597e-20
-1.23606e-20
-1.2356e-20
-1.23482e-20
-1.23487e-20
-1.23401e-20
-1.23394e-20
-1.23412e-20
-1.23381e-20
-1.23443e-20
-1.2345e-20
-1.23486e-20
-1.23514e-20
-1.23518e-20
-1.23491e-20
-1.23526e-20
-1.23577e-20
-1.23565e-20
-1.23592e-20
-1.2357e-20
-1.2358e-20
-1.23563e-20
-1.2353e-20
-1.23526e-20
-1.23569e-20
-1.23567e-20
-1.23638e-20
-1.23656e-20
-1.23627e-20
-1.23671e-20
-1.23655e-20
-1.23641e-20
-1.23594e-20
-1.23593e-20
-1.23575e-20
-1.23524e-20
-1.23544e-20
-1.23608e-20
-1.23648e-20
-1.23617e-20
-1.23541e-20
-1.2355e-20
-1.23525e-20
-1.23553e-20
-1.23532e-20
-1.23566e-20
-1.23518e-20
-1.23516e-20
-1.23509e-20
-1.23484e-20
-1.23515e-20
-1.23552e-20
-1.23618e-20
-1.23631e-20
-1.23616e-20
-1.23645e-20
-1.23669e-20
-1.23609e-20
-1.23585e-20
-1.2355e-20
-1.23532e-20
-1.23527e-20
-1.23521e-20
-1.23508e-20
-1.23505e-20
-1.23475e-20
-1.23439e-20
-1.23433e-20
-1.23426e-20
-1.23373e-20
-1.23402e-20
-1.23406e-20
-1.2341e-20
-1.23442e-20
-1.23511e-20
-1.23544e-20
-1.23496e-20
-1.23513e-20
-1.23493e-20
-1.23477e-20
-1.23467e-20
-1.2348e-20
-1.23453e-20
-1.23495e-20
-1.23541e-20
-1.23513e-20
-1.23462e-20
-1.23475e-20
-1.23494e-20
-1.23544e-20
-1.23538e-20
-1.23533e-20
-1.23538e-20
-1.23571e-20
-1.23616e-20
-1.23642e-20
-1.23622e-20
-1.23617e-20
-1.23601e-20
-1.23596e-20
-1.23548e-20
-1.2358e-20
-1.23628e-20
-1.23634e-20
-1.23616e-20
-1.23659e-20
-1.23633e-20
-1.2362e-20
-1.23617e-20
-1.23563e-20
-1.2355e-20
-1.23571e-20
-1.23547e-20
-1.23546e-20
-1.23517e-20
-1.23492e-20
-1.23476e-20
-1.23463e-20
-1.23485e-20
-1.23454e-20
-1.23426e-20
