           0           0           0
   0.0230664           0           0
   0.0461329           0           0
   0.0691993           0           0
   0.0922657           0           0
    0.115332           0           0
    0.138399           0           0
    0.161465           0           0
    0.184531           0           0
    0.207598           0           0
    0.230664           0           0
    0.253731           0           0
    0.276797           0           0
    0.299864           0           0
     0.32293           0           0
    0.345996           0           0
    0.369063           0           0
    0.392129           0           0
    0.415196           0           0
    0.438262           0           0
    0.461329           0           0
    0.484395           0           0
    0.507461           0           0
    0.530528           0           0
    0.553594           0           0
    0.576661           0           0
    0.599727           0           0
    0.622794           0           0
     0.64586           0           0
    0.668926           0           0
    0.691993           0           0
    0.715059           0           0
    0.738126           0           0
    0.761192           0           0
    0.784259           0           0
    0.807325           0           0
    0.830391           0           0
    0.853458           0           0
    0.876524           0           0
    0.899591           0           0
    0.922657           0           0
    0.945724 3.80274e-06 2.80877e-06
     0.96879  0.00134461 5.92747e-05
    0.991856   0.0790127 0.000466233
     1.01492     1.05621  0.00140718
     1.03799     4.79042  0.00334714
     1.06106     9.32338  0.00440002
     1.08412     9.19441  0.00486323
     1.10719     5.15693  0.00297064
     1.13026      1.7766  0.00250738
     1.15332    0.396139  0.00111671
     1.17639   0.0588903  0.00042708
     1.19945  0.00594247 0.000138237
     1.22252 0.000440478 3.72623e-05
     1.24559   1.323e-05 6.64596e-06
     1.26865           0           0
     1.29172           0           0
     1.31479           0           0
     1.33785           0           0
     1.36092 5.91997e-05  1.2269e-05
     1.38399 0.000940597 5.83123e-05
     1.40705   0.0084613 0.000263721
     1.43012   0.0573006 0.000950906
     1.45319    0.257669  0.00215087
     1.47625    0.786879  0.00269735
     1.49932     1.57478  0.00228188
     1.52238     2.06541  0.00540375
     1.54545      1.7679  0.00359503
     1.56852    0.984588     0.00134
     1.59158    0.357879  0.00225031
     1.61465   0.0855142  0.00121892
     1.63772   0.0135004 0.000385068
     1.66078  0.00131872 7.46915e-05
     1.68385 9.33519e-05 1.71806e-05
     1.70692 2.79275e-05 6.74549e-06
     1.72998 0.000731902 3.26845e-05
     1.75305   0.0111933 0.000167798
     1.77612    0.105504 0.000750464
     1.79918     0.59736  0.00234244
     1.82225     2.05119  0.00275491
     1.84531     4.34409  0.00221663
     1.86838      5.7221    0.006375
     1.89145     4.76675  0.00423512
     1.91451     2.53781  0.00209628
     1.93758    0.866395  0.00266876
     1.96065    0.192589  0.00137281
     1.98371   0.0280336 0.000355844
     2.00678  0.00254139 6.78488e-05
     2.02985  0.00062452 2.77006e-05
     2.05291  0.00807721 0.000151033
     2.07598   0.0725045 0.000591067
     2.09905    0.366083  0.00137562
     2.12211      1.0796  0.00124703
     2.14518     1.91822  0.00203913
     2.16824     2.11746  0.00302323
     2.19131     1.48283   0.0012628
     2.21438    0.673583  0.00134643
     2.23744    0.197789  0.00109791
     2.26051   0.0378023 0.000424502
     2.28358  0.00711213 0.000172839
