196.8
196.801
196.803
196.805
196.808
196.812
196.817
196.822
196.828
196.835
196.842
196.851
196.86
196.87
196.88
196.892
196.904
196.917
196.931
196.946
196.962
196.979
196.997
197.016
197.036
197.057
197.079
197.102
197.126
197.152
197.179
197.206
197.235
197.266
197.298
197.331
197.365
197.401
197.439
197.478
197.519
197.561
197.606
197.652
197.699
197.749
197.801
197.855
197.912
197.97
198.031
198.095
198.161
198.229
198.301
198.375
198.453
198.533
198.617
198.704
198.795
198.89
198.988
199.091
199.198
199.309
199.424
199.545
199.67
199.801
199.937
200.078
200.225
200.379
200.538
200.704
200.877
201.057
201.245
201.439
201.642
201.853
202.073
202.301
202.538
202.784
203.041
203.307
203.583
203.869
204.166
204.474
204.792
205.121
205.46
205.809
206.167
206.533
206.906
207.284
207.665
208.047
208.424
208.795
209.154
209.496
209.818
210.114
210.381
210.617
210.821
210.995
211.137
211.248
211.32
211.341
211.295
211.16
210.916
210.552
210.079
209.533
208.986
208.534
208.283
208.314
208.663
209.3
210.148
211.101
212.047
212.896
213.592
214.123
214.515
214.808
215.033
215.187
215.236
215.138
214.868
214.442
213.914
213.367
212.89
212.555
212.41
212.475
212.755
213.234
213.888
214.675
215.551
216.472
217.398
218.295
219.131
219.876
220.505
220.999
221.349
221.552
221.613
221.542
221.354
221.069
220.71
220.303
219.875
219.45
219.047
218.681
218.366
218.125
217.989
217.991
218.158
218.488
218.948
219.48
220.016
220.495
220.876
221.142
221.289
221.329
221.283
221.172
221.025
220.868
220.726
220.623
220.579
220.605
220.707
220.882
221.119
221.403
221.714
222.033
222.34
222.623
222.868
223.07
223.224
223.329
223.385
223.392
223.35
223.258
223.111
222.905
222.635
222.299
221.903
221.467
221.023
220.619
220.306
220.127
220.107
220.241
220.495
220.817
221.142
221.41
221.57
221.593
221.484
221.288
221.089
220.996
221.099
221.433
221.959
222.583
223.194
223.699
224.042
224.198
224.174
224.003
223.74
223.462
223.255
223.189
223.294
223.548
223.881
224.201
195.845
195.944
195.901
195.733
195.484
195.218
194.999
194.876
194.87
194.975
195.169
195.422
195.711
196.018
196.328
196.628
196.907
197.154
197.363
197.534
197.669
197.777
197.867
197.946
198.02
198.088
198.144
198.177
198.171
198.108
197.975
197.762
197.469
197.106
196.697
196.276
195.888
195.579
195.393
195.356
195.475
195.733
196.097
196.523
196.97
197.406
197.81
198.172
198.489
198.763
199.002
199.21
199.396
199.566
199.727
199.885
200.045
200.211
200.384
200.563
200.746
200.925
201.088
201.222
201.309
201.329
201.261
201.086
200.795
200.391
199.899
199.366
198.857
198.445
198.19
198.135
198.295
198.664
199.211
199.881
200.6
201.284
201.859
202.264
202.462
202.43
202.158
201.645
200.9
199.947
198.833
197.629
196.433
195.361
194.527
194.026
193.916
194.199
194.817
195.669
196.637
197.618
198.541
199.364
200.07
200.654
201.12
201.472
201.72
201.873
201.941
201.937
201.87
201.754
201.599
201.418
201.223
201.029
200.848
200.694
200.577
200.505
200.482
200.509
200.582
200.693
200.835
200.999
201.178
201.364
201.553
201.739
201.92
202.093
202.256
202.408
202.545
202.665
202.765
202.842
202.892
202.909
202.888
202.823
202.708
202.533
202.292
201.976
201.576
201.082
200.483
199.766
198.92
197.943
196.865
195.778
194.855
194.324
194.367
195.004
196.063
197.272
198.384
199.247
199.801
200.049
200.024
199.779
199.374
198.886
198.402
198.012
197.789
197.773
197.958
198.297
198.721
199.161
199.561
199.887
200.124
200.272
200.341
200.346
200.3
200.209
200.07
199.864
199.561
199.116
198.489
197.652
196.62
195.476
194.373
193.513
193.074
193.131
193.623
194.389
195.242
196.03
196.656
197.079
197.296
197.328
197.21
196.986
196.708
196.436
196.229
196.136
196.184
196.367
196.65
196.983
197.317
197.61
197.839
197.995
198.079
198.102
198.076
198.014
197.928
197.831
197.73
197.632
197.537
197.446
197.354
197.252
197.13
196.978
196.781
196.528
196.212
195.83
195.392
194.92
194.45
194.028
193.697
193.483
193.391
193.4
193.475
193.58
193.687
193.774
191.041
191.067
191.065
191.05
191.05
191.09
191.187
191.337
191.521
191.708
191.872
191.996
192.073
192.103
192.093
192.046
191.967
191.854
191.705
191.523
191.315
191.096
190.896
190.746
190.68
190.719
190.865
191.102
191.397
191.715
192.02
192.29
192.509
192.673
192.783
192.844
192.864
192.849
192.806
192.74
192.658
192.562
192.457
192.345
192.23
192.115
192.003
191.895
191.794
191.702
191.617
191.539
191.466
191.395
191.323
191.248
191.171
191.093
191.018
190.948
190.889
190.843
190.81
190.79
190.78
190.778
190.781
190.788
190.799
190.812
190.826
190.835
190.831
190.808
190.754
190.663
190.527
190.345
190.119
189.862
189.596
189.35
189.159
189.056
189.062
189.186
189.423
189.756
190.167
190.633
191.131
191.638
192.134
192.602
193.032
193.416
193.753
194.046
194.298
194.515
194.702
194.865
195.008
195.134
195.246
195.346
195.435
195.514
195.582
195.638
195.682
195.712
195.726
195.721
195.692
195.635
195.541
195.397
195.188
194.897
194.508
194.012
193.416
192.752
192.084
191.496
191.068
190.839
190.787
190.832
190.877
190.853
190.751
190.636
190.62
190.807
191.24
191.884
192.648
193.44
194.197
194.896
195.542
196.149
196.724
197.269
197.775
198.234
198.636
198.976
199.25
199.461
199.611
199.703
199.741
199.728
199.665
199.555
199.398
199.196
198.953
198.677
198.378
198.074
197.783
197.526
197.321
197.18
197.101
197.076
197.085
197.107
197.119
197.106
197.054
196.96
196.821
196.63
196.375
196.034
195.589
195.051
194.487
194.037
193.874
194.123
194.776
195.695
196.681
197.564
198.251
198.715
198.983
199.103
199.139
199.15
199.183
199.268
199.41
199.597
199.804
200.006
200.18
200.311
200.394
200.43
200.424
200.384
200.32
200.241
200.152
200.06
199.964
199.864
199.758
199.643
199.518
199.384
199.248
199.121
199.017
198.95
198.933
198.974
199.071
199.217
199.395
199.589
199.779
199.951
200.09
200.188
200.241
200.249
200.215
200.147
200.056
199.955
199.861
199.787
199.746
199.747
199.792
199.877
199.992
200.12
200.237
200.317
200.327
200.231
204.078
203.647
202.998
202.124
201.068
199.94
198.92
198.213
197.965
198.191
198.779
199.559
200.377
201.136
201.795
202.344
202.789
203.14
203.408
203.604
203.735
203.812
203.843
203.839
203.806
203.751
203.676
203.584
203.475
203.35
203.21
203.058
202.899
202.738
202.584
202.446
202.335
202.259
202.228
202.247
202.318
202.442
202.612
202.817
203.041
203.265
203.468
203.63
203.732
203.757
203.698
203.55
203.315
202.998
202.601
202.116
201.526
200.817
200.012
199.207
198.577
198.327
198.573
199.264
200.205
201.165
201.978
202.57
202.939
203.12
203.157
203.092
202.959
202.784
202.588
202.39
202.206
202.052
201.939
201.876
201.865
201.907
201.997
202.128
202.293
202.483
202.694
202.919
203.154
203.395
203.638
203.881
204.119
204.35
204.57
204.777
204.968
205.142
205.297
205.432
205.544
205.632
205.693
205.722
205.717
205.671
205.574
205.415
205.175
204.832
204.354
203.707
202.859
201.793
200.532
199.166
197.86
196.839
196.319
196.423
197.116
198.224
199.516
200.787
201.907
202.823
203.533
204.067
204.46
204.746
204.953
205.105
205.217
205.305
205.382
205.457
205.536
205.618
205.695
205.752
205.765
205.71
205.566
205.322
204.987
204.597
204.207
203.885
203.685
203.627
203.691
203.825
203.976
204.111
204.224
204.34
204.495
204.721
205.034
205.424
205.865
206.319
206.749
207.123
207.419
207.623
207.732
207.745
207.665
207.499
207.259
206.957
206.611
206.245
205.886
205.561
205.298
205.12
205.039
205.058
205.166
205.345
205.571
205.82
206.07
206.308
206.526
206.721
206.899
207.063
207.222
207.379
207.537
207.694
207.841
207.967
208.053
208.083
208.039
207.914
207.71
207.442
207.141
206.848
206.609
206.461
206.425
206.501
206.668
206.893
207.139
207.37
207.556
207.674
207.708
207.643
207.474
207.201
206.833
206.388
205.901
205.417
204.993
204.693
204.57
204.663
204.974
205.473
206.1
206.781
207.443
208.028
208.498
208.831
209.025
209.082
209.015
208.839
208.567
208.217
207.803
207.342
206.847
206.335
205.818
205.308
204.815
204.346
203.905
203.493
203.109
202.751
202.414
202.095
201.795
201.517
201.271
201.071
200.933
200.871
200.89
200.987
201.146
201.344
201.558
201.763
201.944
202.091
202.199
202.272
202.312
202.327
202.323
202.305
202.277
202.242
202.202
202.157
202.105
202.045
201.97
201.876
201.755
201.596
201.386
201.111
200.756
200.311
199.776
199.17
198.537
197.951
197.5
197.261
197.266
197.488
197.849
198.251
198.604
198.844
198.935
198.863
198.627
198.237
197.708
197.069
196.368
195.673
195.077
194.674
194.539
194.688
195.078
195.62
196.215
196.777
197.253
197.615
197.855
197.975
197.979
197.87
197.646
197.304
196.831
196.213
195.43
194.465
193.312
191.994
190.594
189.264
188.214
187.64
187.643
188.179
189.093
190.198
191.33
192.38
193.288
194.027
194.597
195.008
195.281
195.435
195.493
195.472
195.387
195.253
195.079
194.875
194.646
194.399
194.139
193.87
193.596
193.321
193.052
192.792
192.548
192.323
192.123
191.953
191.814
191.708
191.635
191.594
191.58
191.59
191.621
191.667
191.724
191.788
191.854
191.917
191.972
192.011
192.025
192
191.922
191.772
191.533
191.189
190.739
190.201
189.63
189.113
188.758
188.658
188.849
189.294
189.898
190.551
191.159
191.668
192.052
192.311
192.459
192.515
192.5
192.437
192.346
192.25
192.167
192.112
192.092
192.107
192.147
192.194
192.225
192.217
192.148
192.007
191.797
191.546
191.301
191.124
191.072
191.177
191.434
191.804
192.234
192.68
193.112
193.516
193.884
194.206
194.471
194.664
194.776
194.803
194.754
194.647
194.507
194.365
194.248
194.18
194.172
194.223
194.322
194.447
194.57
194.665
194.71
194.692
194.607
194.459
194.26
194.028
193.784
193.546
193.331
193.148
193.003
192.905
192.868
192.915
193.071
193.356
193.775
194.307
194.919
195.564
196.2
196.793
197.319
197.765
198.126
198.4
198.587
198.689
198.707
198.642
198.496
198.275
197.988
197.647
197.273
196.886
196.508
196.153
195.817
195.474
195.076
194.563
193.887
193.041
192.095
191.207
190.604
190.499
190.998
192.048
193.472
195.047
196.59
197.981
199.167
200.138
200.911
201.514
201.979
202.332
202.6
202.802
202.952
203.061
203.137
203.184
203.205
203.202
203.176
203.127
203.059
202.975
202.878
202.774
202.67
202.574
202.493
202.434
202.403
202.408
202.448
202.523
202.622
202.726
202.809
202.846
202.813
202.698
202.503
202.238
201.922
201.578
201.23
200.914
200.683
200.598
200.72
201.077
201.646
202.356
203.102
203.78
204.304
204.621
204.711
204.581
204.263
203.812
203.299
202.806
202.418
202.207
202.209
202.424
202.805
203.285
203.789
204.256
204.645
204.934
205.121
205.213
205.227
205.178
205.085
204.962
204.82
204.663
204.489
204.288
204.042
203.725
203.307
202.76
202.068
201.244
200.352
199.512
198.881
198.592
198.69
199.108
199.703
200.325
200.865
201.273
201.54
201.685
201.736
201.721
201.665
201.588
201.506
201.426
201.355
201.29
201.227
201.157
201.064
200.932
200.742
200.471
200.099
199.614
199.015
198.323
197.593
196.907
196.361
196.026
195.92
195.991
196.143
196.28
196.352
196.373
196.415
196.574
196.921
197.467
198.162
198.919
199.651
200.296
200.825
201.232
201.525
201.718
201.827
201.864
201.841
201.764
201.641
201.479
201.285
201.07
200.847
200.633
200.443
200.292
200.189
200.133
200.113
200.102
200.062
199.949
199.72
199.355
198.877
198.379
198.014
197.949
198.282
198.982
199.907
200.879
201.755
202.456
202.955
203.258
203.378
203.328
203.119
202.755
202.242
201.594
200.838
200.03
199.258
198.633
198.261
198.2
198.426
198.853
199.377
199.911
200.402
200.82
201.147
201.36
201.441
201.377
201.185
200.915
200.658
200.526
200.616
200.963
201.527
202.211
202.907
203.529
204.031
204.397
204.634
204.76
204.791
204.744
204.629
204.451
204.212
203.909
203.54
203.106
202.61
202.063
201.485
200.905
200.359
199.888
199.53
199.314
199.252
199.338
199.546
199.839
200.181
200.54
200.898
201.251
201.6
201.951
202.304
202.654
202.992
203.306
203.586
203.824
204.015
204.159
204.257
204.31
204.321
204.29
204.215
204.094
203.921
203.691
203.397
203.037
202.61
202.128
201.607
201.078
200.58
200.152
199.829
199.627
199.541
199.537
199.568
199.576
199.509
199.328
199.012
198.563
198.004
197.378
196.744
196.17
195.725
195.468
195.437
195.642
196.066
196.668
197.391
198.176
198.968
199.723
200.411
201.014
201.524
201.943
202.276
202.532
202.72
202.85
202.931
202.969
202.97
202.936
202.869
202.768
202.629
202.448
202.22
201.938
201.598
201.198
200.74
200.232
199.689
199.134
198.595
198.101
197.684
197.369
197.175
197.108
197.158
197.299
197.489
197.677
197.807
197.837
197.746
197.553
197.325
197.17
197.203
197.498
198.054
198.795
199.61
200.395
201.079
201.627
202.032
202.3
202.438
202.454
202.349
202.119
201.76
201.27
200.659
199.952
199.202
198.488
197.903
197.535
197.435
197.597
197.966
198.454
198.969
199.442
199.825
200.101
200.27
200.345
200.351
200.314
200.264
200.227
200.224
200.269
200.367
200.515
200.704
200.922
201.156
201.396
201.632
201.859
202.073
202.274
202.461
202.635
202.798
202.953
203.101
203.245
203.386
203.527
203.668
203.807
203.944
204.073
204.189
204.286
204.357
204.394
204.392
204.346
204.255
204.122
203.953
203.76
203.559
203.366
203.196
203.058
202.948
202.846
202.716
202.515
202.213
201.816
201.397
201.094
201.064
201.408
202.111
203.049
204.056
204.998
205.799
206.439
206.925
207.28
207.522
207.668
207.725
207.697
207.585
207.389
207.109
206.749
206.321
205.846
205.363
204.931
204.621
204.507
204.637
205.013
205.585
206.266
206.956
207.566
208.03
208.306
208.369
208.21
207.833
207.259
206.532
205.714
204.884
204.128
203.522
203.124
202.966
203.056
203.376
203.888
204.54
205.27
206.021
206.744
207.403
207.97
208.429
208.766
208.976
209.054
209
208.819
208.52
208.122
207.653
207.152
206.668
206.251
205.947
205.784
205.768
205.879
206.084
206.34
206.61
206.872
207.112
207.333
207.541
207.743
207.942
208.137
208.323
208.492
208.637
208.752
208.835
208.884
208.9
208.886
208.844
208.776
208.686
208.575
208.443
208.291
208.119
207.925
207.709
207.468
207.199
206.902
206.574
206.212
205.817
205.386
204.923
204.43
203.914
203.385
202.858
202.354
201.899
201.523
201.256
201.121
201.132
201.283
201.549
201.89
202.26
202.616
202.927
203.178
203.373
203.529
203.673
203.828
204.009
204.217
204.441
204.664
204.864
205.028
205.146
205.218
205.249
205.248
205.225
205.192
205.157
205.126
205.105
205.092
205.085
205.075
205.05
204.993
204.884
204.704
204.435
204.071
203.616
203.096
202.552
202.036
201.592
201.237
200.951
200.68
200.367
199.982
199.554
199.179
198.989
199.094
199.518
200.175
200.918
201.596
202.108
202.403
202.477
202.349
202.051
201.625
201.123
200.613
200.17
199.864
199.741
199.814
200.063
200.441
200.88
201.299
201.605
201.709
201.548
201.108
200.453
199.729
199.133
198.835
198.893
199.234
199.707
200.169
200.535
200.783
200.932
201.012
201.054
201.075
201.081
201.069
201.03
200.951
200.819
200.622
200.349
199.995
199.558
199.047
198.482
197.899
197.345
196.877
196.548
196.387
196.399
196.555
196.81
197.113
197.416
197.689
197.909
198.068
198.163
198.196
198.17
198.089
197.957
197.782
197.571
197.34
197.11
196.908
196.763
196.695
196.716
196.813
196.96
197.114
197.231
197.274
197.216
197.052
196.792
196.469
196.126
195.812
195.565
195.407
195.339
195.348
195.421
195.549
195.73
195.965
196.251
196.577
196.924
197.27
197.597
197.89
198.143
198.354
198.528
198.67
198.787
198.885
198.968
199.04
199.104
199.161
199.208
199.245
199.268
199.272
199.25
199.196
199.1
198.952
198.742
198.461
198.103
197.67
197.173
196.637
196.098
195.595
195.164
194.823
194.567
194.369
194.195
194.015
193.818
193.61
193.417
193.276
193.224
193.295
193.516
193.905
194.47
195.205
196.082
197.051
198.047
199.004
199.865
200.593
201.171
201.596
201.878
202.033
202.077
202.028
201.903
201.715
201.478
201.208
200.916
200.617
200.325
200.055
199.82
199.633
199.505
199.438
199.432
199.477
199.559
199.662
199.766
199.858
199.926
199.964
199.972
199.954
199.919
199.878
199.841
199.818
199.815
199.831
199.863
199.901
199.936
199.958
199.958
199.936
199.891
199.832
199.767
199.708
199.665
199.646
199.652
199.682
199.731
199.788
199.846
199.894
199.925
199.932
199.912
199.862
199.778
199.657
199.496
199.29
199.036
198.733
198.386
198.01
197.633
197.3
197.067
196.991
197.117
197.453
197.972
198.613
199.303
199.97
200.56
201.039
201.387
201.596
201.666
201.6
201.402
201.078
200.638
200.098
199.485
198.842
198.226
197.706
197.348
197.2
197.275
197.545
197.953
198.428
198.905
199.337
199.698
199.977
200.178
200.308
200.38
200.406
200.402
200.381
200.357
200.343
200.349
200.385
200.454
200.556
200.69
200.847
201.022
201.208
201.397
201.585
201.767
201.941
202.106
202.261
202.404
202.536
202.654
202.759
202.849
202.923
202.978
203.015
203.031
203.028
203.007
202.971
202.924
202.874
202.828
202.793
202.776
202.784
202.819
202.881
202.966
203.066
203.168
203.254
203.306
203.303
203.228
203.068
202.815
202.472
202.05
201.57
201.063
200.564
200.108
199.729
199.438
199.227
199.053
198.855
198.567
198.151
197.635
197.134
196.836
196.93
197.501
198.471
199.648
200.821
201.848
202.667
203.286
203.743
204.083
204.34
204.532
204.66
204.722
204.724
204.689
204.658
204.683
204.806
205.045
205.388
205.792
206.206
206.578
206.869
207.054
207.12
207.058
206.867
206.547
206.108
205.582
205.03
204.545
204.244
204.221
204.505
205.045
205.727
206.428
207.05
207.54
207.887
208.101
208.208
208.236
208.208
208.136
208.022
207.851
207.596
207.219
206.688
205.986
205.139
204.235
203.424
202.888
202.77
203.117
203.868
204.893
206.046
207.204
208.278
209.208
209.96
210.521
210.894
211.091
211.133
211.04
210.837
210.55
210.202
209.822
209.438
209.08
208.78
208.563
208.445
208.428
208.497
208.625
208.778
208.921
209.026
209.078
209.071
209.013
208.917
208.803
208.691
208.599
208.54
208.519
208.54
208.6
208.696
208.821
208.969
209.132
209.301
209.466
209.618
209.75
209.853
209.925
209.964
209.97
209.945
209.891
209.81
209.7
209.558
209.379
209.154
208.877
208.542
208.156
207.733
207.302
206.897
206.556
206.305
206.149
206.076
206.056
206.056
206.043
205.997
205.908
205.786
205.655
205.549
205.508
205.559
205.712
205.954
206.254
206.577
206.89
207.169
207.405
207.597
207.75
207.875
207.982
208.08
208.174
208.269
208.364
208.453
208.529
208.577
208.582
208.527
208.397
208.184
207.888
207.522
207.116
206.708
206.341
206.051
205.859
205.77
205.775
205.864
206.027
206.252
206.528
206.839
207.167
207.492
207.801
208.083
208.333
208.549
208.727
208.865
208.961
209.013
209.022
208.989
208.922
208.831
208.726
208.623
208.533
208.467
208.426
208.406
208.396
208.379
208.339
208.26
208.133
207.957
207.738
207.493
207.245
207.019
206.834
206.693
206.584
206.483
206.367
206.235
206.112
206.039
206.054
206.168
206.359
206.592
206.839
207.088
207.35
207.64
207.974
208.362
208.805
209.297
209.819
210.343
210.833
211.252
211.568
211.758
211.812
211.728
211.519
211.201
210.801
210.353
209.893
209.461
209.093
208.821
208.662
208.616
208.664
208.768
208.879
208.946
208.928
208.8
208.56
208.224
207.826
207.418
207.058
206.806
206.711
206.804
207.088
207.537
208.107
208.739
209.371
209.95
210.436
210.805
211.05
211.179
211.209
211.166
211.075
210.958
210.83
210.698
210.56
210.411
210.245
210.064
209.877
209.708
209.583
209.535
209.587
209.747
210.007
210.342
210.72
211.104
211.465
211.778
212.03
212.218
212.344
212.417
212.453
212.467
212.475
212.491
212.524
212.573
212.631
212.681
212.699
212.659
212.535
212.312
211.989
211.589
211.157
210.762
210.471
210.334
210.366
210.542
210.813
211.128
211.449
211.754
212.039
212.307
212.56
212.795
213.001
213.169
213.287
213.356
213.382
213.384
213.383
213.399
213.44
213.504
213.576
213.636
213.667
213.656
213.601
213.506
213.379
213.229
213.06
212.876
212.676
212.459
212.223
211.971
211.701
211.418
211.123
210.819
210.513
210.219
209.954
209.744
209.615
209.59
209.685
209.904
210.234
210.65
211.111
211.561
211.933
212.149
212.128
211.795
211.114
210.133
209.028
208.107
207.691
207.924
208.678
209.648
210.543
211.198
211.575
211.717
211.695
211.58
211.426
211.268
211.121
210.984
210.846
210.688
210.495
210.251
209.947
209.582
209.162
208.708
208.256
207.86
207.581
207.467
207.531
207.738
208.016
208.287
208.493
208.614
208.662
208.664
208.645
208.612
208.556
208.456
208.301
208.089
207.835
207.564
207.302
207.066
206.86
206.676
206.499
206.311
206.104
205.878
205.646
205.428
205.25
205.139
205.119
205.207
205.409
205.711
206.08
206.462
206.804
207.059
207.207
207.253
207.219
207.129
206.991
206.786
206.477
206.023
205.407
204.656
203.845
203.088
202.503
202.176
202.134
202.341
202.718
203.179
203.651
204.09
204.478
204.814
205.109
205.378
205.632
205.884
206.14
206.403
206.674
206.948
207.221
207.484
207.731
207.955
208.15
208.314
208.443
208.534
208.586
208.592
208.546
208.436
208.248
207.965
207.569
207.043
206.384
205.606
204.752
203.902
203.16
202.635
202.405
202.492
202.858
203.426
204.113
204.85
205.593
206.321
207.027
207.714
208.386
209.048
209.697
210.328
210.93
211.485
211.978
212.387
212.692
212.873
212.907
212.772
212.448
211.925
211.21
210.341
209.396
208.496
207.784
207.389
207.385
207.762
208.435
209.271
210.137
210.928
211.576
212.05
212.34
212.449
212.379
212.13
211.699
211.082
210.281
209.312
208.224
207.109
206.109
205.393
205.109
205.327
206.011
207.033
208.223
209.423
210.513
211.424
212.127
212.626
212.94
213.101
213.144
213.104
213.012
212.896
212.777
212.668
212.576
212.502
212.44
212.383
212.321
212.247
212.151
212.026
211.869
211.675
211.444
211.178
210.875
210.54
210.171
209.768
209.329
208.853
208.336
207.78
207.186
206.563
205.922
205.283
204.668
204.106
203.627
203.256
203.008
202.884
202.871
202.943
203.071
203.224
203.384
203.542
203.706
203.9
204.157
204.507
204.966
205.519
206.129
206.747
207.324
207.825
208.229
208.533
208.741
208.864
208.914
208.901
208.836
208.726
208.575
208.387
208.165
207.91
207.627
207.321
206.998
206.669
206.347
206.045
205.779
205.563
205.407
205.321
205.306
205.361
205.478
205.646
205.849
206.067
206.281
206.471
206.616
206.701
206.707
206.618
