4.07568e-21
4.0757e-21
4.07574e-21
4.07579e-21
4.07585e-21
4.07593e-21
4.07602e-21
4.07613e-21
4.07626e-21
4.0764e-21
4.07655e-21
4.07673e-21
4.07691e-21
4.07712e-21
4.07734e-21
4.07757e-21
4.07783e-21
4.0781e-21
4.0784e-21
4.07871e-21
4.07904e-21
4.07939e-21
4.07976e-21
4.08015e-21
4.08056e-21
4.081e-21
4.08145e-21
4.08193e-21
4.08244e-21
4.08296e-21
4.08351e-21
4.08409e-21
4.08469e-21
4.08532e-21
4.08598e-21
4.08667e-21
4.08738e-21
4.08813e-21
4.08891e-21
4.08972e-21
4.09056e-21
4.09144e-21
4.09236e-21
4.09331e-21
4.0943e-21
4.09534e-21
4.09641e-21
4.09753e-21
4.0987e-21
4.09991e-21
4.10117e-21
4.10249e-21
4.10385e-21
4.10528e-21
4.10676e-21
4.1083e-21
4.1099e-21
4.11157e-21
4.11331e-21
4.11511e-21
4.117e-21
4.11896e-21
4.121e-21
4.12312e-21
4.12533e-21
4.12763e-21
4.13003e-21
4.13252e-21
4.13512e-21
4.13782e-21
4.14063e-21
4.14356e-21
4.14661e-21
4.14979e-21
4.15309e-21
4.15653e-21
4.16011e-21
4.16384e-21
4.16772e-21
4.17176e-21
4.17596e-21
4.18032e-21
4.18487e-21
4.18959e-21
4.19451e-21
4.19961e-21
4.20492e-21
4.21042e-21
4.21614e-21
4.22208e-21
4.22823e-21
4.2346e-21
4.24119e-21
4.248e-21
4.25502e-21
4.26224e-21
4.26966e-21
4.27724e-21
4.28497e-21
4.2928e-21
4.30069e-21
4.30859e-21
4.31641e-21
4.32409e-21
4.33152e-21
4.33861e-21
4.34527e-21
4.3514e-21
4.35693e-21
4.36182e-21
4.36605e-21
4.36965e-21
4.3726e-21
4.37488e-21
4.37637e-21
4.37682e-21
4.37587e-21
4.37307e-21
4.368e-21
4.36048e-21
4.35067e-21
4.33937e-21
4.32804e-21
4.31868e-21
4.31348e-21
4.31414e-21
4.32135e-21
4.33455e-21
4.35212e-21
4.37184e-21
4.39144e-21
4.40903e-21
4.42344e-21
4.43443e-21
4.44254e-21
4.44862e-21
4.45328e-21
4.45647e-21
4.45749e-21
4.45545e-21
4.44987e-21
4.44103e-21
4.43009e-21
4.41877e-21
4.40889e-21
4.40196e-21
4.39895e-21
4.40031e-21
4.40609e-21
4.41603e-21
4.42956e-21
4.44586e-21
4.464e-21
4.48307e-21
4.50225e-21
4.52083e-21
4.53814e-21
4.55357e-21
4.56659e-21
4.57683e-21
4.58407e-21
4.58828e-21
4.58954e-21
4.58807e-21
4.58418e-21
4.57828e-21
4.57084e-21
4.56241e-21
4.55356e-21
4.54476e-21
4.53641e-21
4.52882e-21
4.52231e-21
4.51732e-21
4.51449e-21
4.51454e-21
4.51798e-21
4.52482e-21
4.53436e-21
4.54537e-21
4.55646e-21
4.56638e-21
4.57429e-21
4.57979e-21
4.58283e-21
4.58367e-21
4.5827e-21
4.58042e-21
4.57737e-21
4.57411e-21
4.57117e-21
4.56905e-21
4.56812e-21
4.56866e-21
4.57078e-21
4.5744e-21
4.57931e-21
4.58519e-21
4.59164e-21
4.59823e-21
4.60461e-21
4.61046e-21
4.61554e-21
4.61972e-21
4.62291e-21
4.62508e-21
4.62623e-21
4.62638e-21
4.62552e-21
4.6236e-21
4.62057e-21
4.6163e-21
4.61071e-21
4.60375e-21
4.59556e-21
4.58652e-21
4.57734e-21
4.56896e-21
4.56247e-21
4.55877e-21
4.55836e-21
4.56113e-21
4.5664e-21
4.57306e-21
4.5798e-21
4.58534e-21
4.58865e-21
4.58913e-21
4.58687e-21
4.58281e-21
4.5787e-21
4.57677e-21
4.5789e-21
4.58582e-21
4.59672e-21
4.60963e-21
4.62228e-21
4.63275e-21
4.63985e-21
4.64308e-21
4.64259e-21
4.63904e-21
4.6336e-21
4.62784e-21
4.62355e-21
4.62218e-21
4.62436e-21
4.62962e-21
4.63651e-21
4.64314e-21
4.0559e-21
4.05794e-21
4.05706e-21
4.05357e-21
4.04842e-21
4.04291e-21
4.03837e-21
4.03582e-21
4.0357e-21
4.03788e-21
4.04189e-21
4.04713e-21
4.05312e-21
4.05947e-21
4.0659e-21
4.07212e-21
4.07789e-21
4.083e-21
4.08734e-21
4.09087e-21
4.09367e-21
4.09591e-21
4.09776e-21
4.09941e-21
4.10094e-21
4.10235e-21
4.10352e-21
4.10419e-21
4.10406e-21
4.10276e-21
4.10001e-21
4.0956e-21
4.08953e-21
4.08201e-21
4.07354e-21
4.06482e-21
4.05678e-21
4.05039e-21
4.04653e-21
4.04577e-21
4.04823e-21
4.05358e-21
4.06111e-21
4.06993e-21
4.07919e-21
4.08823e-21
4.09659e-21
4.10408e-21
4.11064e-21
4.11634e-21
4.12127e-21
4.12559e-21
4.12944e-21
4.13296e-21
4.1363e-21
4.13956e-21
4.14288e-21
4.14631e-21
4.14989e-21
4.15362e-21
4.1574e-21
4.1611e-21
4.16448e-21
4.16726e-21
4.16906e-21
4.16947e-21
4.16805e-21
4.16443e-21
4.15841e-21
4.15005e-21
4.13985e-21
4.12881e-21
4.11828e-21
4.10974e-21
4.10447e-21
4.10333e-21
4.10664e-21
4.11428e-21
4.1256e-21
4.13948e-21
4.15437e-21
4.16854e-21
4.18044e-21
4.18884e-21
4.19294e-21
4.19227e-21
4.18664e-21
4.17601e-21
4.16058e-21
4.14086e-21
4.11778e-21
4.09284e-21
4.06808e-21
4.04588e-21
4.0286e-21
4.01823e-21
4.01595e-21
4.0218e-21
4.03461e-21
4.05225e-21
4.0723e-21
4.09262e-21
4.11173e-21
4.12877e-21
4.14339e-21
4.15549e-21
4.16513e-21
4.17243e-21
4.17756e-21
4.18073e-21
4.18215e-21
4.18206e-21
4.18068e-21
4.17827e-21
4.17506e-21
4.1713e-21
4.16727e-21
4.16325e-21
4.15951e-21
4.15631e-21
4.15389e-21
4.1524e-21
4.15193e-21
4.15249e-21
4.15399e-21
4.1563e-21
4.15924e-21
4.16264e-21
4.16634e-21
4.1702e-21
4.1741e-21
4.17795e-21
4.1817e-21
4.18529e-21
4.18867e-21
4.19181e-21
4.19465e-21
4.19714e-21
4.19921e-21
4.20081e-21
4.20183e-21
4.20219e-21
4.20176e-21
4.20042e-21
4.19802e-21
4.19441e-21
4.18942e-21
4.18288e-21
4.17459e-21
4.16436e-21
4.15195e-21
4.1371e-21
4.11958e-21
4.09934e-21
4.07702e-21
4.05451e-21
4.0354e-21
4.0244e-21
4.02529e-21
4.03848e-21
4.06041e-21
4.08545e-21
4.10849e-21
4.12636e-21
4.13783e-21
4.14295e-21
4.14245e-21
4.13736e-21
4.12898e-21
4.11888e-21
4.10886e-21
4.10077e-21
4.09615e-21
4.09582e-21
4.09965e-21
4.10667e-21
4.11545e-21
4.12456e-21
4.13285e-21
4.1396e-21
4.14451e-21
4.14758e-21
4.14901e-21
4.14911e-21
4.14815e-21
4.14627e-21
4.14339e-21
4.13914e-21
4.13285e-21
4.12365e-21
4.11065e-21
4.09331e-21
4.07195e-21
4.04825e-21
4.0254e-21
4.0076e-21
3.99851e-21
3.99969e-21
4.00987e-21
4.02574e-21
4.04341e-21
4.05973e-21
4.0727e-21
4.08146e-21
4.08595e-21
4.08661e-21
4.08416e-21
4.07952e-21
4.07377e-21
4.06813e-21
4.06384e-21
4.06193e-21
4.06292e-21
4.0667e-21
4.07257e-21
4.07947e-21
4.08637e-21
4.09244e-21
4.09719e-21
4.10041e-21
4.10217e-21
4.10265e-21
4.1021e-21
4.10081e-21
4.09904e-21
4.09703e-21
4.09494e-21
4.0929e-21
4.09095e-21
4.08906e-21
4.08714e-21
4.08503e-21
4.08252e-21
4.07936e-21
4.07528e-21
4.07005e-21
4.0635e-21
4.05559e-21
4.04652e-21
4.03674e-21
4.02702e-21
4.01827e-21
4.0114e-21
4.00698e-21
4.00508e-21
4.00526e-21
4.00681e-21
4.00899e-21
4.0112e-21
4.01302e-21
3.9564e-21
3.95695e-21
3.9569e-21
3.95659e-21
3.95659e-21
3.95742e-21
3.95943e-21
3.96254e-21
3.96634e-21
3.97022e-21
3.97363e-21
3.97619e-21
3.97777e-21
3.9784e-21
3.97819e-21
3.97723e-21
3.97558e-21
3.97324e-21
3.97017e-21
3.96639e-21
3.96207e-21
3.95756e-21
3.9534e-21
3.9503e-21
3.94894e-21
3.94973e-21
3.95276e-21
3.95767e-21
3.96379e-21
3.97036e-21
3.97669e-21
3.98227e-21
3.98681e-21
3.9902e-21
3.99248e-21
3.99375e-21
3.99415e-21
3.99384e-21
3.99295e-21
3.9916e-21
3.98989e-21
3.98791e-21
3.98573e-21
3.98342e-21
3.98104e-21
3.97865e-21
3.97632e-21
3.97409e-21
3.97201e-21
3.97009e-21
3.96834e-21
3.96673e-21
3.96521e-21
3.96373e-21
3.96224e-21
3.9607e-21
3.95911e-21
3.95749e-21
3.95593e-21
3.95449e-21
3.95326e-21
3.9523e-21
3.95162e-21
3.95121e-21
3.951e-21
3.95095e-21
3.95101e-21
3.95116e-21
3.95139e-21
3.95167e-21
3.95195e-21
3.95213e-21
3.95207e-21
3.95157e-21
3.95047e-21
3.94857e-21
3.94577e-21
3.94199e-21
3.93732e-21
3.93199e-21
3.92647e-21
3.92138e-21
3.91743e-21
3.9153e-21
3.91543e-21
3.918e-21
3.92289e-21
3.9298e-21
3.93832e-21
3.94796e-21
3.95827e-21
3.96877e-21
3.97904e-21
3.98874e-21
3.99763e-21
4.00559e-21
4.01258e-21
4.01864e-21
4.02386e-21
4.02836e-21
4.03223e-21
4.03561e-21
4.03856e-21
4.04117e-21
4.04349e-21
4.04557e-21
4.04741e-21
4.04904e-21
4.05044e-21
4.05161e-21
4.05252e-21
4.05314e-21
4.05342e-21
4.05332e-21
4.05274e-21
4.05156e-21
4.04959e-21
4.04661e-21
4.04229e-21
4.03627e-21
4.02822e-21
4.01794e-21
4.00559e-21
3.99184e-21
3.97801e-21
3.96583e-21
3.95696e-21
3.95222e-21
3.95114e-21
3.95208e-21
3.95302e-21
3.9525e-21
3.95039e-21
3.94802e-21
3.94769e-21
3.95156e-21
3.96053e-21
3.97386e-21
3.98969e-21
4.00609e-21
4.02176e-21
4.03624e-21
4.04962e-21
4.06218e-21
4.0741e-21
4.08538e-21
4.09587e-21
4.10537e-21
4.1137e-21
4.12073e-21
4.12642e-21
4.13078e-21
4.13389e-21
4.1358e-21
4.13659e-21
4.13631e-21
4.13502e-21
4.13273e-21
4.12947e-21
4.12529e-21
4.12026e-21
4.11454e-21
4.10836e-21
4.10205e-21
4.09602e-21
4.09071e-21
4.08647e-21
4.08354e-21
4.08191e-21
4.08138e-21
4.08158e-21
4.08203e-21
4.08229e-21
4.082e-21
4.08094e-21
4.079e-21
4.07611e-21
4.07215e-21
4.06687e-21
4.0598e-21
4.0506e-21
4.03945e-21
4.02778e-21
4.01845e-21
4.01508e-21
4.02022e-21
4.03377e-21
4.05279e-21
4.07321e-21
4.09151e-21
4.10572e-21
4.11534e-21
4.12087e-21
4.12338e-21
4.12412e-21
4.12434e-21
4.12503e-21
4.12678e-21
4.12973e-21
4.1336e-21
4.1379e-21
4.14207e-21
4.14567e-21
4.14839e-21
4.15011e-21
4.15085e-21
4.15073e-21
4.14991e-21
4.14858e-21
4.14693e-21
4.1451e-21
4.14318e-21
4.1412e-21
4.13913e-21
4.13694e-21
4.13455e-21
4.13196e-21
4.12919e-21
4.12638e-21
4.12374e-21
4.12158e-21
4.1202e-21
4.11986e-21
4.1207e-21
4.12271e-21
4.12572e-21
4.12942e-21
4.13343e-21
4.13738e-21
4.14093e-21
4.14381e-21
4.14584e-21
4.14694e-21
4.14709e-21
4.14639e-21
4.14498e-21
4.1431e-21
4.14102e-21
4.13906e-21
4.13753e-21
4.13669e-21
4.13671e-21
4.13764e-21
4.1394e-21
4.14178e-21
4.14442e-21
4.14686e-21
4.14851e-21
4.14872e-21
4.14673e-21
4.22641e-21
4.21747e-21
4.20403e-21
4.18594e-21
4.16407e-21
4.14071e-21
4.11959e-21
4.10494e-21
4.09979e-21
4.10447e-21
4.11666e-21
4.1328e-21
4.14975e-21
4.16548e-21
4.17913e-21
4.19049e-21
4.1997e-21
4.20697e-21
4.21253e-21
4.21657e-21
4.21929e-21
4.22088e-21
4.22154e-21
4.22145e-21
4.22077e-21
4.21962e-21
4.21807e-21
4.21617e-21
4.21391e-21
4.21133e-21
4.20843e-21
4.20528e-21
4.20197e-21
4.19864e-21
4.19545e-21
4.1926e-21
4.1903e-21
4.18873e-21
4.18808e-21
4.18847e-21
4.18996e-21
4.19253e-21
4.19604e-21
4.20028e-21
4.20491e-21
4.20956e-21
4.21377e-21
4.21713e-21
4.21923e-21
4.21976e-21
4.21853e-21
4.21545e-21
4.21059e-21
4.20404e-21
4.19582e-21
4.18577e-21
4.17354e-21
4.15886e-21
4.1422e-21
4.12552e-21
4.11248e-21
4.10729e-21
4.11239e-21
4.12671e-21
4.14618e-21
4.16606e-21
4.1829e-21
4.19517e-21
4.20281e-21
4.20656e-21
4.20733e-21
4.20598e-21
4.20323e-21
4.1996e-21
4.19555e-21
4.19144e-21
4.18764e-21
4.18444e-21
4.1821e-21
4.18079e-21
4.18057e-21
4.18144e-21
4.1833e-21
4.18602e-21
4.18942e-21
4.19337e-21
4.19773e-21
4.20239e-21
4.20726e-21
4.21225e-21
4.2173e-21
4.22232e-21
4.22726e-21
4.23203e-21
4.23659e-21
4.24087e-21
4.24483e-21
4.24844e-21
4.25166e-21
4.25444e-21
4.25677e-21
4.25858e-21
4.25984e-21
4.26045e-21
4.26035e-21
4.25938e-21
4.25738e-21
4.25408e-21
4.24912e-21
4.24202e-21
4.23212e-21
4.21872e-21
4.20115e-21
4.17907e-21
4.15297e-21
4.12468e-21
4.09763e-21
4.07647e-21
4.06572e-21
4.06787e-21
4.08222e-21
4.10517e-21
4.13193e-21
4.15825e-21
4.18145e-21
4.2004e-21
4.21512e-21
4.22618e-21
4.23431e-21
4.24023e-21
4.24453e-21
4.24766e-21
4.24999e-21
4.25182e-21
4.25341e-21
4.25496e-21
4.25659e-21
4.25829e-21
4.25989e-21
4.26106e-21
4.26134e-21
4.26021e-21
4.25721e-21
4.25216e-21
4.24523e-21
4.23714e-21
4.22907e-21
4.2224e-21
4.21826e-21
4.21706e-21
4.21838e-21
4.22116e-21
4.2243e-21
4.22708e-21
4.22943e-21
4.23184e-21
4.23504e-21
4.23973e-21
4.24619e-21
4.25427e-21
4.26341e-21
4.27282e-21
4.28172e-21
4.28946e-21
4.29558e-21
4.29982e-21
4.30208e-21
4.30233e-21
4.30068e-21
4.29726e-21
4.29227e-21
4.28602e-21
4.27886e-21
4.27128e-21
4.26383e-21
4.25711e-21
4.25167e-21
4.24798e-21
4.2463e-21
4.24669e-21
4.24893e-21
4.25264e-21
4.25732e-21
4.26247e-21
4.26766e-21
4.27259e-21
4.27709e-21
4.28114e-21
4.28481e-21
4.28823e-21
4.29151e-21
4.29476e-21
4.29804e-21
4.30128e-21
4.30433e-21
4.30693e-21
4.30872e-21
4.30933e-21
4.30844e-21
4.30585e-21
4.30161e-21
4.29607e-21
4.28983e-21
4.28378e-21
4.27882e-21
4.27575e-21
4.275e-21
4.27657e-21
4.28003e-21
4.2847e-21
4.28979e-21
4.29457e-21
4.29843e-21
4.30088e-21
4.30157e-21
4.30023e-21
4.29674e-21
4.29108e-21
4.28345e-21
4.27424e-21
4.26415e-21
4.25413e-21
4.24536e-21
4.23913e-21
4.2366e-21
4.23851e-21
4.24495e-21
4.25528e-21
4.26827e-21
4.28237e-21
4.29609e-21
4.30821e-21
4.31793e-21
4.32484e-21
4.32884e-21
4.33003e-21
4.32865e-21
4.32499e-21
4.31937e-21
4.31212e-21
4.30355e-21
4.29399e-21
4.28375e-21
4.27314e-21
4.26243e-21
4.25187e-21
4.24166e-21
4.23195e-21
4.22281e-21
4.21428e-21
4.20634e-21
4.19891e-21
4.19193e-21
4.18533e-21
4.17911e-21
4.17336e-21
4.16826e-21
4.16412e-21
4.16127e-21
4.15998e-21
4.16038e-21
4.16239e-21
4.16568e-21
4.16979e-21
4.17421e-21
4.17846e-21
4.18221e-21
4.18524e-21
4.18749e-21
4.18899e-21
4.18983e-21
4.19015e-21
4.19005e-21
4.18967e-21
4.18909e-21
4.18837e-21
4.18755e-21
4.18661e-21
4.18555e-21
4.18429e-21
4.18275e-21
4.18081e-21
4.17829e-21
4.17499e-21
4.17064e-21
4.16494e-21
4.1576e-21
4.14839e-21
4.13731e-21
4.12475e-21
4.11165e-21
4.09952e-21
4.09018e-21
4.08522e-21
4.08532e-21
4.08992e-21
4.0974e-21
4.10573e-21
4.11303e-21
4.118e-21
4.11989e-21
4.11839e-21
4.11351e-21
4.10542e-21
4.09448e-21
4.08126e-21
4.06673e-21
4.05234e-21
4.03998e-21
4.03165e-21
4.02884e-21
4.03193e-21
4.04001e-21
4.05124e-21
4.06355e-21
4.0752e-21
4.08505e-21
4.09255e-21
4.09752e-21
4.10001e-21
4.10009e-21
4.09783e-21
4.0932e-21
4.0861e-21
4.07632e-21
4.06352e-21
4.04731e-21
4.02733e-21
4.00343e-21
3.97615e-21
3.94715e-21
3.91961e-21
3.89785e-21
3.88597e-21
3.88603e-21
3.89713e-21
3.91607e-21
3.93894e-21
3.96238e-21
3.98414e-21
4.00293e-21
4.01825e-21
4.03004e-21
4.03857e-21
4.04421e-21
4.04742e-21
4.04861e-21
4.04816e-21
4.04642e-21
4.04364e-21
4.04004e-21
4.0358e-21
4.03107e-21
4.02596e-21
4.02056e-21
4.01499e-21
4.00931e-21
4.00364e-21
3.99805e-21
3.99268e-21
3.98761e-21
3.98296e-21
3.97882e-21
3.97529e-21
3.97242e-21
3.97023e-21
3.96872e-21
3.96785e-21
3.96757e-21
3.96778e-21
3.96841e-21
3.96936e-21
3.97055e-21
3.97187e-21
3.97324e-21
3.97456e-21
3.9757e-21
3.9765e-21
3.97678e-21
3.97627e-21
3.97465e-21
3.97155e-21
3.96659e-21
3.95948e-21
3.95015e-21
3.93901e-21
3.92718e-21
3.91647e-21
3.90913e-21
3.90706e-21
3.91102e-21
3.92023e-21
3.93274e-21
3.94625e-21
3.95886e-21
3.96938e-21
3.97733e-21
3.98271e-21
3.98578e-21
3.98694e-21
3.98663e-21
3.98531e-21
3.98343e-21
3.98144e-21
3.97972e-21
3.97858e-21
3.97817e-21
3.97848e-21
3.97931e-21
3.98028e-21
3.98094e-21
3.98076e-21
3.97933e-21
3.97641e-21
3.97207e-21
3.96687e-21
3.96179e-21
3.95812e-21
3.95704e-21
3.95923e-21
3.96455e-21
3.9722e-21
3.98112e-21
3.99035e-21
3.9993e-21
4.00767e-21
4.01528e-21
4.02196e-21
4.02744e-21
4.03145e-21
4.03376e-21
4.03432e-21
4.0333e-21
4.03108e-21
4.02818e-21
4.02524e-21
4.02283e-21
4.02141e-21
4.02124e-21
4.02231e-21
4.02436e-21
4.02694e-21
4.02949e-21
4.03146e-21
4.0324e-21
4.03203e-21
4.03026e-21
4.02718e-21
4.02307e-21
4.01827e-21
4.01321e-21
4.00829e-21
4.00383e-21
4.00003e-21
3.99704e-21
3.99501e-21
3.99424e-21
3.99521e-21
3.99844e-21
4.00436e-21
4.01302e-21
4.02405e-21
4.03671e-21
4.05008e-21
4.06325e-21
4.07552e-21
4.08642e-21
4.09566e-21
4.10313e-21
4.1088e-21
4.11268e-21
4.11479e-21
4.11516e-21
4.11381e-21
4.1108e-21
4.10623e-21
4.10027e-21
4.09322e-21
4.08546e-21
4.07745e-21
4.06963e-21
4.06227e-21
4.05531e-21
4.04821e-21
4.03997e-21
4.02935e-21
4.01534e-21
3.99783e-21
3.97823e-21
3.95985e-21
3.94736e-21
3.94517e-21
3.95551e-21
3.97727e-21
4.00675e-21
4.03938e-21
4.07132e-21
4.10013e-21
4.12469e-21
4.1448e-21
4.16081e-21
4.17331e-21
4.18292e-21
4.19025e-21
4.1958e-21
4.19997e-21
4.20308e-21
4.20534e-21
4.20691e-21
4.20789e-21
4.20832e-21
4.20826e-21
4.20771e-21
4.20671e-21
4.20531e-21
4.20355e-21
4.20154e-21
4.1994e-21
4.19725e-21
4.19525e-21
4.19357e-21
4.19234e-21
4.19172e-21
4.19181e-21
4.19265e-21
4.1942e-21
4.19624e-21
4.19839e-21
4.20012e-21
4.20088e-21
4.2002e-21
4.19783e-21
4.19378e-21
4.18829e-21
4.18176e-21
4.17462e-21
4.16741e-21
4.16088e-21
4.15608e-21
4.15434e-21
4.15686e-21
4.16424e-21
4.17603e-21
4.19073e-21
4.20619e-21
4.22023e-21
4.23108e-21
4.23765e-21
4.2395e-21
4.23681e-21
4.23024e-21
4.2209e-21
4.21026e-21
4.20005e-21
4.19203e-21
4.18764e-21
4.1877e-21
4.19214e-21
4.20003e-21
4.20997e-21
4.22042e-21
4.23009e-21
4.23814e-21
4.24413e-21
4.248e-21
4.24991e-21
4.25019e-21
4.24918e-21
4.24725e-21
4.2447e-21
4.24176e-21
4.23851e-21
4.23491e-21
4.23075e-21
4.22565e-21
4.21909e-21
4.21044e-21
4.19911e-21
4.18476e-21
4.1677e-21
4.14923e-21
4.13185e-21
4.11877e-21
4.11278e-21
4.11481e-21
4.12347e-21
4.13579e-21
4.14867e-21
4.15986e-21
4.1683e-21
4.17384e-21
4.17685e-21
4.1779e-21
4.17759e-21
4.17643e-21
4.17484e-21
4.17313e-21
4.17149e-21
4.17e-21
4.16867e-21
4.16736e-21
4.1659e-21
4.16398e-21
4.16125e-21
4.1573e-21
4.15169e-21
4.144e-21
4.13395e-21
4.12154e-21
4.10722e-21
4.09211e-21
4.0779e-21
4.06657e-21
4.05964e-21
4.05745e-21
4.05893e-21
4.06207e-21
4.06491e-21
4.0664e-21
4.06682e-21
4.0677e-21
4.07099e-21
4.07817e-21
4.0895e-21
4.10389e-21
4.11956e-21
4.13471e-21
4.14808e-21
4.15904e-21
4.16746e-21
4.17352e-21
4.17753e-21
4.17978e-21
4.18056e-21
4.18007e-21
4.17848e-21
4.17594e-21
4.17257e-21
4.16855e-21
4.1641e-21
4.15949e-21
4.15506e-21
4.15113e-21
4.148e-21
4.14586e-21
4.14471e-21
4.14428e-21
4.14405e-21
4.14324e-21
4.14089e-21
4.13615e-21
4.12858e-21
4.11869e-21
4.10838e-21
4.10082e-21
4.09948e-21
4.10636e-21
4.12086e-21
4.14002e-21
4.16015e-21
4.1783e-21
4.19281e-21
4.20315e-21
4.20941e-21
4.2119e-21
4.21088e-21
4.20654e-21
4.199e-21
4.18838e-21
4.17495e-21
4.1593e-21
4.14257e-21
4.12657e-21
4.11363e-21
4.10594e-21
4.10466e-21
4.10934e-21
4.1182e-21
4.12905e-21
4.14011e-21
4.15027e-21
4.15894e-21
4.1657e-21
4.17012e-21
4.17178e-21
4.17047e-21
4.16649e-21
4.16089e-21
4.15556e-21
4.15284e-21
4.15471e-21
4.1619e-21
4.17357e-21
4.18774e-21
4.20215e-21
4.21504e-21
4.22542e-21
4.233e-21
4.23792e-21
4.24052e-21
4.24117e-21
4.2402e-21
4.23782e-21
4.23413e-21
4.22917e-21
4.2229e-21
4.21526e-21
4.20627e-21
4.196e-21
4.18467e-21
4.1727e-21
4.16069e-21
4.14939e-21
4.13963e-21
4.13222e-21
4.12774e-21
4.12646e-21
4.12823e-21
4.13253e-21
4.13861e-21
4.14569e-21
4.15312e-21
4.16055e-21
4.16785e-21
4.17509e-21
4.18235e-21
4.18965e-21
4.1969e-21
4.20391e-21
4.21042e-21
4.21622e-21
4.22114e-21
4.2251e-21
4.22808e-21
4.2301e-21
4.2312e-21
4.23143e-21
4.23078e-21
4.22924e-21
4.22673e-21
4.22315e-21
4.21838e-21
4.2123e-21
4.20483e-21
4.19601e-21
4.18601e-21
4.17523e-21
4.16428e-21
4.15395e-21
4.14509e-21
4.1384e-21
4.13423e-21
4.13243e-21
4.13236e-21
4.133e-21
4.13317e-21
4.13178e-21
4.12802e-21
4.12148e-21
4.11218e-21
4.1006e-21
4.08764e-21
4.07451e-21
4.06263e-21
4.05342e-21
4.04809e-21
4.04744e-21
4.05169e-21
4.06047e-21
4.07293e-21
4.08791e-21
4.10417e-21
4.12057e-21
4.13621e-21
4.15045e-21
4.16294e-21
4.17351e-21
4.18219e-21
4.18909e-21
4.19439e-21
4.19828e-21
4.20098e-21
4.20265e-21
4.20343e-21
4.20345e-21
4.20275e-21
4.20136e-21
4.19926e-21
4.19639e-21
4.19265e-21
4.18792e-21
4.18209e-21
4.17505e-21
4.16676e-21
4.15727e-21
4.14675e-21
4.13551e-21
4.12402e-21
4.11284e-21
4.10262e-21
4.09398e-21
4.08746e-21
4.08344e-21
4.08204e-21
4.08308e-21
4.08601e-21
4.08995e-21
4.09383e-21
4.09654e-21
4.09715e-21
4.09526e-21
4.09126e-21
4.08655e-21
4.08335e-21
4.08403e-21
4.09014e-21
4.10165e-21
4.117e-21
4.13388e-21
4.15013e-21
4.16428e-21
4.17564e-21
4.18403e-21
4.18957e-21
4.19244e-21
4.19277e-21
4.19059e-21
4.18582e-21
4.17839e-21
4.16825e-21
4.15559e-21
4.14095e-21
4.12543e-21
4.11063e-21
4.09852e-21
4.0909e-21
4.08882e-21
4.09219e-21
4.09983e-21
4.10992e-21
4.1206e-21
4.13038e-21
4.13833e-21
4.14404e-21
4.14753e-21
4.14909e-21
4.14921e-21
4.14846e-21
4.14742e-21
4.14665e-21
4.14659e-21
4.14752e-21
4.14955e-21
4.15261e-21
4.15652e-21
4.16103e-21
4.16589e-21
4.17085e-21
4.17574e-21
4.18044e-21
4.18488e-21
4.18904e-21
4.19291e-21
4.19652e-21
4.1999e-21
4.2031e-21
4.20616e-21
4.20914e-21
4.21207e-21
4.21499e-21
4.2179e-21
4.22079e-21
4.22362e-21
4.22629e-21
4.2287e-21
4.23071e-21
4.23218e-21
4.23295e-21
4.23291e-21
4.23195e-21
4.23007e-21
4.2273e-21
4.2238e-21
4.21981e-21
4.21565e-21
4.21165e-21
4.20814e-21
4.20528e-21
4.203e-21
4.20088e-21
4.19819e-21
4.19403e-21
4.18777e-21
4.17955e-21
4.17088e-21
4.1646e-21
4.16397e-21
4.17111e-21
4.18567e-21
4.20508e-21
4.22594e-21
4.24544e-21
4.26205e-21
4.27529e-21
4.28537e-21
4.29271e-21
4.29773e-21
4.30074e-21
4.30192e-21
4.30135e-21
4.29903e-21
4.29497e-21
4.28917e-21
4.28172e-21
4.27284e-21
4.263e-21
4.25301e-21
4.24406e-21
4.23765e-21
4.23528e-21
4.23797e-21
4.24576e-21
4.25762e-21
4.27172e-21
4.286e-21
4.29863e-21
4.30825e-21
4.31396e-21
4.31527e-21
4.31197e-21
4.30416e-21
4.29228e-21
4.27722e-21
4.26028e-21
4.2431e-21
4.22744e-21
4.21489e-21
4.20665e-21
4.20338e-21
4.20523e-21
4.21186e-21
4.22247e-21
4.23596e-21
4.25108e-21
4.26664e-21
4.28162e-21
4.29526e-21
4.307e-21
4.3165e-21
4.32349e-21
4.32783e-21
4.32945e-21
4.32833e-21
4.32458e-21
4.3184e-21
4.31015e-21
4.30044e-21
4.29006e-21
4.28003e-21
4.2714e-21
4.2651e-21
4.26173e-21
4.26139e-21
4.2637e-21
4.26794e-21
4.27324e-21
4.27885e-21
4.28425e-21
4.28924e-21
4.29382e-21
4.29812e-21
4.3023e-21
4.30642e-21
4.31046e-21
4.31431e-21
4.31781e-21
4.32081e-21
4.3232e-21
4.32491e-21
4.32593e-21
4.32626e-21
4.32597e-21
4.3251e-21
4.3237e-21
4.32183e-21
4.31952e-21
4.3168e-21
4.31365e-21
4.31009e-21
4.30608e-21
4.3016e-21
4.2966e-21
4.29104e-21
4.28489e-21
4.27808e-21
4.2706e-21
4.26241e-21
4.2535e-21
4.2439e-21
4.2337e-21
4.223e-21
4.21204e-21
4.20113e-21
4.1907e-21
4.18128e-21
4.17349e-21
4.16795e-21
4.16517e-21
4.1654e-21
4.16852e-21
4.17402e-21
4.18109e-21
4.18876e-21
4.19613e-21
4.20256e-21
4.20776e-21
4.21179e-21
4.21504e-21
4.21802e-21
4.22123e-21
4.22497e-21
4.22928e-21
4.23393e-21
4.23853e-21
4.24269e-21
4.24608e-21
4.24853e-21
4.25002e-21
4.25066e-21
4.25063e-21
4.25016e-21
4.24947e-21
4.24874e-21
4.24811e-21
4.24766e-21
4.2474e-21
4.24726e-21
4.24706e-21
4.24654e-21
4.24535e-21
4.24309e-21
4.23936e-21
4.2338e-21
4.22625e-21
4.21684e-21
4.20606e-21
4.19479e-21
4.1841e-21
4.17491e-21
4.16757e-21
4.16164e-21
4.15603e-21
4.14955e-21
4.14157e-21
4.13271e-21
4.12493e-21
4.121e-21
4.12319e-21
4.13195e-21
4.14557e-21
4.16095e-21
4.17501e-21
4.1856e-21
4.19172e-21
4.19325e-21
4.1906e-21
4.18442e-21
4.17559e-21
4.1652e-21
4.15464e-21
4.14547e-21
4.13913e-21
4.13658e-21
4.1381e-21
4.14325e-21
4.15107e-21
4.16017e-21
4.16885e-21
4.17519e-21
4.17735e-21
4.174e-21
4.16489e-21
4.15133e-21
4.13634e-21
4.124e-21
4.11782e-21
4.11902e-21
4.12608e-21
4.13587e-21
4.14544e-21
4.15302e-21
4.15817e-21
4.16124e-21
4.1629e-21
4.16377e-21
4.1642e-21
4.16433e-21
4.16409e-21
4.16328e-21
4.16164e-21
4.15891e-21
4.15482e-21
4.14917e-21
4.14184e-21
4.1328e-21
4.12222e-21
4.11052e-21
4.09843e-21
4.08696e-21
4.07728e-21
4.07045e-21
4.06712e-21
4.06736e-21
4.0706e-21
4.07589e-21
4.08215e-21
4.08844e-21
4.09408e-21
4.09864e-21
4.10194e-21
4.10391e-21
4.10459e-21
4.10405e-21
4.10237e-21
4.09965e-21
4.09601e-21
4.09164e-21
4.08686e-21
4.0821e-21
4.07792e-21
4.0749e-21
4.07351e-21
4.07393e-21
4.07595e-21
4.07898e-21
4.08217e-21
4.08461e-21
4.08549e-21
4.0843e-21
4.08089e-21
4.07552e-21
4.06882e-21
4.06173e-21
4.05521e-21
4.0501e-21
4.04683e-21
4.04542e-21
4.04561e-21
4.04712e-21
4.04976e-21
4.05351e-21
4.05838e-21
4.06431e-21
4.07105e-21
4.07824e-21
4.08541e-21
4.09218e-21
4.09825e-21
4.10348e-21
4.10786e-21
4.11147e-21
4.11441e-21
4.11683e-21
4.11884e-21
4.12057e-21
4.12207e-21
4.1234e-21
4.12456e-21
4.12555e-21
4.12631e-21
4.12678e-21
4.12686e-21
4.12642e-21
4.12529e-21
4.1233e-21
4.12024e-21
4.11589e-21
4.11007e-21
4.10266e-21
4.09369e-21
4.08341e-21
4.07231e-21
4.06113e-21
4.05071e-21
4.04179e-21
4.03473e-21
4.02942e-21
4.02533e-21
4.02172e-21
4.018e-21
4.01391e-21
4.00961e-21
4.00562e-21
4.0027e-21
4.00162e-21
4.00308e-21
4.00766e-21
4.01572e-21
4.02743e-21
4.04265e-21
4.0608e-21
4.08087e-21
4.1015e-21
4.12132e-21
4.13916e-21
4.15424e-21
4.16619e-21
4.17499e-21
4.18084e-21
4.18404e-21
4.18496e-21
4.18395e-21
4.18135e-21
4.17745e-21
4.17256e-21
4.16696e-21
4.16092e-21
4.15472e-21
4.14868e-21
4.14308e-21
4.13822e-21
4.13436e-21
4.13169e-21
4.13031e-21
4.13018e-21
4.13111e-21
4.13281e-21
4.13494e-21
4.13711e-21
4.13901e-21
4.14042e-21
4.1412e-21
4.14136e-21
4.14099e-21
4.14027e-21
4.13941e-21
4.13865e-21
4.13818e-21
4.13811e-21
4.13845e-21
4.1391e-21
4.1399e-21
4.14062e-21
4.14107e-21
4.14108e-21
4.14061e-21
4.1397e-21
4.13847e-21
4.13712e-21
4.1359e-21
4.13501e-21
4.1346e-21
4.13473e-21
4.13536e-21
4.13637e-21
4.13756e-21
4.13875e-21
4.13975e-21
4.14038e-21
4.14054e-21
4.14013e-21
4.13908e-21
4.13734e-21
4.13484e-21
4.1315e-21
4.12724e-21
4.12198e-21
4.11571e-21
4.10852e-21
4.10073e-21
4.09293e-21
4.08603e-21
4.08119e-21
4.07964e-21
4.08223e-21
4.0892e-21
4.09995e-21
4.11323e-21
4.1275e-21
4.14132e-21
4.15355e-21
4.16346e-21
4.17066e-21
4.175e-21
4.17645e-21
4.17508e-21
4.17098e-21
4.16427e-21
4.15515e-21
4.14397e-21
4.13128e-21
4.11797e-21
4.10522e-21
4.09444e-21
4.08702e-21
4.08396e-21
4.08551e-21
4.09111e-21
4.09956e-21
4.10939e-21
4.11927e-21
4.12822e-21
4.13569e-21
4.14147e-21
4.14562e-21
4.14832e-21
4.14981e-21
4.15036e-21
4.15028e-21
4.14984e-21
4.14934e-21
4.14904e-21
4.14918e-21
4.14992e-21
4.15134e-21
4.15347e-21
4.15623e-21
4.15949e-21
4.16312e-21
4.16696e-21
4.17088e-21
4.17476e-21
4.17854e-21
4.18215e-21
4.18557e-21
4.18876e-21
4.19173e-21
4.19446e-21
4.19692e-21
4.19909e-21
4.20095e-21
4.20248e-21
4.20363e-21
4.20438e-21
4.20472e-21
4.20465e-21
4.20421e-21
4.20347e-21
4.20251e-21
4.20147e-21
4.20051e-21
4.19978e-21
4.19944e-21
4.1996e-21
4.20032e-21
4.20161e-21
4.20338e-21
4.20545e-21
4.20755e-21
4.20934e-21
4.21041e-21
4.21036e-21
4.2088e-21
4.20548e-21
4.20024e-21
4.19313e-21
4.1844e-21
4.17447e-21
4.16396e-21
4.15362e-21
4.14419e-21
4.13632e-21
4.13031e-21
4.12593e-21
4.12234e-21
4.11824e-21
4.11227e-21
4.10366e-21
4.09298e-21
4.08259e-21
4.07642e-21
4.07837e-21
4.09019e-21
4.11028e-21
4.13465e-21
4.15896e-21
4.18021e-21
4.19718e-21
4.20999e-21
4.21945e-21
4.2265e-21
4.23183e-21
4.2358e-21
4.23844e-21
4.23973e-21
4.23977e-21
4.23905e-21
4.23842e-21
4.23893e-21
4.24147e-21
4.24643e-21
4.25352e-21
4.2619e-21
4.27047e-21
4.27817e-21
4.2842e-21
4.28804e-21
4.2894e-21
4.28813e-21
4.28416e-21
4.27753e-21
4.26845e-21
4.25756e-21
4.24611e-21
4.23608e-21
4.22984e-21
4.22936e-21
4.23524e-21
4.24642e-21
4.26056e-21
4.27506e-21
4.28795e-21
4.29811e-21
4.30527e-21
4.30971e-21
4.31193e-21
4.31251e-21
4.31193e-21
4.31044e-21
4.30808e-21
4.30454e-21
4.29925e-21
4.29146e-21
4.28046e-21
4.26592e-21
4.24838e-21
4.22965e-21
4.21286e-21
4.20176e-21
4.19931e-21
4.20651e-21
4.22206e-21
4.24327e-21
4.26715e-21
4.29114e-21
4.31338e-21
4.33263e-21
4.34821e-21
4.35983e-21
4.36755e-21
4.37165e-21
4.3725e-21
4.37058e-21
4.36639e-21
4.36043e-21
4.35323e-21
4.34535e-21
4.3374e-21
4.32999e-21
4.32378e-21
4.31928e-21
4.31684e-21
4.31648e-21
4.31792e-21
4.32058e-21
4.32373e-21
4.32669e-21
4.32887e-21
4.32995e-21
4.32981e-21
4.3286e-21
4.32661e-21
4.32425e-21
4.32194e-21
4.32003e-21
4.3188e-21
4.31837e-21
4.3188e-21
4.32005e-21
4.32203e-21
4.32462e-21
4.32769e-21
4.33106e-21
4.33456e-21
4.33798e-21
4.34114e-21
4.34386e-21
4.34601e-21
4.3475e-21
4.3483e-21
4.34843e-21
4.34791e-21
4.34679e-21
4.3451e-21
4.34282e-21
4.33989e-21
4.33618e-21
4.33153e-21
4.32578e-21
4.31886e-21
4.31086e-21
4.3021e-21
4.29316e-21
4.28478e-21
4.27772e-21
4.27251e-21
4.26929e-21
4.26777e-21
4.26737e-21
4.26736e-21
4.2671e-21
4.26613e-21
4.2643e-21
4.26178e-21
4.25905e-21
4.25687e-21
4.25601e-21
4.25706e-21
4.26023e-21
4.26524e-21
4.27147e-21
4.27816e-21
4.28463e-21
4.29042e-21
4.2953e-21
4.29927e-21
4.30245e-21
4.30504e-21
4.30726e-21
4.30927e-21
4.31123e-21
4.31319e-21
4.31516e-21
4.31701e-21
4.31858e-21
4.31957e-21
4.31967e-21
4.31853e-21
4.31585e-21
4.31143e-21
4.30529e-21
4.29773e-21
4.28931e-21
4.28086e-21
4.27327e-21
4.26727e-21
4.26329e-21
4.26144e-21
4.26155e-21
4.2634e-21
4.26676e-21
4.27143e-21
4.27715e-21
4.28359e-21
4.29037e-21
4.29711e-21
4.3035e-21
4.30935e-21
4.31453e-21
4.31899e-21
4.32267e-21
4.32553e-21
4.32752e-21
4.3286e-21
4.32878e-21
4.32811e-21
4.32673e-21
4.32482e-21
4.32266e-21
4.32052e-21
4.31867e-21
4.31729e-21
4.31644e-21
4.31603e-21
4.31581e-21
4.31547e-21
4.31464e-21
4.31301e-21
4.31038e-21
4.30673e-21
4.30219e-21
4.29712e-21
4.29199e-21
4.28731e-21
4.28348e-21
4.28056e-21
4.27831e-21
4.2762e-21
4.2738e-21
4.27107e-21
4.26851e-21
4.26701e-21
4.26733e-21
4.26969e-21
4.27365e-21
4.27847e-21
4.28357e-21
4.28874e-21
4.29416e-21
4.30017e-21
4.30709e-21
4.31512e-21
4.3243e-21
4.33449e-21
4.3453e-21
4.35615e-21
4.3663e-21
4.37497e-21
4.38151e-21
4.38545e-21
4.38656e-21
4.38484e-21
4.38049e-21
4.37391e-21
4.36563e-21
4.35634e-21
4.34682e-21
4.33787e-21
4.33027e-21
4.32463e-21
4.32133e-21
4.32037e-21
4.32137e-21
4.32353e-21
4.32582e-21
4.32721e-21
4.32683e-21
4.3242e-21
4.31923e-21
4.31226e-21
4.30403e-21
4.29557e-21
4.28811e-21
4.28289e-21
4.28093e-21
4.28286e-21
4.28873e-21
4.29804e-21
4.30985e-21
4.32293e-21
4.33602e-21
4.348e-21
4.35806e-21
4.3657e-21
4.37078e-21
4.37346e-21
4.37409e-21
4.3732e-21
4.37131e-21
4.36888e-21
4.36624e-21
4.3635e-21
4.36064e-21
4.35755e-21
4.35412e-21
4.35036e-21
4.34651e-21
4.34299e-21
4.34041e-21
4.33942e-21
4.34048e-21
4.34379e-21
4.34918e-21
4.35613e-21
4.36395e-21
4.37191e-21
4.37937e-21
4.38586e-21
4.39109e-21
4.39498e-21
4.39758e-21
4.39911e-21
4.39984e-21
4.40013e-21
4.4003e-21
4.40064e-21
4.40131e-21
4.40233e-21
4.40353e-21
4.40456e-21
4.40494e-21
4.40411e-21
4.40155e-21
4.39693e-21
4.39024e-21
4.38194e-21
4.37301e-21
4.36481e-21
4.35879e-21
4.35597e-21
4.35663e-21
4.36027e-21
4.36589e-21
4.37241e-21
4.37904e-21
4.38537e-21
4.39128e-21
4.39683e-21
4.40206e-21
4.40692e-21
4.4112e-21
4.41467e-21
4.41713e-21
4.41854e-21
4.41909e-21
4.41912e-21
4.4191e-21
4.41943e-21
4.42029e-21
4.42161e-21
4.4231e-21
4.42435e-21
4.42498e-21
4.42475e-21
4.42362e-21
4.42165e-21
4.41903e-21
4.41591e-21
4.41242e-21
4.40861e-21
4.40446e-21
4.39996e-21
4.39509e-21
4.38985e-21
4.38428e-21
4.37841e-21
4.37229e-21
4.366e-21
4.35968e-21
4.35358e-21
4.3481e-21
4.34375e-21
4.34107e-21
4.34056e-21
4.34253e-21
4.34705e-21
4.35389e-21
4.36251e-21
4.37206e-21
4.38138e-21
4.38908e-21
4.39356e-21
4.39311e-21
4.38621e-21
4.37212e-21
4.35179e-21
4.32891e-21
4.30984e-21
4.30122e-21
4.30604e-21
4.32166e-21
4.34176e-21
4.3603e-21
4.37385e-21
4.38166e-21
4.3846e-21
4.38415e-21
4.38176e-21
4.37857e-21
4.3753e-21
4.37226e-21
4.36942e-21
4.36655e-21
4.3633e-21
4.35929e-21
4.35423e-21
4.34794e-21
4.34038e-21
4.33169e-21
4.32228e-21
4.31293e-21
4.30473e-21
4.29894e-21
4.29659e-21
4.29792e-21
4.3022e-21
4.30796e-21
4.31357e-21
4.31784e-21
4.32035e-21
4.32134e-21
4.32138e-21
4.32099e-21
4.32031e-21
4.31913e-21
4.31707e-21
4.31385e-21
4.30946e-21
4.3042e-21
4.29859e-21
4.29316e-21
4.28828e-21
4.28402e-21
4.28021e-21
4.27653e-21
4.27265e-21
4.26836e-21
4.26368e-21
4.25887e-21
4.25436e-21
4.25068e-21
4.24838e-21
4.24796e-21
4.24979e-21
4.25396e-21
4.26023e-21
4.26786e-21
4.27578e-21
4.28284e-21
4.28813e-21
4.29119e-21
4.29214e-21
4.29145e-21
4.28959e-21
4.28672e-21
4.28248e-21
4.27607e-21
4.26668e-21
4.25393e-21
4.23837e-21
4.22158e-21
4.2059e-21
4.19378e-21
4.18702e-21
4.18615e-21
4.19042e-21
4.19824e-21
4.20778e-21
4.21755e-21
4.22665e-21
4.23468e-21
4.24164e-21
4.24776e-21
4.25332e-21
4.25859e-21
4.2638e-21
4.2691e-21
4.27456e-21
4.28016e-21
4.28585e-21
4.29149e-21
4.29694e-21
4.30205e-21
4.30668e-21
4.31073e-21
4.31412e-21
4.31679e-21
4.31869e-21
4.31976e-21
4.31989e-21
4.31892e-21
4.31665e-21
4.31276e-21
4.3069e-21
4.29869e-21
4.28781e-21
4.27416e-21
4.25804e-21
4.24036e-21
4.22274e-21
4.20738e-21
4.19651e-21
4.19176e-21
4.19356e-21
4.20113e-21
4.21289e-21
4.22712e-21
4.24239e-21
4.25779e-21
4.27286e-21
4.28748e-21
4.3017e-21
4.31562e-21
4.32932e-21
4.34277e-21
4.35584e-21
4.3683e-21
4.37981e-21
4.39e-21
4.39847e-21
4.40479e-21
4.40854e-21
4.40924e-21
4.40644e-21
4.39974e-21
4.38891e-21
4.3741e-21
4.3561e-21
4.33654e-21
4.3179e-21
4.30315e-21
4.29496e-21
4.29488e-21
4.3027e-21
4.31663e-21
4.33395e-21
4.35189e-21
4.36825e-21
4.38167e-21
4.39149e-21
4.39751e-21
4.39976e-21
4.3983e-21
4.39315e-21
4.38423e-21
4.37146e-21
4.35487e-21
4.3348e-21
4.31226e-21
4.28917e-21
4.26846e-21
4.25363e-21
4.24775e-21
4.25226e-21
4.26642e-21
4.28759e-21
4.31225e-21
4.33709e-21
4.35967e-21
4.37853e-21
4.3931e-21
4.40342e-21
4.40993e-21
4.41327e-21
4.41416e-21
4.41332e-21
4.41142e-21
4.40903e-21
4.40656e-21
4.4043e-21
4.4024e-21
4.40085e-21
4.39957e-21
4.39839e-21
4.39712e-21
4.39558e-21
4.39359e-21
4.39101e-21
4.38774e-21
4.38373e-21
4.37896e-21
4.37343e-21
4.36717e-21
4.36022e-21
4.35257e-21
4.34423e-21
4.33515e-21
4.32528e-21
4.31459e-21
4.30306e-21
4.29077e-21
4.27786e-21
4.2646e-21
4.25135e-21
4.23862e-21
4.22699e-21
4.21706e-21
4.20937e-21
4.20423e-21
4.20168e-21
4.20141e-21
4.2029e-21
4.20554e-21
4.20872e-21
4.21203e-21
4.2153e-21
4.2187e-21
4.22271e-21
4.22803e-21
4.23529e-21
4.24478e-21
4.25624e-21
4.26888e-21
4.28168e-21
4.29363e-21
4.30399e-21
4.31237e-21
4.31866e-21
4.32297e-21
4.32551e-21
4.32654e-21
4.32629e-21
4.32494e-21
4.32266e-21
4.31953e-21
4.31564e-21
4.31103e-21
4.30576e-21
4.2999e-21
4.29356e-21
4.28687e-21
4.28006e-21
4.27338e-21
4.26713e-21
4.26162e-21
4.25714e-21
4.25393e-21
4.25214e-21
4.25183e-21
4.25296e-21
4.25539e-21
4.25887e-21
4.26307e-21
4.2676e-21
4.27203e-21
4.27595e-21
4.27897e-21
4.28071e-21
4.28084e-21
4.279e-21
