-1241.27
-1241.65
-1242.27
-1243.15
-1244.28
-1245.67
-1247.31
-1249.21
-1251.38
-1253.81
-1256.5
-1259.47
-1262.71
-1266.32
-1270.31
-1274.97
-1279.93
-1285.66
-1291.44
-1297.82
-1304.26
-1311.13
-1318.9
-1326.75
-1335.25
-1343.37
-1351.78
-1360.67
-1370.32
-1380.48
-1390.97
-1401.8
-1412.8
-1424.44
-1436.55
-1449.43
-1462.63
-1476.16
-1490.23
-1504.48
-1519.12
-1534.72
-1551.12
-1567.79
-1585.02
-1602.76
-1621.85
-1641.31
-1662.01
-1682.94
-1704.41
-1727.12
-1750.61
-1775.3
-1800.3
-1826.75
-1854.42
-1882.88
-1912.36
-1943.17
-1974.89
-2007.3
-2041.73
-2077.32
-2114.65
-2153.49
-2193.34
-2234.9
-2278.03
-2322.69
-2368.84
-2416.61
-2466.33
-2518.15
-2571.46
-2627.23
-2684.12
-2743.72
-2805.06
-2868.25
-2933.57
-3000.77
-3070
-3141.63
-3214.94
-3290.16
-3367.18
-3445.59
-3525.57
-3607.25
-3689.49
-3772.8
-3855.93
-3937.86
-4018.99
-4097.39
-4171.91
-4241.23
-4303.4
-4356.4
-4397.68
-4423.92
-4431.97
-4417.49
-4376.5
-4304.84
-4198.1
-4053.76
-3868.23
-3640.55
-3371.5
-3061.88
-2712.92
-2323.99
-1891.83
-1408.2
-860.59
-234.879
479.705
1284.72
2163.96
3077.06
3958.81
4721.98
5279.15
5563.37
5552.19
5273.58
4797.55
4216.69
3625.22
3102.2
2694.99
2415.5
2245.69
2156.04
2127.45
2164.27
2294.43
2547.84
2937.87
3444.27
4013.83
4572.93
5045.24
5368.28
5501.52
5425.94
5140.15
4656.62
4001.56
3211.71
2330.06
1398.7
456.587
-460.994
-1320.27
-2091.23
-2748.26
-3272.03
-3651.81
-3884.67
-3973.59
-3927.96
-3761.98
-3494.91
-3150.05
-2751.99
-2327.73
-1901.25
-1491.93
-1116.75
-793.056
-542.842
-393.968
-375.454
-505.489
-779.731
-1166.99
-1615.57
-2067.2
-2470.4
-2791.04
-3012.49
-3132.13
-3159.54
-3111.06
-3008.19
-2873.96
-2732.22
-2606.07
-2516.78
-2480.61
-2508.12
-2603.07
-2762.25
-2975.66
-3228.14
-3502.13
-3778.85
-4041.48
-4276.33
-4471.84
-4619.91
-4716.66
-4759.42
-4747.77
-4681.36
-4560.38
-4383.45
-4148.65
-3853.58
-3496.2
-3079.56
-2613.35
-2117.69
-1624.94
-1177.42
-819.666
-588.144
-500.631
-551.391
-710.811
-932.115
-1162
-1349.59
-1453.61
-1453.7
-1356.67
-1203.19
-1066.12
-1032.21
-1170.53
-1501.89
-1987.15
-2545.31
-3083.93
-3526.37
-3824.32
-3959.3
-3937.43
-3786.77
-3556.28
-3312.05
-3123.48
-3046.08
-3101.69
-3266.17
-3480.29
-3669.7
-3773.47
-3768.01
-3640.91
-3408.62
-3110.24
-2798.68
-2527.71
-2336.3
-2242.31
-2240.14
-2311.87
-2434.85
-2588.96
-2759.06
-2931.97
-3095.83
-3238.98
-3353.18
-3432.86
-3477.13
-3488.29
-3473.03
-3437.5
-3388.91
-3330
-3260.73
-3175.04
-3063.41
-2913.47
-2712.96
-2450.65
-2122.96
-1732.53
-1293.26
-828.02
-371.463
37.3281
355.946
548.5
593.175
485.905
243.206
-104.623
-520.157
-967.243
-1415.93
-1847.11
-2249.05
-2617.49
-2951.96
-3254.97
-3530.84
-3783.65
-4018.32
-4238.9
-4449.71
-4654.1
-4853.96
-5049.59
-5238.86
-5417.01
-5577.14
-5708.66
-5798.6
-5831.88
-5791.29
-5661.4
-5429.01
-5090.19
-4652.63
-4142.25
-3605.06
-3099.31
-2687.5
-2422.13
-2335.71
-2439.72
-2725.56
-3163.84
-3701.98
-4272.92
-4803.41
-5226.99
-5492.76
-5565.53
-5426.98
-5069.37
-4496.89
-3722.99
-2777.23
-1707.51
-585.405
497.133
1436.63
2132.11
2502.86
2504.1
2137.77
1458.09
554.208
-471.344
-1529.34
-2554.5
-3506.37
-4362.72
-5114.76
-5757.98
-6294.21
-6726.54
-7061.2
-7305.56
-7469.39
-7562.41
-7595.05
-7577.91
-7523.49
-7444.24
-7353.75
-7264.25
-7188.63
-7136.99
-7117.16
-7133.05
-7185
-7269.28
-7380.6
-7511.22
-7654.18
-7801.67
-7946.67
-8083.66
-8208.19
-8316.58
-8405.56
-8471.7
-8512.89
-8525.24
-8506.56
-8453.55
-8361.9
-8228.55
-8048.7
-7817.77
-7531.25
-7184.16
-6770.78
-6286.4
-5726.28
-5085.61
-4359.77
-3544.62
-2636.83
-1634.56
-547.92
583.939
1670.99
2559.39
3063.44
3046.91
2512.45
1613.8
577.111
-396.262
-1180.71
-1723.78
-2023.78
-2106.2
-2012.34
-1795.47
-1521.17
-1264.43
-1100.13
-1087.94
-1257.52
-1599.88
-2072.68
-2617.14
-3172.26
-3691.37
-4143.07
-4512.28
-4795.44
-4998.33
-5130.59
-5200.28
-5211.07
-5158.94
-5028.04
-4792.63
-4421.12
-3884.73
-3172.26
-2308.88
-1374.38
-507.527
122.412
374.467
198.087
-347.994
-1126.89
-1984.14
-2793.08
-3472.81
-3985.25
-4325.46
-4508.52
-4562.07
-4522.8
-4435.8
-4351.47
-4318.93
-4378.11
-4547.4
-4819.67
-5164.72
-5539.94
-5901.91
-6217.76
-6466.28
-6639.65
-6738.85
-6770.9
-6745.45
-6674.32
-6568.68
-6437.62
-6289.41
-6129.29
-5959.15
-5779.06
-5585.72
-5372.95
-5133.29
-4857.48
-4536.78
-4164.08
-3735.14
-3252.73
-2727.71
-2183.8
-1654.99
-1181.16
-799.444
-532.818
-382.201
-331.1
-351.711
-413.972
-494.303
-575.179
-655.247
-722.52
-781.293
-845.24
-934.808
-1069.49
-1259.14
-1498.34
-1768.94
-2046.27
-2308.69
-2540.56
-2736.38
-2896.03
-3023.63
-3121.03
-3191.09
-3233.93
-3249.45
-3241.53
-3219.81
-3202.2
-3214.9
-3287.34
-3445.24
-3701.94
-4053.34
-4479.76
-4948.64
-5426.16
-5882.13
-6295.19
-6653.27
-6951.31
-7189.39
-7371.87
-7503.31
-7589.28
-7635.08
-7645.57
-7625.12
-7577.61
-7506.51
-7414.46
-7305.15
-7181.38
-7046.98
-6903.41
-6754.16
-6601.16
-6445.14
-6287.06
-6125.62
-5961.11
-5792.24
-5619.3
-5443.05
-5265.64
-5090.23
-4921.4
-4761.08
-4611.44
-4471.77
-4340.94
-4215.71
-4092.94
-3970.13
-3845.73
-3719.62
-3592.11
-3462.23
-3328.05
-3184.48
-3026.95
-2848.03
-2641.95
-2403.82
-2132.99
-1834.81
-1520.68
-1212.27
-936.456
-723.752
-601.923
-589.09
-693.141
-910.147
-1228.86
-1634.19
-2108.31
-2631.33
-3183.97
-3744.87
-4296.18
-4822.62
-5313.16
-5761.9
-6165.86
-6524.27
-6838.58
-7110.51
-7342.92
-7537.52
-7697.03
-7822.35
-7915.03
-7975.43
-8003.64
-7999.95
-7963.43
-7892.8
-7786.52
-7642.79
-7458.52
-7230
-6952.02
-6617.84
-6218.51
-5744.48
-5184.53
-4530.77
-3782.26
-2952.93
-2075.79
-1206.91
-412.356
248.721
750.644
1113.09
1387.08
1622.37
1829.74
1968.78
1961.11
1734.36
1267.29
603.884
-170.334
-969.79
-1737.73
-2455.44
-3128.34
-3773
-4401.83
-5018.68
-5617.27
-6184.11
-6705.83
-7169.99
-7568.13
-7896.35
-8153.24
-8340.71
-8461.02
-8517.28
-8511.8
-8447.9
-8327.25
-8151.31
-7920.82
-7636.13
-7298.93
-6911.61
-6477.2
-6003.04
-5499.88
-4982.32
-4467.24
-3972.33
-3513.99
-3101.75
-2737.14
-2412.21
-2109.93
-1809.43
-1487.89
-1124.21
-699.667
-201.875
370.126
992.021
1595.39
2056.74
2222.63
1975.71
1307.37
332.748
-768.02
-1828.28
-2738.99
-3453.65
-3966.69
-4297.26
-4476.51
-4542.62
-4537.66
-4503.36
-4479
-4492.86
-4559.47
-4676.74
-4830.47
-4999.03
-5160.5
-5299.1
-5404.35
-5473.07
-5508.03
-5513.06
-5493.26
-5452.09
-5390.46
-5306.98
-5200.8
-5070.73
-4918.23
-4749
-4574.12
-4410.43
-4278.68
-4202.03
-4200.36
-4287.02
-4462.93
-4718.99
-5034.23
-5382.52
-5736.27
-6070.29
-6364.11
-6604.42
-6782.8
-6896.92
-6948.52
-6944.68
-6895.44
-6813.63
-6715.01
-6617.33
-6535.71
-6484.32
-6472.36
-6501.67
-6568.32
-6659.14
-6755.15
-6831.47
-6857.73
-6801.34
-6627.27
-6298.79
-5789.63
-5094.54
-4247.95
-3338.14
-2507.19
-1911.48
-1653.9
-1730.85
-2039.32
-2440.75
-2822.26
-3127.62
-3349.13
-3507
-3629.94
-3741.28
-3856.94
-3983.03
-4119.15
-4261.2
-4402.07
-4535.23
-4655.78
-4759.24
-4843.04
-4906.35
-4951.29
-4980.55
-4998.06
-5009.02
-5019.08
-5034.89
-5061.28
-5102.84
-5162.34
-5241.61
-5339.96
-5455.06
-5582.44
-5715.21
-5843.64
-5955.43
-6037.04
-6074.96
-6059.28
-5987.85
-5868.6
-5722.79
-5585.25
-5494.9
-5483.61
-5562.1
-5711.77
-5885.41
-6017.12
-6036.02
-5879.38
-5506.39
-4914.06
-4160.94
-3380.06
-2761.91
-2486.99
-2632.66
-3128.56
-3803.04
-4475.29
-5021.84
-5391.87
-5586.93
-5639.89
-5594.92
-5498.12
-5390.59
-5305.82
-5267.15
-5285.79
-5363.15
-5491.07
-5654.37
-5835.65
-6019
-6190.86
-6343.04
-6471.88
-6577.87
-6665.43
-6740.22
-6808.55
-6876.54
-6946.85
-7021.58
-7099.66
-7178.15
-7252.82
-7318.82
-7369.51
-7397.86
-7396.66
-7358.78
-7275.94
-7140.75
-6944.46
-6677.71
-6331.25
-5892.93
-5349.87
-4686.1
-3886.54
-2938.79
-1842.83
-622.525
662.681
1908.75
2980.77
3746.22
4112.8
4050.48
3581.83
2764.61
1678.37
421.442
-902.068
-2197.07
-3391.59
-4441.51
-5328.11
-6052.17
-6625.69
-7067.34
-7397.97
-7639.21
-7811.23
-7931.72
-8015.91
-8074.87
-8117.29
-8146.89
-8164.47
-8166.8
-8146.77
-8095.28
-8000.31
-7848.15
-7624.79
-7316.19
-6911.08
-6404.26
-5801.31
-5122.99
-4408.44
-3710.09
-3085.33
-2577.17
-2199.96
-1934.37
-1739.57
-1567.6
-1385.66
-1178.24
-951.169
-722.106
-513.444
-343.17
-222.222
-151.056
-121.655
-122.15
-137.485
-152.766
-156.391
-144.835
-125.04
-118.713
-159.48
-288.56
-541.948
-940.77
-1482.25
-2139.03
-2865.88
-3612.91
-4333.78
-4994.1
-5570.92
-6053.99
-6440.77
-6735.91
-6946.79
-7083.47
-7157.02
-7179.61
-7162.87
-7118.52
-7057.12
-6987.94
-6916.76
-6846.81
-6776.47
-6696.7
-6593.26
-6445.23
-6226.6
-5909.39
-5468.9
-4893.64
-4201.97
-3456.09
-2767.56
-2274.85
-2089.05
-2240.1
-2658.97
-3216.96
-3784.37
-4268.88
-4624.09
-4836.54
-4910.75
-4858.98
-4693.37
-4429.03
-4083.27
-3679.47
-3246.89
-2819.33
-2430.89
-2110.18
-1874.02
-1725.13
-1653.96
-1642.68
-1671.97
-1726.2
-1796.92
-1882.11
-1984.83
-2111.22
-2266.72
-2455.31
-2676.88
-2928.59
-3204.47
-3496.59
-3795.09
-4091.8
-4378.75
-4649.48
-4899.19
-5125.29
-5326.38
-5501.17
-5649.41
-5770.95
-5865.53
-5932.73
-5971.42
-5979.06
-5953.27
-5889.08
-5782.57
-5629.11
-5425.31
-5169.7
-4863.61
-4513.15
-4129.87
-3731.36
-3338.82
-2977.96
-2671.53
-2437.17
-2282.64
-2200.97
-2172.91
-2164.47
-2133.95
-2034.92
-1823.31
-1466.3
-955.227
-321.859
344.282
899.098
1176.88
1061.86
546.453
-269.771
-1233.56
-2206.39
-3100.8
-3878.63
-4536.28
-5086.27
-5546.56
-5933.39
-6261.24
-6539.28
-6774.27
-6971.34
-7133.22
-7262.48
-7360.44
-7428.07
-7465.96
-7476.07
-7458.68
-7414.66
-7345.81
-7253.1
-7138.91
-7006.74
-6858.75
-6700.26
-6536.64
-6372.77
-6214.46
-6066.06
-5931.05
-5811.09
-5704.9
-5609.9
-5522.58
-5438.09
-5353.34
-5264.81
-5172.47
-5078.09
-4985.85
-4899.12
-4822.43
-4758.24
-4707.79
-4668.66
-4635.99
-4602.46
-4561.22
-4503.7
-4424.29
-4318.92
-4185.14
-4023.48
-3838.82
-3638.65
-3434.07
-3239.23
-3068.98
-2936.68
-2850.78
-2811.21
-2810.03
-2832.03
-2855.27
-2856.95
-2815.71
-2714.83
-2545.58
-2306.62
-2004.87
-1655.46
-1281.86
-911.798
-572.267
-284.996
-62.3222
94.6023
195.41
256.442
296.88
333.194
374.894
420.862
457.338
458.156
389.615
222.839
-57.845
-444.771
-908.438
-1406.13
-1895.56
-2343.78
-2731.14
-3051.87
-3309.92
-3515.21
-3679.02
-3811.62
-3921.28
-4013.39
-4090.36
-4152.01
-4195.42
-4215.15
-4204.43
-4155.87
-4065.41
-3931.47
-3757.55
-3553.24
-3331.7
-3109.15
-2902.17
-2723.85
-2582.2
-2479.55
-2413.72
-2381.85
-2383.5
-2424.84
-2515.12
-2668.95
-2896.7
-3202.37
-3580.98
-4017.42
-4488.8
-4968.03
-5428.24
-5845.64
-6201.43
-6481.76
-6677.35
-6783.54
-6797.71
-6719.32
-6549.77
-6292.78
-5954.03
-5542.77
-5071.8
-4554.99
-4010.46
-3454.16
-2900.55
-2359.74
-1839.57
-1344.93
-882.628
-460.853
-89.6028
221
462.51
626.346
706.168
695.939
595.118
411.569
169.725
-90.6838
-323.622
-488.369
-562.951
-551.455
-481.467
-395.385
-333.688
-322.763
-366.972
-453.364
-561.329
-674.456
-782.349
-883.622
-979.129
-1067.58
-1142.89
-1193.84
-1208.49
-1180.55
-1115.61
-1034.06
-971.946
-973.83
-1083.77
-1330.17
-1719.57
-2231.58
-2826.77
-3457.82
-4080.21
-4658.62
-5171.18
-5607.77
-5967.49
-6253.09
-6471.02
-6626.01
-6722.12
-6759.47
-6735.49
-6644.87
-6480.79
-6237.16
-5909.98
-5500.72
-5018.41
-4481.27
-3916.64
-3354.03
-2818.59
-2322.8
-1859.7
-1406.02
-931.054
-411.807
153.994
735.945
1269.42
1666.19
1841.61
1747.37
1391.98
839.64
183.975
-486.894
-1108.77
-1650.84
-2110.14
-2501.54
-2850.44
-3182.15
-3517.81
-3871.19
-4245.76
-4638.16
-5040.04
-5438.81
-5822.3
-6180.62
-6504.53
-6789.85
-7033.21
-7233.15
-7388.99
-7500.16
-7567.36
-7590.77
-7569.93
-7503.83
-7392.15
-7234.14
-7029
-6777.34
-6481.28
-6145.09
-5776.22
-5386.32
-4991.62
-4612.44
-4271.82
-3993.61
-3799.59
-3703.58
-3710.19
-3812.06
-3992.07
-4224.25
-4477.48
-4720.36
-4922.03
-5057.01
-5103.68
-5049.12
-4888.43
-4630.35
-4299.35
-3941.67
-3618.94
-3397.73
-3330.07
-3435.2
-3692.23
-4049.63
-4443.84
-4816.39
-5126.11
-5351.96
-5486.95
-5535.96
-5509.84
-5423.17
-5292.84
-5135.5
-4967.06
-4800.45
-4646.75
-4510.87
-4394.19
-4293.81
-4203.91
-4117.27
-4027.74
-3932.7
-3833.87
-3737.84
-3654.73
-3596.13
-3572.17
-3589.12
-3648.27
-3745.18
-3872.81
-4024.14
-4194.12
-4380.04
-4580.7
-4795.28
-5020.75
-5249.85
-5474.11
-5680.54
-5856.11
-5989.57
-6068.79
-6086.1
-6035.14
-5914.58
-5726.16
-5475.91
-5176.05
-4843.33
-4499.53
-4168.76
-3876.9
-3643.91
-3482.72
-3396.23
-3379.56
-3418.99
-3498.86
-3601.7
-3712.14
-3816.64
-3904.21
-3967.59
-4004.05
-4015.3
-4009.01
-3996.82
-3992.7
-4010.41
-4058.85
-4136.89
-4235.41
-4336.52
-4419.66
-4464.68
-4457.51
-4394.45
-4282.31
-4139.05
-3988.29
-3854.46
-3756.78
-3705.36
-3700.69
-3735.72
-3796.44
-3866.53
-3929.41
-3967.78
-3967.67
-3921.62
-3832.14
-3712.24
-3585
-3478.47
-3418.47
-3421.93
-3495.32
-3635.51
-3835.36
-4086.82
-4382.29
-4716.24
-5080.97
-5466.31
-5859
-6245.28
-6611.7
-6945.72
-7238.74
-7483.39
-7675.77
-7813.03
-7894.94
-7921.06
-7892.7
-7812.07
-7681.7
-7504.46
-7286.18
-7033.66
-6755.95
-6463.93
-6171.19
-5892.77
-5644.31
-5440.9
-5295.26
-5215.48
-5204.67
-5259.03
-5369.34
-5521.07
-5695.29
-5871.41
-6027.65
-6142.73
-6195.2
-6164.1
-6028.15
-5766.98
-5362.93
-4803.2
-4090.85
-3252.58
-2350.6
-1480.72
-757.129
-273.629
-66.028
-101.254
-300.648
-577.63
-869.645
-1144.8
-1395.69
-1628.04
-1851.38
-2073.98
-2303.12
-2543.49
-2796.79
-3060.38
-3327.3
-3585.24
-3820.23
-4019.01
-4172.19
-4276.55
-4333.8
-4348.96
-4330.08
-4283.61
-4212.77
-4116.4
-3988.64
-3824.23
-3619.81
-3381.54
-3126.26
-2883.46
-2684.61
-2549.42
-2475.63
-2437.49
-2393.85
-2309.36
-2173.57
-2008.79
-1863.28
-1791.26
-1827.23
-1971.35
-2190.11
-2434.85
-2659.83
-2836.4
-2956.69
-3028.12
-3067.85
-3095.57
-3130.66
-3187.69
-3275.79
-3398.18
-3552.02
-3727.53
-3909.89
-4079.12
-4212.66
-4287.95
-4284.47
-4187.86
-3995.57
-3719.22
-3389.48
-3051.83
-2763.77
-2582.25
-2552.84
-2700.71
-3027.03
-3511.27
-4114.86
-4789.51
-5482.16
-6141.72
-6724.28
-7194.35
-7525.85
-7698.47
-7698.33
-7514.87
-7142.36
-6583.99
-5853.92
-4982.45
-4016.58
-3013.23
-2024.17
-1080.81
-184.94
683.593
1548.5
2416.62
3266.07
4044.38
4678.62
5089.58
5212.82
5014.46
4503.03
3726.36
2762.85
1705.46
643.472
-346.83
-1208.46
-1903.02
-2407.09
-2704.61
-2779.72
-2614.48
-2189.89
-1502.74
-584.276
470.991
1502.99
2324.5
2799.63
2912.18
2753.36
2456.5
2127.26
1824.4
1569.98
1366.33
1204.33
1066.43
929.331
771.452
576.496
334.691
40.417
-318.418
-761.954
-1315.93
-1994.15
-2783.69
-3640.95
-4505.13
-5316.29
-6030.89
-6626.69
-7098.27
-7452.26
-7701.37
-7860.33
-7943.95
-7965.11
-7934.65
-7862.76
-7758.22
-7629
-7482.12
-7324.86
-7163.49
-7003.74
-6850.23
-6705.65
-6571.7
-6448.2
-6334.03
-6226.61
-6122.58
-6018.72
-5912.6
-5801.62
-5685.81
-5565.7
-5443.46
-5323.16
-5208.56
-5104.29
-5013.74
-4940.99
-4888.63
-4858.07
-4849.97
-4863.47
-4897.11
-4948.29
-5013.2
-5087.73
-5166.54
-5244.08
-5315.14
-5374.97
-5420.48
-5448.01
-5456.35
-5445.16
-5415.13
-5368.61
-5309.42
-5242.54
-5173.13
-5107.54
-5052.08
-5013.76
-4999.29
-5014.13
-5063.39
-5150.05
-5275.38
-5438.34
-5636.04
-5863.74
-6115.56
-6384.58
-6663.65
-6946.17
-7225.7
-7497.25
-7755.84
-7997.93
-8220.43
-8420.98
-8597.81
-8749.02
-8871.9
-8964.59
-9022.45
-9041.91
-9017.35
-8942.07
-8806.64
-8601.78
-8317.61
-7943.63
-7471.56
-6897.41
-6224.06
-5465.8
-4647.38
-3806.56
-2988.76
-2242.99
-1616.15
-1148.79
-871.02
-801.233
-937.792
-1258.82
-1724.37
-2280.59
-2874.47
-3457.56
-3994.33
-4460.58
-4845.91
-5148.81
-5372.03
-5524.39
-5614.12
-5651.3
-5644.91
-5601.91
-5528.93
-5429.43
-5305.7
-5156.99
-4982.28
-4778.2
-4542.39
-4272.91
-3969.71
-3636.37
-3279.16
-2908.04
-2535.8
-2175.65
-1842.01
-1547.77
-1304.96
-1125.76
-1020.51
-996.59
-1055.62
-1190.07
-1384.41
-1616.38
-1860.63
-2096.05
-2309.4
-2499.24
-2678.95
-2874.35
-3117.34
-3437.4
-3850.09
-4352.44
-4921.47
-5523.61
-6122.76
-6687.87
-7198.37
-7642.71
-8017.98
-8326.64
-8572.14
-8760.99
-8898.69
-8990.24
-9040.03
-9050.74
-9025.65
-8967.28
-8876.88
-8757.67
-8610.99
-8439.28
-8244.77
-8029.66
-7797.12
-7548.87
-7287.83
-7015.44
-6733.19
-6440.74
-6135.89
-5814.72
-5472.38
-5101.94
-4696.74
-4251.28
-3760.48
-3223.49
-2642.71
-2027.33
-1389.35
-748.774
-131.702
428.521
892.115
1218.28
1371.69
1334.72
1111.84
729.665
225.456
-360.055
-989.824
-1629.81
-2248.56
-2818.61
-3317.08
-3730.66
-4057.27
-4302.62
-4478.59
-4596.81
-4664.17
-4679.47
-4634.9
-4515.65
-4305.78
-3996.68
-3591.92
-3113.93
-2609.59
-2143.84
-1782.13
-1567.2
-1498.6
-1533.77
-1608.81
-1664.67
-1673.57
-1642.63
-1604.07
-1597.6
-1647.31
-1754.69
-1906.12
-2093.74
-2328.35
-2635.99
-3041.11
-3542.63
-4108.18
-4683.12
-5214.06
-5667.17
-6035.06
-6329.29
-6569.47
-6765.11
-6910.4
-6982.38
-6953.41
-6805.66
-6551.32
-6243.36
-5968.99
-5820.52
-5852.3
-6044.88
-6310.74
-6529.54
-6588.87
-6408
-5944.78
-5191.26
-4171.07
-2934.96
-1562.74
-159.056
1158.41
2275.93
3102.53
3586.36
3722.25
3551.03
3155.14
2636.9
2094.46
1592.98
1148.09
728.151
273.698
-267.968
-908.807
-1606.85
-2277.74
-2827.65
-3179.34
-3286.64
-3134.96
-2734.77
-2115.31
-1320.27
-406.122
557.645
1490.3
2305.44
2918.09
3258.09
3280.96
2978.37
2381.07
1552.56
576.774
-460.383
-1484.42
-2441.67
-3301.73
-4050.51
-4684.93
-5204.83
-5607.53
-5887.44
-6036.41
-6044.33
-5904.17
-5612.17
-5170.81
-4586.89
-3870.39
-3034.46
-2095.27
-1075.21
-10.6852
1043.55
2014.29
2819.03
3387.44
3678.34
3691.41
3461.02
3041.27
2483.89
1832.39
1118.31
363.791
-412.657
-1190.26
-1944.44
-2649.36
-3275.9
-3800.38
-4206.26
-4485.96
-4645.31
-4700.2
-4678.76
-4615.71
-4551.7
-4527.86
-4581.25
-4738.75
-5011.7
-5392.92
-5857.31
-6366.2
-6876.5
-7344.78
-7737.23
-8029.48
-8208.23
-8268.99
-8215.06
-8056.96
-7809.29
-7492.12
-7127.86
-6743.13
-6363.13
-6013.22
-5715.26
-5486.07
-5336.82
-5272.02
-5290.81
-5386.76
-5547.87
-5757.98
-5999.43
-6253.27
-6502.17
-6731.67
-6933.59
-7105.69
-7250.52
-7373.62
-7482.19
-7579.42
-7664.53
-7730.05
-7764.41
-7755.6
-7694.55
-7581.43
-7429.29
-7266.31
-7130.35
-7061.31
-7088.96
-7218.83
-7429.88
-7681.9
-7924.82
-8109.95
-8199.01
-8165.48
-7993.48
-7676.09
-7212.33
-6609.54
-5884.77
-5068.92
-4211.99
-3383.65
-2669.84
-2158.53
-1919.92
-1984.48
-2333.06
-2900.29
-3594.47
-4321
-4999.58
-5575
-6015.28
-6308.97
-6459.56
-6481.33
-6396.85
-6233.92
-6024.44
-5797.78
-5578.87
-5381.41
-5209.78
-5056.03
-4906.35
-4743.75
-4554.57
-4328.88
-4063.52
-3760.38
-3424.42
-3060.56
-2674.09
-2269.39
-1849.33
-1417.79
-983.214
-562.199
-180.706
130.336
340.885
433.008
408.222
286.274
96.182
-133.352
-382.083
-642.617
-914.494
-1202.79
-1512.89
-1847.61
-2205.39
-2581.05
-2962.91
-3333.43
-3669.44
-3942.12
-4121.75
-4181.69
-4109.9
-3921.45
-3670.77
-3452.03
-3376.23
-3520.33
-3884.37
-4379.17
-4859.61
-5178.32
-5224.95
-4949.07
-4375.13
-3620.66
-2893.86
-2440.72
-2433.67
-2876.79
-3614.43
-4436.26
-5178.49
-5761.72
-6176.57
-6451.61
-6627.21
-6736.91
-6797.49
-6805.98
-6737.3
-6546.42
-6173.46
-5553.15
-4637.04
-3434.02
-2063.84
-788.39
56.8441
249.07
-158.916
-878.883
-1579.18
-2038.21
-2169.67
-1978.03
-1507.24
-809.734
67.0947
1078.77
2176.09
3289.58
4316.55
5125.44
5578.11
5576.18
5098.71
4210.21
3037.35
1720.72
381.539
-896.211
-2061.78
-3091.98
-3976.63
-4713.06
-5299.54
-5733.48
-6011.15
-6126.9
-6076.61
-5863.42
-5508.21
-5058.99
-4596.71
-4225.67
-4042.71
-4096.54
-4361.49
-4749.66
-5147.09
-5453.84
-5604.91
-5573.39
-5361.59
-4993.76
-4508.15
-3950
-3363.3
-2785.13
-2238.72
-1735.54
-1278.87
-871.95
-524.333
-250.226
-69.2077
1.69679
-46.5825
-211.06
-476.933
-819.182
-1208.95
-1619.15
-2026.53
-2413.81
-2767.41
-3075.3
-3326.24
-3508.31
-3611.61
-3628.25
-3557.95
-3407.83
-3194.79
-2946.89
-2700.4
-2497.68
-2380.02
-2378.89
-2508.66
-2760.47
-3106.15
-3506.19
-3916.34
-4296.73
-4615.35
-4848.5
-4979.98
-4998.32
-4897.09
-4673.94
-4330.55
-3877.55
-3335.65
-2741.31
-2144.03
-1605.91
-1189.56
-945.345
-895.26
-1028.66
-1301.45
-1651.14
-2008.85
-2314.73
-2523
-2604.56
-2546.14
-2351.9
-2043.23
-1663.36
-1277.18
-966.324
-812.576
-874.609
-1166.7
-1654.24
-2270.2
-2938.32
-3594.2
-4193.2
-4709.91
-5135.06
-5468.17
-5713.97
-5878.92
-5970.05
-5995.28
-5960.92
-5875.85
-5749.82
-5592.06
-5414.05
-5229.44
-5050.36
-4887.38
-4747.8
-4633.26
-4540.4
-4458.95
-4377.35
-4282.58
-4165
-4018.91
-3845.49
-3651.01
-3449.08
-3257.33
-3096.68
-2988.54
-2952.49
-3003.26
-3149.93
-3395.44
-3736.67
-4162.64
-4656.69
-5197.3
-5758.78
-6313.65
-6839.57
-7317.8
-7735.31
-8086.02
-8366.15
-8576.57
-8717.54
-8789.64
-8791.75
-8719.72
-8567.59
-8327.81
-7993.79
-7562.47
-7042.85
-6461.71
-5869.07
-5335.88
-4942.31
-4751.36
-4784.34
-5014.47
-5377.02
-5797
-6211.68
-6578.73
-6879.51
-7109.42
-7273.35
-7378.79
-7435.05
-7449.93
-7429.16
-7377.8
-7299.63
-7198.2
-7075.27
-6934.11
-6778.84
-6612.93
-6441.1
-6269.69
-6105.02
-5953.73
-5821.99
-5714.9
-5635.93
-5587.38
-5568.44
-5577.38
-5610.06
-5662.66
-5729.62
-5805.23
-5883.65
-5959.76
-6029.53
-6088.69
-6133.11
-6159.13
-6161.89
-6137.5
-6079.8
-5982.41
-5838.14
-5639.67
-5380.81
-5059.56
-4679.74
-4253.07
-3799.98
-3346.54
-2919.54
-2539.97
-2218.99
-1967
-1802.29
-1756.88
-1870.93
-2170.51
-2643.08
-3233.81
-3862.1
-4446.88
-4927.88
-5273.33
-5476.46
-5547.79
-5511.49
-5395.05
-5231
-5048.67
-4875.67
-4733.55
-4636.45
-4589.36
-4589.52
-4625.96
-4681.46
-4734.47
-4763.93
-4746.92
-4663.46
-4494.99
-4228.03
-3853.91
-3376.34
-2818.66
-2233.08
-1708.13
-1354.73
-1277.4
-1524.74
-2064.64
-2796.05
-3590.44
-4334.7
-4950.38
-5394.17
-5643.05
-5679.45
-5480.06
-5012.85
-4236.99
-3127.54
-1716.65
-159.124
1231.88
2071.01
2122.28
1473.43
464.562
-544.594
-1334.34
-1839.26
-2091.14
-2166.12
-2151.11
-2124.61
-2148.1
-2257.23
-2462.66
-2755.14
-3111.12
-3503.1
-3902.3
-4284.9
-4629.48
-4920.66
-5145.77
-5294.78
-5358.02
-5325.91
-5188.07
-4934.54
-4556.96
-4055.02
-3443.45
-2760.3
-2070.19
-1458.24
-1006.12
-758.976
-703.288
-768.656
-855.874
-871.577
-758.718
-513.112
-190.669
98.3191
220.574
71.8424
-375.753
-1062.6
-1875.22
-2698.61
-3449.71
-4086.11
-4597.5
-4992
-5287.86
-5505.64
-5665.27
-5783.84
-5877.06
-5955.1
-6027.04
-6097.44
-6168.59
-6239.53
-6308.25
-6371.81
-6427.4
-6473.75
-6511.35
-6541.69
-6568.15
-6592.36
-6616.08
-6634.71
-6642.48
-6625.87
-6570.59
-6460.37
-6279.73
-6018.08
-5674.26
-5257.68
-4792.3
-4315.43
-3871.98
-3504.96
-3242.53
-3092.54
-3037.57
-3046.02
-3081.57
-3112.03
-3114.16
-3074.69
-2987.79
-2851.65
-2664.7
-2428.43
-2148.83
-1841.35
-1536.4
-1279.73
-1126.45
-1125.68
-1303.81
-1653.57
-2135.13
-2692.49
-3268.79
-3821.3
-4323.5
-4764.57
-5144.04
-5467.22
-5741.3
-5972.4
-6164.5
-6317.05
-6427.06
-6485.62
-6482.37
-6404.47
-6240.03
-5982.77
-5634.49
-5210.62
-4743.09
-4278.63
-3869.51
-3564.79
-3397.75
-3379.51
-3493.13
-3689.34
-3883.36
-3962.84
-3802.99
-3301.08
-2426.97
-1279.33
-125.432
665.381
807.486
280.826
-681.663
-1769.81
-2750.24
-3501.62
-3986.84
-4220.44
-4249.74
-4145.69
-3990.49
-3860.55
-3806.05
-3838.66
-3935.53
-4053.31
-4147.93
-4188.85
-4163.71
-4076.33
-3942.48
-3785.16
-3627.82
-3492.71
-3397.45
-3350.47
-3354.61
-3403.75
-3485.22
-3581.42
-3670.14
-3725.56
-3719.48
-3622.6
-3412.51
-3076.98
-2630.22
-2124.61
-1654.23
-1337.21
-1276.73
-1511.02
-1995.43
-2625.59
-3281.46
-3866.18
-4316.37
-4601.66
-4711.79
-4645.55
-4405.12
-3992.94
-3413.51
-2671.64
-1781.76
-769.15
322.643
1429.8
2473.99
3374.9
4074.3
4556.21
4853.03
5024.45
5117.72
5134.38
5020.12
4697.48
4118.36
3301.7
2327.66
1301.63
315.278
-569.333
-1321.56
-1932.61
-2406.93
-2757.17
-2999.82
-3152.41
-3233.64
-3262.05
-3254.23
-3225.21
-3189.09
-3155.12
-3128.93
-3111.97
-3101.37
-3089.92
-3067.07
-3023.05
-2946.98
-2831.19
-2670.33
-2462.27
-2208.72
-1914.41
-1587.01
-1238.01
-883.867
-547.17
-253.807
-31.3154
96.8558
116.442
24.3789
-171.29
-455.174
-809.842
-1217.24
-1663.42
-2135.11
-2621.5
-3110.46
-3589.26
-4044.26
-4463.78
-4836.36
-5156.06
-5420.35
-5631.73
-5798.12
-5932.39
-6047.34
-6159.88
-6284.73
-6434.13
-6615.64
-6832.46
-7082.19
-7359.01
-7653.24
-7954.83
-8252.98
-8538.39
-8803.12
-9040.87
-9246.96
-9418.11
-9550.65
-9643.13
-9692.18
-9695.72
-9651.16
-9555.1
-9405.1
-9200.01
-8939.02
-8623.69
-8258.38
-7852.92
-7421.17
-6979.63
-6549.53
-6150.39
-5798.55
-5504.11
-5267.84
-5082.01
-4932.12
-4798.64
-4659.13
-4491.73
-4276.71
-3997.79
-3645.05
-3217.48
-2726.38
-2197.26
-1667.79
-1184.32
-789.429
-512.188
-356.796
-304.129
-319.888
-366.423
-415.845
-458.819
-505.414
-581.424
-719.521
-948.2
-1283.38
-1722.62
-2245.95
-2820.92
-3409.54
-3975.95
-4490.69
-4932.53
-5288.42
-5552.8
-5724.65
-5805.95
-5801.21
