-7.20951e-23
-7.2117e-23
-7.21535e-23
-7.22047e-23
-7.22707e-23
-7.23516e-23
-7.24474e-23
-7.25584e-23
-7.26846e-23
-7.28262e-23
-7.29835e-23
-7.31565e-23
-7.33456e-23
-7.35563e-23
-7.37891e-23
-7.40606e-23
-7.43499e-23
-7.46843e-23
-7.50213e-23
-7.53935e-23
-7.57692e-23
-7.61698e-23
-7.66231e-23
-7.70813e-23
-7.75769e-23
-7.80513e-23
-7.85423e-23
-7.90614e-23
-7.96253e-23
-8.02186e-23
-8.08314e-23
-8.14643e-23
-8.21074e-23
-8.27881e-23
-8.34966e-23
-8.42501e-23
-8.50226e-23
-8.58149e-23
-8.6639e-23
-8.74744e-23
-8.83329e-23
-8.92479e-23
-9.02103e-23
-9.11889e-23
-9.22016e-23
-9.32443e-23
-9.43672e-23
-9.55128e-23
-9.67312e-23
-9.79652e-23
-9.92326e-23
-1.00573e-22
-1.01962e-22
-1.03422e-22
-1.04904e-22
-1.06472e-22
-1.08114e-22
-1.09806e-22
-1.11561e-22
-1.13398e-22
-1.15293e-22
-1.17233e-22
-1.19297e-22
-1.21434e-22
-1.2368e-22
-1.26023e-22
-1.28433e-22
-1.30953e-22
-1.33577e-22
-1.36301e-22
-1.39127e-22
-1.42063e-22
-1.4513e-22
-1.48339e-22
-1.51658e-22
-1.55144e-22
-1.58723e-22
-1.62492e-22
-1.66397e-22
-1.70449e-22
-1.74671e-22
-1.79051e-22
-1.83607e-22
-1.88367e-22
-1.93298e-22
-1.98424e-22
-2.03748e-22
-2.09262e-22
-2.14992e-22
-2.20963e-22
-2.2713e-22
-2.3355e-22
-2.40178e-22
-2.46991e-22
-2.54054e-22
-2.61304e-22
-2.6873e-22
-2.76325e-22
-2.84054e-22
-2.91889e-22
-2.99791e-22
-3.07681e-22
-3.15512e-22
-3.23173e-22
-3.30583e-22
-3.37647e-22
-3.44248e-22
-3.50351e-22
-3.55824e-22
-3.60638e-22
-3.64814e-22
-3.68343e-22
-3.71233e-22
-3.73433e-22
-3.74837e-22
-3.75183e-22
-3.74075e-22
-3.71063e-22
-3.65765e-22
-3.57992e-22
-3.47998e-22
-3.36646e-22
-3.25395e-22
-3.16368e-22
-3.11668e-22
-3.12975e-22
-3.20841e-22
-3.34589e-22
-3.52502e-22
-3.72338e-22
-3.9185e-22
-4.09148e-22
-4.232e-22
-4.33856e-22
-4.41719e-22
-4.47637e-22
-4.52145e-22
-4.55161e-22
-4.55898e-22
-4.53535e-22
-4.47596e-22
-4.38484e-22
-4.27439e-22
-4.16196e-22
-4.06561e-22
-3.99993e-22
-3.97413e-22
-3.99229e-22
-4.05437e-22
-4.15753e-22
-4.29578e-22
-4.46104e-22
-4.64373e-22
-4.83491e-22
-5.02649e-22
-5.21148e-22
-5.38294e-22
-5.53505e-22
-5.66274e-22
-5.76213e-22
-5.83141e-22
-5.87051e-22
-5.88024e-22
-5.86291e-22
-5.82169e-22
-5.76084e-22
-5.68549e-22
-5.60047e-22
-5.51178e-22
-5.42434e-22
-5.34159e-22
-5.26662e-22
-5.20274e-22
-5.15464e-22
-5.12881e-22
-5.13248e-22
-5.17038e-22
-5.24173e-22
-5.33915e-22
-5.45015e-22
-5.56065e-22
-5.65809e-22
-5.73482e-22
-5.78744e-22
-5.81553e-22
-5.82185e-22
-5.81044e-22
-5.78665e-22
-5.75578e-22
-5.7233e-22
-5.69448e-22
-5.67443e-22
-5.66677e-22
-5.6739e-22
-5.69664e-22
-5.73433e-22
-5.78469e-22
-5.84418e-22
-5.90895e-22
-5.9747e-22
-6.03784e-22
-6.09574e-22
-6.14586e-22
-6.18652e-22
-6.21739e-22
-6.23802e-22
-6.2486e-22
-6.24906e-22
-6.23955e-22
-6.21946e-22
-6.18804e-22
-6.14425e-22
-6.08675e-22
-6.01571e-22
-5.93269e-22
-5.84172e-22
-5.75005e-22
-5.66766e-22
-5.60516e-22
-5.57133e-22
-5.57037e-22
-5.60097e-22
-5.65578e-22
-5.72306e-22
-5.78977e-22
-5.84354e-22
-5.87391e-22
-5.87594e-22
-5.85113e-22
-5.8095e-22
-5.76958e-22
-5.75368e-22
-5.77973e-22
-5.85349e-22
-5.96531e-22
-6.09524e-22
-6.22048e-22
-6.32239e-22
-6.38952e-22
-6.41806e-22
-6.40988e-22
-6.37191e-22
-6.31625e-22
-6.25957e-22
-6.21899e-22
-6.20851e-22
-6.23393e-22
-6.28884e-22
-6.35827e-22
-6.42351e-22
-6.4672e-22
-6.48462e-22
-6.47271e-22
-6.43578e-22
-6.38345e-22
-6.32874e-22
-6.28506e-22
-6.26167e-22
-6.26288e-22
-6.28656e-22
-6.3281e-22
-6.38156e-22
-6.44186e-22
-6.50559e-22
-6.56972e-22
-6.63164e-22
-6.68851e-22
-6.73875e-22
-6.78117e-22
-6.8158e-22
-6.84315e-22
-6.86526e-22
-6.88342e-22
-6.89982e-22
-6.91493e-22
-6.929e-22
-6.94031e-22
-6.94642e-22
-6.94406e-22
-6.92999e-22
-6.90063e-22
-6.85485e-22
-6.79239e-22
-6.71613e-22
-6.63059e-22
-6.54388e-22
-6.46458e-22
-6.40288e-22
-6.36731e-22
-6.36292e-22
-6.39079e-22
-6.44671e-22
-6.52355e-22
-6.6125e-22
-6.70525e-22
-6.79489e-22
-6.8778e-22
-6.95177e-22
-7.01659e-22
-7.07271e-22
-7.12129e-22
-7.164e-22
-7.20209e-22
-7.23716e-22
-7.27031e-22
-7.30294e-22
-7.33614e-22
-7.37059e-22
-7.40665e-22
-7.444e-22
-7.48168e-22
-7.51841e-22
-7.5517e-22
-7.57857e-22
-7.59543e-22
-7.59776e-22
-7.58165e-22
-7.54309e-22
-7.48059e-22
-7.3949e-22
-7.29139e-22
-7.1809e-22
-7.07683e-22
-6.99418e-22
-6.94563e-22
-6.93868e-22
-6.97608e-22
-7.05622e-22
-7.1728e-22
-7.31327e-22
-7.46219e-22
-7.60237e-22
-7.71835e-22
-7.79862e-22
-7.83485e-22
-7.82316e-22
-7.76131e-22
-7.65005e-22
-7.49117e-22
-7.29041e-22
-7.05725e-22
-6.8073e-22
-6.56127e-22
-6.34303e-22
-6.17643e-22
-6.08056e-22
-6.06599e-22
-6.13246e-22
-6.26634e-22
-6.4463e-22
-6.64773e-22
-6.85022e-22
-7.03954e-22
-7.20773e-22
-7.35115e-22
-7.46982e-22
-7.56367e-22
-7.63456e-22
-7.68383e-22
-7.71359e-22
-7.72586e-22
-7.72343e-22
-7.70859e-22
-7.6837e-22
-7.65082e-22
-7.61283e-22
-7.57231e-22
-7.53232e-22
-7.49516e-22
-7.46382e-22
-7.44035e-22
-7.42648e-22
-7.42292e-22
-7.42964e-22
-7.44546e-22
-7.46924e-22
-7.499e-22
-7.53346e-22
-7.57077e-22
-7.60936e-22
-7.64819e-22
-7.68651e-22
-7.7238e-22
-7.75955e-22
-7.79304e-22
-7.82427e-22
-7.85217e-22
-7.87669e-22
-7.89719e-22
-7.9125e-22
-7.92223e-22
-7.92505e-22
-7.91981e-22
-7.9054e-22
-7.88045e-22
-7.84305e-22
-7.79173e-22
-7.72479e-22
-7.64018e-22
-7.53569e-22
-7.40913e-22
-7.2583e-22
-7.08044e-22
-6.87559e-22
-6.65111e-22
-6.4274e-22
-6.24233e-22
-6.14289e-22
-6.16459e-22
-6.30739e-22
-6.53238e-22
-6.78279e-22
-7.00906e-22
-7.18173e-22
-7.28982e-22
-7.33501e-22
-7.32486e-22
-7.2701e-22
-7.18379e-22
-7.08189e-22
-6.98278e-22
-6.90479e-22
-6.86262e-22
-6.86373e-22
-6.90592e-22
-6.97857e-22
-7.0676e-22
-7.158e-22
-7.23949e-22
-7.3053e-22
-7.3528e-22
-7.38183e-22
-7.39476e-22
-7.39479e-22
-7.38426e-22
-7.36437e-22
-7.33447e-22
-7.29027e-22
-7.22481e-22
-7.12926e-22
-6.99501e-22
-6.81742e-22
-6.6006e-22
-6.36253e-22
-6.13694e-22
-5.96599e-22
-5.88521e-22
-5.90705e-22
-6.01655e-22
-6.1788e-22
-6.35542e-22
-6.51589e-22
-6.64163e-22
-6.72468e-22
-6.76546e-22
-6.76869e-22
-6.74165e-22
-6.69346e-22
-6.63535e-22
-6.57981e-22
-6.53881e-22
-6.52246e-22
-6.53524e-22
-6.57548e-22
-6.6357e-22
-6.70543e-22
-6.77388e-22
-6.83348e-22
-6.87927e-22
-6.90998e-22
-6.92621e-22
-6.92997e-22
-6.92357e-22
-6.91009e-22
-6.89224e-22
-6.87189e-22
-6.85108e-22
-6.8309e-22
-6.81141e-22
-6.79261e-22
-6.77348e-22
-6.75215e-22
-6.7266e-22
-6.69412e-22
-6.6522e-22
-6.5987e-22
-6.53182e-22
-6.45164e-22
-6.35977e-22
-6.26157e-22
-6.16478e-22
-6.07874e-22
-6.01237e-22
-5.97106e-22
-5.95425e-22
-5.95768e-22
-5.97433e-22
-5.9964e-22
-6.01829e-22
-6.03569e-22
-6.04765e-22
-6.05256e-22
-6.05161e-22
-6.04859e-22
-6.04912e-22
-6.0586e-22
-6.07992e-22
-6.11191e-22
-6.15018e-22
-6.18863e-22
-6.22204e-22
-6.24658e-22
-6.26151e-22
-6.26689e-22
-6.26416e-22
-6.25362e-22
-6.23641e-22
-6.21213e-22
-6.18081e-22
-6.14243e-22
-6.09889e-22
-6.05374e-22
-6.01304e-22
-5.98357e-22
-5.97201e-22
-5.98217e-22
-6.01433e-22
-6.06496e-22
-6.12697e-22
-6.1928e-22
-6.2556e-22
-6.31051e-22
-6.35476e-22
-6.38765e-22
-6.40942e-22
-6.42141e-22
-6.4249e-22
-6.42137e-22
-6.41201e-22
-6.39821e-22
-6.38085e-22
-6.3609e-22
-6.33904e-22
-6.31577e-22
-6.29178e-22
-6.26801e-22
-6.24478e-22
-6.22258e-22
-6.20196e-22
-6.18279e-22
-6.16552e-22
-6.14962e-22
-6.13451e-22
-6.11979e-22
-6.10462e-22
-6.08911e-22
-6.07298e-22
-6.05686e-22
-6.04116e-22
-6.02711e-22
-6.0153e-22
-6.00614e-22
-5.99971e-22
-5.99585e-22
-5.99382e-22
-5.9934e-22
-5.99427e-22
-5.99591e-22
-5.99814e-22
-6.00125e-22
-6.00386e-22
-6.00526e-22
-6.0044e-22
-5.99894e-22
-5.98711e-22
-5.96732e-22
-5.93839e-22
-5.89956e-22
-5.85205e-22
-5.79828e-22
-5.74327e-22
-5.69304e-22
-5.65517e-22
-5.63592e-22
-5.63965e-22
-5.66769e-22
-5.71877e-22
-5.7898e-22
-5.87622e-22
-5.97362e-22
-6.07685e-22
-6.18184e-22
-6.28406e-22
-6.38052e-22
-6.46846e-22
-6.54701e-22
-6.61588e-22
-6.67556e-22
-6.7269e-22
-6.77128e-22
-6.80957e-22
-6.84271e-22
-6.87187e-22
-6.89767e-22
-6.92069e-22
-6.94108e-22
-6.95926e-22
-6.97536e-22
-6.98917e-22
-7.00055e-22
-7.00942e-22
-7.01541e-22
-7.01812e-22
-7.01658e-22
-7.01017e-22
-6.99783e-22
-6.97706e-22
-6.94615e-22
-6.90156e-22
-6.83948e-22
-6.75677e-22
-6.65163e-22
-6.52631e-22
-6.38806e-22
-6.25041e-22
-6.13132e-22
-6.04669e-22
-6.0035e-22
-5.99571e-22
-6.00596e-22
-6.01436e-22
-6.00736e-22
-5.98505e-22
-5.96248e-22
-5.96265e-22
-6.00634e-22
-6.10104e-22
-6.23779e-22
-6.39749e-22
-6.56125e-22
-6.71674e-22
-6.85972e-22
-6.99278e-22
-7.11771e-22
-7.23616e-22
-7.3484e-22
-7.45256e-22
-7.5466e-22
-7.6286e-22
-7.69756e-22
-7.75304e-22
-7.79525e-22
-7.8252e-22
-7.84315e-22
-7.85002e-22
-7.84613e-22
-7.83212e-22
-7.80818e-22
-7.7745e-22
-7.73179e-22
-7.68091e-22
-7.62327e-22
-7.56112e-22
-7.49813e-22
-7.43854e-22
-7.38588e-22
-7.34453e-22
-7.31652e-22
-7.30149e-22
-7.29716e-22
-7.29952e-22
-7.30392e-22
-7.30633e-22
-7.3026e-22
-7.29109e-22
-7.27088e-22
-7.24105e-22
-7.20036e-22
-7.14613e-22
-7.0736e-22
-6.97943e-22
-6.8665e-22
-6.75049e-22
-6.66158e-22
-6.6355e-22
-6.69597e-22
-6.83843e-22
-7.032e-22
-7.23549e-22
-7.41499e-22
-7.55272e-22
-7.64443e-22
-7.69618e-22
-7.71862e-22
-7.72504e-22
-7.72733e-22
-7.73527e-22
-7.7541e-22
-7.78458e-22
-7.82391e-22
-7.86696e-22
-7.90845e-22
-7.94355e-22
-7.96975e-22
-7.98607e-22
-7.99253e-22
-7.99038e-22
-7.98163e-22
-7.96815e-22
-7.95158e-22
-7.93319e-22
-7.914e-22
-7.8941e-22
-7.87326e-22
-7.85099e-22
-7.8271e-22
-7.80077e-22
-7.77312e-22
-7.74507e-22
-7.71887e-22
-7.69794e-22
-7.68495e-22
-7.68272e-22
-7.6923e-22
-7.71358e-22
-7.74445e-22
-7.7819e-22
-7.82219e-22
-7.86093e-22
-7.89589e-22
-7.92391e-22
-7.94334e-22
-7.9532e-22
-7.95381e-22
-7.94603e-22
-7.93135e-22
-7.9123e-22
-7.89119e-22
-7.87208e-22
-7.85741e-22
-7.84966e-22
-7.8509e-22
-7.86089e-22
-7.87923e-22
-7.90336e-22
-7.92989e-22
-7.95366e-22
-7.96911e-22
-7.96947e-22
-7.94703e-22
-7.89306e-22
-7.79934e-22
-7.66011e-22
-7.47496e-22
-7.25373e-22
-7.02052e-22
-6.81384e-22
-6.67584e-22
-6.63458e-22
-6.6903e-22
-6.81766e-22
-6.98118e-22
-7.14998e-22
-7.30556e-22
-7.43972e-22
-7.55121e-22
-7.64144e-22
-7.71222e-22
-7.76621e-22
-7.80531e-22
-7.83127e-22
-7.84604e-22
-7.85185e-22
-7.85021e-22
-7.84301e-22
-7.83102e-22
-7.81511e-22
-7.79579e-22
-7.77293e-22
-7.74653e-22
-7.7174e-22
-7.68564e-22
-7.65214e-22
-7.61896e-22
-7.58733e-22
-7.55919e-22
-7.53668e-22
-7.52215e-22
-7.51658e-22
-7.52155e-22
-7.53738e-22
-7.5641e-22
-7.6001e-22
-7.64282e-22
-7.68938e-22
-7.73574e-22
-7.77722e-22
-7.80974e-22
-7.82905e-22
-7.83269e-22
-7.81851e-22
-7.78591e-22
-7.73556e-22
-7.66809e-22
-7.58414e-22
-7.48177e-22
-7.35713e-22
-7.20812e-22
-7.04038e-22
-6.87534e-22
-6.75091e-22
-6.70873e-22
-6.77004e-22
-6.92036e-22
-7.11758e-22
-7.31465e-22
-7.47885e-22
-7.59662e-22
-7.66873e-22
-7.70275e-22
-7.708e-22
-7.69282e-22
-7.66426e-22
-7.62744e-22
-7.58663e-22
-7.5457e-22
-7.50809e-22
-7.47677e-22
-7.45438e-22
-7.44231e-22
-7.44138e-22
-7.45116e-22
-7.47079e-22
-7.4989e-22
-7.53369e-22
-7.57377e-22
-7.61766e-22
-7.6645e-22
-7.71332e-22
-7.76372e-22
-7.81419e-22
-7.86439e-22
-7.91334e-22
-7.96106e-22
-8.00615e-22
-8.04861e-22
-8.08812e-22
-8.12397e-22
-8.15581e-22
-8.18336e-22
-8.20601e-22
-8.22374e-22
-8.23577e-22
-8.24133e-22
-8.2394e-22
-8.22874e-22
-8.20755e-22
-8.17294e-22
-8.12143e-22
-8.04787e-22
-7.94573e-22
-7.80779e-22
-7.62806e-22
-7.40301e-22
-7.13889e-22
-6.85533e-22
-6.58876e-22
-6.38559e-22
-6.29026e-22
-6.32486e-22
-6.479e-22
-6.71465e-22
-6.98349e-22
-7.24468e-22
-7.47272e-22
-7.65792e-22
-7.80087e-22
-7.90808e-22
-7.98692e-22
-8.04449e-22
-8.08615e-22
-8.11643e-22
-8.13925e-22
-8.1571e-22
-8.17281e-22
-8.18851e-22
-8.20485e-22
-8.22164e-22
-8.23742e-22
-8.24855e-22
-8.25004e-22
-8.23695e-22
-8.20496e-22
-8.1523e-22
-8.0814e-22
-7.99991e-22
-7.9199e-22
-7.8553e-22
-7.81663e-22
-7.80782e-22
-7.82276e-22
-7.85152e-22
-7.8828e-22
-7.91016e-22
-7.93324e-22
-7.95762e-22
-7.99075e-22
-8.03923e-22
-8.10542e-22
-8.18765e-22
-8.27954e-22
-8.37337e-22
-8.46154e-22
-8.53755e-22
-8.5969e-22
-8.63726e-22
-8.65766e-22
-8.65845e-22
-8.64001e-22
-8.60421e-22
-8.55307e-22
-8.48963e-22
-8.41743e-22
-8.3413e-22
-8.26719e-22
-8.20106e-22
-8.14828e-22
-8.11357e-22
-8.09904e-22
-8.10499e-22
-8.12913e-22
-8.16721e-22
-8.21477e-22
-8.26655e-22
-8.31834e-22
-8.36732e-22
-8.41212e-22
-8.45207e-22
-8.48842e-22
-8.52249e-22
-8.55524e-22
-8.58792e-22
-8.6204e-22
-8.65258e-22
-8.68302e-22
-8.70831e-22
-8.72516e-22
-8.72987e-22
-8.71904e-22
-8.69156e-22
-8.64771e-22
-8.5911e-22
-8.5287e-22
-8.46901e-22
-8.42128e-22
-8.39287e-22
-8.38781e-22
-8.40575e-22
-8.44193e-22
-8.48942e-22
-8.54027e-22
-8.58737e-22
-8.62469e-22
-8.64755e-22
-8.65254e-22
-8.63713e-22
-8.59983e-22
-8.54129e-22
-8.46314e-22
-8.36987e-22
-8.26827e-22
-8.16855e-22
-8.08292e-22
-8.02396e-22
-8.00278e-22
-8.02636e-22
-8.09513e-22
-8.20161e-22
-8.3332e-22
-8.47443e-22
-8.61048e-22
-8.72977e-22
-8.82421e-22
-8.89041e-22
-8.92739e-22
-8.93668e-22
-8.92056e-22
-8.88175e-22
-8.82387e-22
-8.74986e-22
-8.66298e-22
-8.56657e-22
-8.46369e-22
-8.35751e-22
-8.25069e-22
-8.14553e-22
-8.04376e-22
-7.94736e-22
-7.85643e-22
-7.77174e-22
-7.69268e-22
-7.61887e-22
-7.54963e-22
-7.48387e-22
-7.42208e-22
-7.36533e-22
-7.31508e-22
-7.27502e-22
-7.24794e-22
-7.23662e-22
-7.2425e-22
-7.26404e-22
-7.29816e-22
-7.33976e-22
-7.38391e-22
-7.42614e-22
-7.46286e-22
-7.49232e-22
-7.5141e-22
-7.52833e-22
-7.53616e-22
-7.53892e-22
-7.53756e-22
-7.53357e-22
-7.52745e-22
-7.52026e-22
-7.51194e-22
-7.50222e-22
-7.49137e-22
-7.47866e-22
-7.46262e-22
-7.44293e-22
-7.41701e-22
-7.3832e-22
-7.33838e-22
-7.27975e-22
-7.20455e-22
-7.11043e-22
-6.99804e-22
-6.87156e-22
-6.74037e-22
-6.62114e-22
-6.53151e-22
-6.48671e-22
-6.49276e-22
-6.54242e-22
-6.61902e-22
-6.70205e-22
-6.77328e-22
-6.82003e-22
-6.83554e-22
-6.81724e-22
-6.76517e-22
-6.68118e-22
-6.5691e-22
-6.43513e-22
-6.28936e-22
-6.14671e-22
-6.0263e-22
-5.94808e-22
-5.92584e-22
-5.96217e-22
-6.04696e-22
-6.16114e-22
-6.28414e-22
-6.39931e-22
-6.4955e-22
-6.56799e-22
-6.61512e-22
-6.63742e-22
-6.63608e-22
-6.61127e-22
-6.56262e-22
-6.4888e-22
-6.38803e-22
-6.25682e-22
-6.0913e-22
-5.88752e-22
-5.64481e-22
-5.36929e-22
-5.07895e-22
-4.80718e-22
-4.59789e-22
-4.49039e-22
-4.50297e-22
-4.62374e-22
-4.81873e-22
-5.04927e-22
-5.283e-22
-5.49801e-22
-5.68272e-22
-5.83223e-22
-5.94697e-22
-6.02914e-22
-6.08278e-22
-6.11236e-22
-6.12252e-22
-6.11645e-22
-6.09773e-22
-6.06896e-22
-6.03238e-22
-5.98957e-22
-5.94186e-22
-5.89051e-22
-5.83625e-22
-5.78044e-22
-5.72359e-22
-5.66672e-22
-5.61106e-22
-5.55753e-22
-5.50715e-22
-5.46134e-22
-5.42052e-22
-5.38583e-22
-5.35788e-22
-5.33662e-22
-5.3223e-22
-5.31441e-22
-5.31204e-22
-5.3146e-22
-5.32137e-22
-5.33083e-22
-5.34268e-22
-5.35595e-22
-5.36955e-22
-5.38266e-22
-5.39385e-22
-5.40161e-22
-5.40376e-22
-5.3979e-22
-5.38018e-22
-5.34746e-22
-5.29585e-22
-5.22261e-22
-5.12721e-22
-5.01439e-22
-4.89632e-22
-4.79184e-22
-4.72289e-22
-4.70826e-22
-4.75371e-22
-4.84992e-22
-4.977e-22
-5.11182e-22
-5.23612e-22
-5.33901e-22
-5.41593e-22
-5.46712e-22
-5.49571e-22
-5.50559e-22
-5.50123e-22
-5.48747e-22
-5.46839e-22
-5.44857e-22
-5.43185e-22
-5.42118e-22
-5.4177e-22
-5.42155e-22
-5.43019e-22
-5.43985e-22
-5.44572e-22
-5.4428e-22
-5.4268e-22
-5.39612e-22
-5.35164e-22
-5.29893e-22
-5.24904e-22
-5.21476e-22
-5.20701e-22
-5.23203e-22
-5.28789e-22
-5.36625e-22
-5.4562e-22
-5.54857e-22
-5.63763e-22
-5.72071e-22
-5.79607e-22
-5.86189e-22
-5.91538e-22
-5.95381e-22
-5.97509e-22
-5.97919e-22
-5.96786e-22
-5.94474e-22
-5.91542e-22
-5.88636e-22
-5.86312e-22
-5.85008e-22
-5.84965e-22
-5.86164e-22
-5.88287e-22
-5.90889e-22
-5.93384e-22
-5.9524e-22
-5.96053e-22
-5.95516e-22
-5.93619e-22
-5.90411e-22
-5.86205e-22
-5.81351e-22
-5.76279e-22
-5.7141e-22
-5.6703e-22
-5.63312e-22
-5.60403e-22
-5.58499e-22
-5.579e-22
-5.59068e-22
-5.62562e-22
-5.68744e-22
-5.77672e-22
-5.88908e-22
-6.01668e-22
-6.15051e-22
-6.28168e-22
-6.40316e-22
-6.51068e-22
-6.60148e-22
-6.67429e-22
-6.72915e-22
-6.76623e-22
-6.78543e-22
-6.78747e-22
-6.77234e-22
-6.7406e-22
-6.6935e-22
-6.63278e-22
-6.56126e-22
-6.48318e-22
-6.40307e-22
-6.32507e-22
-6.25182e-22
-6.1823e-22
-6.11059e-22
-6.0265e-22
-5.91735e-22
-5.77363e-22
-5.59542e-22
-5.39897e-22
-5.21891e-22
-5.10234e-22
-5.09215e-22
-5.20796e-22
-5.43522e-22
-5.7351e-22
-6.06204e-22
-6.37931e-22
-6.66331e-22
-6.9045e-22
-7.10126e-22
-7.25753e-22
-7.37936e-22
-7.47269e-22
-7.54403e-22
-7.59813e-22
-7.63862e-22
-7.66871e-22
-7.69065e-22
-7.70578e-22
-7.71492e-22
-7.71882e-22
-7.71766e-22
-7.71173e-22
-7.70132e-22
-7.68697e-22
-7.66908e-22
-7.64879e-22
-7.62747e-22
-7.60614e-22
-7.58648e-22
-7.5699e-22
-7.55814e-22
-7.55284e-22
-7.55446e-22
-7.56379e-22
-7.5798e-22
-7.60052e-22
-7.62211e-22
-7.63866e-22
-7.64481e-22
-7.63648e-22
-7.61103e-22
-7.56891e-22
-7.513e-22
-7.44693e-22
-7.37502e-22
-7.30313e-22
-7.23901e-22
-7.19361e-22
-7.18004e-22
-7.20983e-22
-7.2886e-22
-7.41031e-22
-7.55898e-22
-7.71313e-22
-7.85095e-22
-7.95553e-22
-8.01647e-22
-8.03031e-22
-7.99907e-22
-7.93019e-22
-7.83481e-22
-7.72798e-22
-7.62707e-22
-7.54987e-22
-7.51014e-22
-7.5152e-22
-7.56363e-22
-7.64541e-22
-7.74574e-22
-7.84979e-22
-7.94516e-22
-8.02363e-22
-8.08131e-22
-8.11794e-22
-8.13532e-22
-8.13687e-22
-8.12549e-22
-8.10539e-22
-8.07955e-22
-8.04971e-22
-8.01681e-22
-7.98038e-22
-7.93805e-22
-7.88577e-22
-7.81852e-22
-7.72953e-22
-7.61317e-22
-7.46686e-22
-7.2941e-22
-7.10921e-22
-6.93825e-22
-6.81364e-22
-6.76196e-22
-6.78985e-22
-6.88149e-22
-7.00662e-22
-7.1345e-22
-7.24398e-22
-7.32518e-22
-7.37808e-22
-7.40602e-22
-7.41478e-22
-7.41053e-22
-7.39858e-22
-7.38252e-22
-7.3654e-22
-7.34905e-22
-7.33438e-22
-7.32104e-22
-7.30781e-22
-7.29311e-22
-7.2733e-22
-7.24527e-22
-7.20404e-22
-7.1458e-22
-7.0665e-22
-6.96365e-22
-6.8373e-22
-6.69288e-22
-6.5418e-22
-6.4019e-22
-6.2925e-22
-6.22797e-22
-6.21042e-22
-6.22784e-22
-6.25996e-22
-6.2875e-22
-6.30068e-22
-6.30478e-22
-6.315e-22
-6.35141e-22
-6.42727e-22
-6.54418e-22
-6.69017e-22
-6.84706e-22
-6.99754e-22
-7.12897e-22
-7.23605e-22
-7.31791e-22
-7.37628e-22
-7.41448e-22
-7.43555e-22
-7.44224e-22
-7.43598e-22
-7.41909e-22
-7.39267e-22
-7.35837e-22
-7.31771e-22
-7.27286e-22
-7.2267e-22
-7.18284e-22
-7.14416e-22
-7.11384e-22
-7.09317e-22
-7.08263e-22
-7.0789e-22
-7.07631e-22
-7.0671e-22
-7.04167e-22
-6.99157e-22
-6.91316e-22
-6.81285e-22
-6.71086e-22
-6.64003e-22
-6.63428e-22
-6.7115e-22
-6.86281e-22
-7.05707e-22
-7.2577e-22
-7.43604e-22
-7.57716e-22
-7.67632e-22
-7.73497e-22
-7.75621e-22
-7.7427e-22
-7.69591e-22
-7.61734e-22
-7.50801e-22
-7.37118e-22
-7.21284e-22
-7.04536e-22
-6.88729e-22
-6.76217e-22
-6.69155e-22
-6.68493e-22
-6.73674e-22
-6.82844e-22
-6.93776e-22
-7.04765e-22
-7.14792e-22
-7.23288e-22
-7.29823e-22
-7.33991e-22
-7.35349e-22
-7.33734e-22
-7.2952e-22
-7.23824e-22
-7.1865e-22
-7.16345e-22
-7.18734e-22
-7.26447e-22
-7.38465e-22
-7.52738e-22
-7.67065e-22
-7.79755e-22
-7.89874e-22
-7.97181e-22
-8.01848e-22
-8.04241e-22
-8.0471e-22
-8.03595e-22
-8.01088e-22
-7.97269e-22
-7.92177e-22
-7.85758e-22
-7.77996e-22
-7.68852e-22
-7.58465e-22
-7.47065e-22
-7.35072e-22
-7.23081e-22
-7.11889e-22
-7.0235e-22
-6.95212e-22
-6.91075e-22
-6.9012e-22
-6.92168e-22
-6.96691e-22
-7.02894e-22
-7.10017e-22
-7.17468e-22
-7.24884e-22
-7.32172e-22
-7.39424e-22
-7.46694e-22
-7.54015e-22
-7.61237e-22
-7.68209e-22
-7.74665e-22
-7.80372e-22
-7.85221e-22
-7.89087e-22
-7.91966e-22
-7.93898e-22
-7.94899e-22
-7.95032e-22
-7.94278e-22
-7.92646e-22
-7.9005e-22
-7.86374e-22
-7.81476e-22
-7.75274e-22
-7.67647e-22
-7.58679e-22
-7.48588e-22
-7.37753e-22
-7.26842e-22
-7.16612e-22
-7.07924e-22
-7.01476e-22
-6.97551e-22
-6.95938e-22
-6.95986e-22
-6.9662e-22
-6.96694e-22
-6.95111e-22
-6.91092e-22
-6.84269e-22
-6.74723e-22
-6.62971e-22
-6.49938e-22
-6.36867e-22
-6.25201e-22
-6.1633e-22
-6.11445e-22
-6.11272e-22
-6.1599e-22
-6.25187e-22
-6.37967e-22
-6.5313e-22
-6.69443e-22
-6.8581e-22
-7.01317e-22
-7.15409e-22
-7.27727e-22
-7.38109e-22
-7.46596e-22
-7.53363e-22
-7.58528e-22
-7.62307e-22
-7.64891e-22
-7.66455e-22
-7.67155e-22
-7.67094e-22
-7.66323e-22
-7.6484e-22
-7.62652e-22
-7.59677e-22
-7.55842e-22
-7.50994e-22
-7.45053e-22
-7.37895e-22
-7.2946e-22
-7.19844e-22
-7.09228e-22
-6.97948e-22
-6.86455e-22
-6.7533e-22
-6.65248e-22
-6.56789e-22
-6.50494e-22
-6.46725e-22
-6.45585e-22
-6.46822e-22
-6.49919e-22
-6.53882e-22
-6.57724e-22
-6.60244e-22
-6.60613e-22
-6.58493e-22
-6.54335e-22
-6.4968e-22
-6.46771e-22
-6.47951e-22
-6.54641e-22
-6.66622e-22
-6.82243e-22
-6.99154e-22
-7.15247e-22
-7.29158e-22
-7.40234e-22
-7.48349e-22
-7.53616e-22
-7.56246e-22
-7.56312e-22
-7.53861e-22
-7.48808e-22
-7.41098e-22
-7.30701e-22
-7.17814e-22
-7.03038e-22
-6.87501e-22
-6.72876e-22
-6.61113e-22
-6.54018e-22
-6.52513e-22
-6.5637e-22
-6.64339e-22
-6.74561e-22
-6.85215e-22
-6.94849e-22
-7.02583e-22
-7.08056e-22
-7.11325e-22
-7.1271e-22
-7.12713e-22
-7.11897e-22
-7.10865e-22
-7.10162e-22
-7.10202e-22
-7.11234e-22
-7.13366e-22
-7.16525e-22
-7.20504e-22
-7.2507e-22
-7.29929e-22
-7.34882e-22
-7.39769e-22
-7.44461e-22
-7.48878e-22
-7.53025e-22
-7.56874e-22
-7.60449e-22
-7.63822e-22
-7.67011e-22
-7.70064e-22
-7.73034e-22
-7.75962e-22
-7.78874e-22
-7.81791e-22
-7.84696e-22
-7.87513e-22
-7.90159e-22
-7.92535e-22
-7.945e-22
-7.95925e-22
-7.96623e-22
-7.96486e-22
-7.9543e-22
-7.93468e-22
-7.90616e-22
-7.8705e-22
-7.83037e-22
-7.78861e-22
-7.74914e-22
-7.71452e-22
-7.68663e-22
-7.66463e-22
-7.6433e-22
-7.61539e-22
-7.57207e-22
-7.50716e-22
-7.42368e-22
-7.33789e-22
-7.27931e-22
-7.28002e-22
-7.35944e-22
-7.51149e-22
-7.70876e-22
-7.91722e-22
-8.11015e-22
-8.27277e-22
-8.40183e-22
-8.49981e-22
-8.57099e-22
-8.61892e-22
-8.64714e-22
-8.65732e-22
-8.64988e-22
-8.6252e-22
-8.58278e-22
-8.52325e-22
-8.44708e-22
-8.35709e-22
-8.25795e-22
-8.15838e-22
-8.07083e-22
-8.01009e-22
-7.99124e-22
-8.02321e-22
-8.10575e-22
-8.22752e-22
-8.36938e-22
-8.51157e-22
-8.6353e-22
-8.7277e-22
-8.78065e-22
-8.78913e-22
-8.75152e-22
-8.669e-22
-8.54642e-22
-8.39307e-22
-8.2225e-22
-8.05138e-22
-7.89735e-22
-7.77573e-22
-7.69782e-22
-7.67027e-22
-7.69403e-22
-7.76474e-22
-7.87406e-22
-8.01113e-22
-8.16331e-22
-8.31866e-22
-8.46753e-22
-8.60227e-22
-8.71771e-22
-8.81012e-22
-8.87718e-22
-8.91795e-22
-8.9313e-22
-8.91738e-22
-8.87736e-22
-8.81309e-22
-8.72877e-22
-8.63064e-22
-8.52685e-22
-8.4275e-22
-8.34321e-22
-8.28278e-22
-8.25201e-22
-8.25155e-22
-8.27669e-22
-8.32065e-22
-8.37423e-22
-8.4302e-22
-8.48402e-22
-8.53338e-22
-8.57879e-22
-8.62153e-22
-8.66348e-22
-8.70464e-22
-8.74497e-22
-8.78302e-22
-8.81766e-22
-8.84707e-22
-8.87026e-22
-8.88662e-22
-8.89601e-22
-8.89883e-22
-8.89517e-22
-8.88585e-22
-8.8712e-22
-8.85206e-22
-8.82823e-22
-8.80048e-22
-8.76864e-22
-8.73272e-22
-8.69238e-22
-8.64721e-22
-8.59675e-22
-8.54072e-22
-8.47847e-22
-8.40989e-22
-8.33439e-22
-8.25153e-22
-8.16186e-22
-8.06516e-22
-7.96267e-22
-7.85543e-22
-7.74583e-22
-7.63683e-22
-7.53308e-22
-7.44027e-22
-7.36441e-22
-7.31147e-22
-7.28665e-22
-7.29204e-22
-7.32592e-22
-7.38295e-22
-7.45451e-22
-7.53122e-22
-7.6042e-22
-7.66729e-22
-7.71799e-22
-7.75713e-22
-7.78912e-22
-7.81937e-22
-7.85201e-22
-7.88999e-22
-7.9334e-22
-7.98003e-22
-8.02596e-22
-8.06687e-22
-8.09977e-22
-8.12329e-22
-8.13723e-22
-8.14298e-22
-8.14224e-22
-8.13712e-22
-8.13012e-22
-8.12297e-22
-8.11679e-22
-8.11246e-22
-8.11013e-22
-8.10865e-22
-8.10655e-22
-8.10092e-22
-8.08802e-22
-8.06427e-22
-8.02531e-22
-7.96777e-22
-7.89038e-22
-7.79439e-22
-7.68574e-22
-7.57303e-22
-7.46734e-22
-7.37701e-22
-7.30533e-22
-7.24675e-22
-7.19027e-22
-7.12404e-22
-7.04297e-22
-6.9545e-22
-6.87921e-22
-6.84524e-22
-6.87374e-22
-6.96753e-22
-7.10701e-22
-7.26094e-22
-7.39872e-22
-7.5006e-22
-7.55727e-22
-7.56812e-22
-7.53772e-22
-7.47283e-22
-7.38241e-22
-7.27775e-22
-7.17287e-22
-7.08314e-22
-7.02307e-22
-7.00176e-22
-7.02078e-22
-7.07558e-22
-7.15571e-22
-7.24707e-22
-7.3324e-22
-7.39224e-22
-7.40869e-22
-7.36933e-22
-7.27273e-22
-7.1339e-22
-6.98494e-22
-6.86653e-22
-6.81194e-22
-6.83073e-22
-6.90546e-22
-7.0043e-22
-7.0983e-22
-7.17182e-22
-7.22078e-22
-7.24968e-22
-7.26534e-22
-7.2735e-22
-7.27751e-22
-7.27836e-22
-7.27544e-22
-7.26648e-22
-7.24897e-22
-7.2203e-22
-7.17801e-22
-7.12002e-22
-7.04516e-22
-6.95293e-22
-6.84593e-22
-6.72833e-22
-6.60765e-22
-6.49453e-22
-6.40018e-22
-6.33528e-22
-6.3058e-22
-6.31118e-22
-6.34606e-22
-6.40049e-22
-6.46358e-22
-6.52591e-22
-6.58109e-22
-6.62558e-22
-6.65736e-22
-6.67581e-22
-6.68141e-22
-6.67498e-22
-6.6571e-22
-6.62895e-22
-6.59173e-22
-6.54753e-22
-6.49979e-22
-6.45245e-22
-6.41163e-22
-6.38282e-22
-6.37101e-22
-6.37702e-22
-6.39853e-22
-6.42938e-22
-6.46095e-22
-6.48394e-22
-6.4908e-22
-6.47679e-22
-6.44044e-22
-6.38521e-22
-6.31748e-22
-6.24654e-22
-6.18273e-22
-6.13333e-22
-6.10272e-22
-6.09018e-22
-6.09348e-22
-6.10974e-22
-6.13708e-22
-6.17554e-22
-6.22531e-22
-6.28549e-22
-6.35366e-22
-6.42554e-22
-6.49725e-22
-6.5643e-22
-6.62421e-22
-6.67564e-22
-6.71881e-22
-6.75422e-22
-6.78306e-22
-6.80683e-22
-6.82661e-22
-6.8436e-22
-6.85844e-22
-6.87155e-22
-6.88309e-22
-6.89286e-22
-6.90018e-22
-6.90442e-22
-6.90479e-22
-6.89975e-22
-6.88768e-22
-6.86677e-22
-6.83484e-22
-6.78989e-22
-6.72999e-22
-6.6544e-22
-6.56315e-22
-6.45934e-22
-6.34764e-22
-6.23612e-22
-6.13338e-22
-6.04602e-22
-5.97732e-22
-5.92581e-22
-5.88584e-22
-5.84979e-22
-5.81238e-22
-5.7711e-22
-5.72774e-22
-5.68849e-22
-5.66051e-22
-5.65211e-22
-5.66962e-22
-5.71858e-22
-5.80275e-22
-5.92339e-22
-6.07912e-22
-6.26305e-22
-6.46485e-22
-6.67096e-22
-6.86759e-22
-7.04348e-22
-7.19118e-22
-7.30715e-22
-7.39205e-22
-7.44778e-22
-7.47749e-22
-7.48481e-22
-7.47281e-22
-7.44532e-22
-7.40515e-22
-7.35525e-22
-7.29862e-22
-7.23776e-22
-7.17568e-22
-7.11542e-22
-7.06002e-22
-7.01247e-22
-6.97498e-22
-6.9497e-22
-6.93719e-22
-6.93706e-22
-6.94736e-22
-6.96501e-22
-6.9865e-22
-7.00798e-22
-7.02644e-22
-7.0397e-22
-7.04703e-22
-7.04826e-22
-7.04405e-22
-7.03661e-22
-7.02798e-22
-7.02058e-22
-7.01622e-22
-7.01588e-22
-7.01971e-22
-7.02656e-22
-7.0345e-22
-7.04154e-22
-7.04583e-22
-7.04558e-22
-7.04012e-22
-7.0304e-22
-7.01772e-22
-7.00433e-22
-6.99242e-22
-6.98405e-22
-6.9807e-22
-6.98253e-22
-6.98921e-22
-6.99968e-22
-7.01173e-22
-7.02342e-22
-7.03302e-22
-7.0389e-22
-7.0401e-22
-7.03527e-22
-7.02408e-22
-7.00584e-22
-6.97982e-22
-6.94555e-22
-6.90205e-22
-6.84843e-22
-6.78487e-22
-6.71224e-22
-6.63386e-22
-6.55631e-22
-6.4889e-22
-6.44333e-22
-6.43186e-22
-6.46218e-22
-6.5363e-22
-6.64696e-22
-6.78136e-22
-6.92433e-22
-7.06136e-22
-7.18152e-22
-7.27811e-22
-7.34729e-22
-7.38768e-22
-7.39947e-22
-7.38293e-22
-7.33938e-22
-7.26971e-22
-7.17656e-22
-7.06293e-22
-6.93495e-22
-6.80193e-22
-6.67549e-22
-6.5705e-22
-6.50034e-22
-6.47432e-22
-6.49437e-22
-6.55392e-22
-6.64058e-22
-6.73946e-22
-6.83772e-22
-6.92586e-22
-6.9989e-22
-7.05503e-22
-7.09499e-22
-7.12066e-22
-7.13453e-22
-7.13938e-22
-7.13787e-22
-7.13342e-22
-7.12839e-22
-7.12565e-22
-7.12766e-22
-7.13585e-22
-7.15073e-22
-7.17265e-22
-7.201e-22
-7.23388e-22
-7.27055e-22
-7.30893e-22
-7.348e-22
-7.38672e-22
-7.42448e-22
-7.46026e-22
-7.49431e-22
-7.52619e-22
-7.55563e-22
-7.58245e-22
-7.60688e-22
-7.62844e-22
-7.64686e-22
-7.66209e-22
-7.67303e-22
-7.68019e-22
-7.68302e-22
-7.68187e-22
-7.6772e-22
-7.6692e-22
-7.65944e-22
-7.64903e-22
-7.63946e-22
-7.63239e-22
-7.62945e-22
-7.63163e-22
-7.63952e-22
-7.65301e-22
-7.67119e-22
-7.6921e-22
-7.71297e-22
-7.73026e-22
-7.74015e-22
-7.73816e-22
-7.72093e-22
-7.6859e-22
-7.63143e-22
-7.5587e-22
-7.46975e-22
-7.3696e-22
-7.26425e-22
-7.16142e-22
-7.06842e-22
-6.99147e-22
-6.93324e-22
-6.89062e-22
-6.85505e-22
-6.81266e-22
-6.75054e-22
-6.66198e-22
-6.55401e-22
-6.45238e-22
-6.39731e-22
-6.42641e-22
-6.55423e-22
-6.76163e-22
-7.00696e-22
-7.24821e-22
-7.45669e-22
-7.622e-22
-7.74638e-22
-7.83822e-22
-7.90696e-22
-7.95888e-22
-7.99719e-22
-8.0223e-22
-8.03381e-22
-8.03304e-22
-8.02525e-22
-8.01948e-22
-8.02619e-22
-8.05396e-22
-8.10615e-22
-8.17883e-22
-8.26312e-22
-8.34845e-22
-8.42421e-22
-8.48251e-22
-8.51864e-22
-8.52954e-22
-8.5141e-22
-8.4718e-22
-8.40294e-22
-8.30987e-22
-8.19962e-22
-8.08548e-22
-7.98791e-22
-7.93061e-22
-7.93195e-22
-7.99685e-22
-8.11282e-22
-8.25562e-22
-8.39974e-22
-8.526e-22
-8.62442e-22
-8.69312e-22
-8.73511e-22
-8.75545e-22
-8.75991e-22
-8.7531e-22
-8.73744e-22
-8.71267e-22
-8.67581e-22
-8.62094e-22
-8.54015e-22
-8.42648e-22
-8.2776e-22
-8.09989e-22
-7.91285e-22
-7.7486e-22
-7.64509e-22
-7.63027e-22
-7.71165e-22
-7.87433e-22
-8.09056e-22
-8.33055e-22
-8.56968e-22
-8.78932e-22
-8.97862e-22
-9.13051e-22
-9.24277e-22
-9.31634e-22
-9.35376e-22
-9.35941e-22
-9.33778e-22
-9.29398e-22
-9.23295e-22
-9.15993e-22
-9.08096e-22
-9.0015e-22
-8.92844e-22
-8.8676e-22
-8.82452e-22
-8.80208e-22
-8.80059e-22
-8.81647e-22
-8.84381e-22
-8.87516e-22
-8.9041e-22
-8.92485e-22
-8.93444e-22
-8.93198e-22
-8.91881e-22
-8.89826e-22
-8.87473e-22
-8.85173e-22
-8.83315e-22
-8.82183e-22
-8.81867e-22
-8.82402e-22
-8.8372e-22
-8.85781e-22
-8.88444e-22
-8.91555e-22
-8.94951e-22
-8.98456e-22
-9.01856e-22
-9.04997e-22
-9.07658e-22
-9.09754e-22
-9.11162e-22
-9.11897e-22
-9.11949e-22
-9.11374e-22
-9.10193e-22
-9.08462e-22
-9.06109e-22
-9.03133e-22
-8.99329e-22
-8.94561e-22
-8.88716e-22
-8.81654e-22
-8.7356e-22
-8.6476e-22
-8.55857e-22
-8.47592e-22
-8.40703e-22
-8.35674e-22
-8.32656e-22
-8.31281e-22
-8.30933e-22
-8.30933e-22
-8.30602e-22
-8.29558e-22
-8.27634e-22
-8.25078e-22
-8.22383e-22
-8.20305e-22
-8.19619e-22
-8.20869e-22
-8.24237e-22
-8.29414e-22
-8.35724e-22
-8.42414e-22
-8.48831e-22
-8.54554e-22
-8.59349e-22
-8.63227e-22
-8.66347e-22
-8.68891e-22
-8.7108e-22
-8.73084e-22
-8.75028e-22
-8.77001e-22
-8.7897e-22
-8.80798e-22
-8.82323e-22
-8.83245e-22
-8.83253e-22
-8.8196e-22
-8.79102e-22
-8.74498e-22
-8.68207e-22
-8.6053e-22
-8.52067e-22
-8.43659e-22
-8.36191e-22
-8.30378e-22
-8.26612e-22
-8.24979e-22
-8.25276e-22
-8.27274e-22
-8.30787e-22
-8.35582e-22
-8.41397e-22
-8.47897e-22
-8.547e-22
-8.61426e-22
-8.67778e-22
-8.73551e-22
-8.78664e-22
-8.83052e-22
-8.86672e-22
-8.89448e-22
-8.91364e-22
-8.92361e-22
-8.92445e-22
-8.91692e-22
-8.90244e-22
-8.88301e-22
-8.86121e-22
-8.83992e-22
-8.82185e-22
-8.80858e-22
-8.80033e-22
-8.79649e-22
-8.79436e-22
-8.79078e-22
-8.7817e-22
-8.76451e-22
-8.7372e-22
-8.69979e-22
-8.6537e-22
-8.60273e-22
-8.55156e-22
-8.50547e-22
-8.46805e-22
-8.4397e-22
-8.41758e-22
-8.3964e-22
-8.37197e-22
-8.34456e-22
-8.31968e-22
-8.30609e-22
-8.31155e-22
-8.33693e-22
-8.37785e-22
-8.42654e-22
-8.47744e-22
-8.52944e-22
-8.58445e-22
-8.64547e-22
-8.71548e-22
-8.7971e-22
-8.88978e-22
-8.99248e-22
-9.10086e-22
-9.20906e-22
-9.30938e-22
-9.3942e-22
-9.45739e-22
-9.49403e-22
-9.50219e-22
-9.48223e-22
-9.43633e-22
-9.36837e-22
-9.28426e-22
-9.19102e-22
-9.09592e-22
-9.00752e-22
-8.93326e-22
-8.87899e-22
-8.84835e-22
-8.84122e-22
-8.85286e-22
-8.87509e-22
-8.89756e-22
-8.91009e-22
-8.90412e-22
-8.87542e-22
-8.82344e-22
-8.75201e-22
-8.66899e-22
-8.58475e-22
-8.51173e-22
-8.46221e-22
-8.44629e-22
-8.46955e-22
-8.5319e-22
-8.62795e-22
-8.74786e-22
-8.87905e-22
-9.00914e-22
-9.12753e-22
-9.22565e-22
-9.29973e-22
-9.34801e-22
-9.37254e-22
-9.37717e-22
-9.3669e-22
-9.34749e-22
-9.32296e-22
-9.29626e-22
-9.26865e-22
-9.24001e-22
-9.20866e-22
-9.17397e-22
-9.13613e-22
-9.09778e-22
-9.06348e-22
-9.03893e-22
-9.03061e-22
-9.04369e-22
-9.07894e-22
-9.13461e-22
-9.20549e-22
-9.28417e-22
-9.36366e-22
-9.43753e-22
-9.50097e-22
-9.55208e-22
-9.58948e-22
-9.61435e-22
-9.62861e-22
-9.63546e-22
-9.63783e-22
-9.6396e-22
-9.64327e-22
-9.65037e-22
-9.66097e-22
-9.6732e-22
-9.68305e-22
-9.68603e-22
-9.67631e-22
-9.64863e-22
-9.60057e-22
-9.53149e-22
-9.44727e-22
-9.35812e-22
-9.27778e-22
-9.22053e-22
-9.19568e-22
-9.20551e-22
-9.24451e-22
-9.30229e-22
-9.36806e-22
-9.43425e-22
-9.49716e-22
-9.55587e-22
-9.61112e-22
-9.66315e-22
-9.71126e-22
-9.75354e-22
-9.78711e-22
-9.81065e-22
-9.82372e-22
-9.82857e-22
-9.82861e-22
-9.82878e-22
-9.83257e-22
-9.84192e-22
-9.85561e-22
-9.8705e-22
-9.8825e-22
-9.88816e-22
-9.88517e-22
-9.87313e-22
-9.85277e-22
-9.82593e-22
-9.79429e-22
-9.759e-22
-9.72058e-22
-9.67884e-22
-9.63347e-22
-9.58431e-22
-9.53158e-22
-9.47538e-22
-9.41631e-22
-9.35487e-22
-9.29172e-22
-9.22841e-22
-9.16805e-22
-9.11409e-22
-9.072e-22
-9.04709e-22
-9.04438e-22
-9.06653e-22
-9.11449e-22
-9.18505e-22
-9.27262e-22
-9.36847e-22
-9.46077e-22
-9.53538e-22
-9.57581e-22
-9.56554e-22
-9.48927e-22
-9.34101e-22
-9.13293e-22
-8.90484e-22
-8.72205e-22
-8.64881e-22
-8.70996e-22
-8.8738e-22
-9.07577e-22
-9.25737e-22
-9.38718e-22
-9.4597e-22
-9.48495e-22
-9.47786e-22
-9.45276e-22
-9.42053e-22
-9.38807e-22
-9.35776e-22
-9.32948e-22
-9.30047e-22
-9.26724e-22
-9.22629e-22
-9.17446e-22
-9.1104e-22
-9.03347e-22
-8.94577e-22
-8.85142e-22
-8.75823e-22
-8.67811e-22
-8.62347e-22
-8.60359e-22
-8.6203e-22
-8.66529e-22
-8.7234e-22
-8.77873e-22
-8.81972e-22
-8.84303e-22
-8.85149e-22
-8.85111e-22
-8.84691e-22
-8.83995e-22
-8.82737e-22
-8.80555e-22
-8.77195e-22
-8.72683e-22
-8.67346e-22
-8.61717e-22
-8.56322e-22
-8.515e-22
-8.47293e-22
-8.43512e-22
-8.39815e-22
-8.35899e-22
-8.31559e-22
-8.26848e-22
-8.2206e-22
-8.17595e-22
-8.14056e-22
-8.11932e-22
-8.11731e-22
-8.13786e-22
-8.18197e-22
-8.24631e-22
-8.32369e-22
-8.4026e-22
-8.47186e-22
-8.52245e-22
-8.55103e-22
-8.55861e-22
-8.55029e-22
-8.53066e-22
-8.50104e-22
-8.45675e-22
-8.38998e-22
-8.29268e-22
-8.16213e-22
-8.0045e-22
-7.83661e-22
-7.68233e-22
-7.56588e-22
-7.50405e-22
-7.50113e-22
-7.54826e-22
-7.62883e-22
-7.72505e-22
-7.8223e-22
-7.91238e-22
-7.99161e-22
-8.06057e-22
-8.12094e-22
-8.17609e-22
-8.22872e-22
-8.28082e-22
-8.33396e-22
-8.38868e-22
-8.44491e-22
-8.50188e-22
-8.55823e-22
-8.61253e-22
-8.66342e-22
-8.70905e-22
-8.74886e-22
-8.78183e-22
-8.80784e-22
-8.8262e-22
-8.83641e-22
-8.83664e-22
-8.82593e-22
-8.80186e-22
-8.76102e-22
-8.70013e-22
-8.61543e-22
-8.50411e-22
-8.36493e-22
-8.20178e-22
-8.02407e-22
-7.84889e-22
-7.69874e-22
-7.59572e-22
-7.55477e-22
-7.5791e-22
-7.65978e-22
-7.78053e-22
-7.92428e-22
-8.07727e-22
-8.23101e-22
-8.3813e-22
-8.52703e-22
-8.66873e-22
-8.80777e-22
-8.94462e-22
-9.07878e-22
-9.209e-22
-9.3328e-22
-9.44654e-22
-9.54703e-22
-9.62971e-22
-9.69076e-22
-9.72547e-22
-9.72904e-22
-9.69727e-22
-9.62624e-22
-9.51364e-22
-9.36185e-22
-9.17941e-22
-8.98369e-22
-8.79978e-22
-8.65781e-22
-8.58391e-22
-8.5913e-22
-8.67682e-22
-8.82093e-22
-8.99595e-22
-9.17462e-22
-9.33588e-22
-9.46662e-22
-9.56096e-22
-9.61736e-22
-9.6362e-22
-9.6179e-22
-9.56268e-22
-9.46989e-22
-9.33822e-22
-9.16862e-22
-8.96485e-22
-8.73767e-22
-8.50761e-22
-8.30452e-22
-8.1638e-22
-8.11481e-22
-8.1704e-22
-8.32041e-22
-8.53717e-22
-8.78546e-22
-9.03273e-22
-9.25545e-22
-9.43995e-22
-9.58133e-22
-9.68082e-22
-9.74243e-22
-9.77275e-22
-9.77953e-22
-9.7698e-22
-9.74997e-22
-9.72559e-22
-9.70103e-22
-9.67859e-22
-9.66002e-22
-9.64502e-22
-9.63219e-22
-9.62022e-22
-9.60754e-22
-9.59196e-22
-9.57158e-22
-9.54515e-22
-9.51165e-22
-9.47063e-22
-9.42217e-22
-9.36588e-22
-9.30272e-22
-9.23241e-22
-9.15544e-22
-9.07123e-22
-8.97971e-22
-8.88007e-22
-8.77239e-22
-8.65634e-22
-8.53276e-22
-8.40303e-22
-8.2702e-22
-8.13781e-22
-8.01128e-22
-7.89628e-22
-7.79915e-22
-7.72474e-22
-7.67599e-22
-7.65297e-22
-7.65231e-22
-7.6687e-22
-7.69569e-22
-7.72771e-22
-7.76073e-22
-7.79342e-22
-7.82768e-22
-7.8689e-22
-7.92363e-22
-7.99861e-22
-8.09557e-22
-8.21181e-22
-8.33878e-22
-8.46634e-22
-8.58438e-22
-8.68633e-22
-8.76824e-22
-8.82908e-22
-8.87025e-22
-8.89423e-22
-8.90329e-22
-8.89957e-22
-8.88507e-22
-8.86126e-22
-8.8291e-22
-8.78943e-22
-8.74278e-22
-8.68953e-22
-8.63046e-22
-8.56657e-22
-8.4994e-22
-8.43123e-22
-8.36472e-22
-8.30304e-22
-8.24865e-22
-8.20491e-22
-8.17408e-22
-8.15757e-22
-8.15596e-22
-8.16858e-22
-8.19422e-22
-8.22986e-22
-8.27225e-22
-8.31767e-22
-8.36178e-22
-8.40006e-22
-8.42912e-22
-8.44509e-22
-8.44468e-22
-8.42404e-22
