2.92945e-21
2.92945e-21
2.92945e-21
2.92945e-21
2.92945e-21
2.92945e-21
2.92945e-21
2.92944e-21
2.92944e-21
2.92944e-21
2.92944e-21
2.92944e-21
2.92944e-21
2.92943e-21
2.92943e-21
2.9294e-21
2.92938e-21
2.92933e-21
2.9293e-21
2.92925e-21
2.92922e-21
2.92918e-21
2.92912e-21
2.92907e-21
2.92901e-21
2.92899e-21
2.92896e-21
2.92893e-21
2.92889e-21
2.92884e-21
2.92879e-21
2.92875e-21
2.92872e-21
2.92868e-21
2.92865e-21
2.9286e-21
2.92856e-21
2.92852e-21
2.92849e-21
2.92847e-21
2.92846e-21
2.92843e-21
2.9284e-21
2.92838e-21
2.92837e-21
2.92836e-21
2.92832e-21
2.92831e-21
2.92827e-21
2.92825e-21
2.92825e-21
2.92823e-21
2.92821e-21
2.92818e-21
2.92818e-21
2.92816e-21
2.92814e-21
2.92812e-21
2.92811e-21
2.92809e-21
2.92808e-21
2.92809e-21
2.92807e-21
2.92806e-21
2.92804e-21
2.92801e-21
2.92799e-21
2.92798e-21
2.92796e-21
2.92794e-21
2.92793e-21
2.92793e-21
2.92791e-21
2.92789e-21
2.92788e-21
2.92785e-21
2.92785e-21
2.92782e-21
2.9278e-21
2.92779e-21
2.92777e-21
2.92776e-21
2.92775e-21
2.92773e-21
2.92771e-21
2.9277e-21
2.92768e-21
2.92768e-21
2.92767e-21
2.92764e-21
2.92763e-21
2.9276e-21
2.92757e-21
2.92756e-21
2.92753e-21
2.92752e-21
2.92751e-21
2.9275e-21
2.9275e-21
2.9275e-21
2.92749e-21
2.92749e-21
2.92749e-21
2.9275e-21
2.92752e-21
2.92754e-21
2.92758e-21
2.92759e-21
2.92764e-21
2.92769e-21
2.92774e-21
2.92778e-21
2.92783e-21
2.92789e-21
2.92795e-21
2.92803e-21
2.92814e-21
2.92829e-21
2.92847e-21
2.92865e-21
2.92879e-21
2.92883e-21
2.92876e-21
2.92852e-21
2.92815e-21
2.92768e-21
2.9272e-21
2.9268e-21
2.92655e-21
2.92647e-21
2.92653e-21
2.92674e-21
2.927e-21
2.92725e-21
2.92743e-21
2.92755e-21
2.92766e-21
2.92779e-21
2.92799e-21
2.92823e-21
2.92849e-21
2.92869e-21
2.92877e-21
2.92871e-21
2.92853e-21
2.92827e-21
2.92795e-21
2.92762e-21
2.92731e-21
2.92703e-21
2.92681e-21
2.92665e-21
2.92656e-21
2.92652e-21
2.92654e-21
2.9266e-21
2.92672e-21
2.92688e-21
2.92706e-21
2.92728e-21
2.92751e-21
2.92773e-21
2.92794e-21
2.92813e-21
2.9283e-21
2.92843e-21
2.9285e-21
2.92856e-21
2.92857e-21
2.92853e-21
2.92847e-21
2.92841e-21
2.92832e-21
2.92819e-21
2.92801e-21
2.92777e-21
2.92752e-21
2.9273e-21
2.92715e-21
2.92709e-21
2.92712e-21
2.92725e-21
2.92742e-21
2.92759e-21
2.92777e-21
2.92792e-21
2.92804e-21
2.92811e-21
2.92814e-21
2.92813e-21
2.92809e-21
2.928e-21
2.92789e-21
2.92776e-21
2.92764e-21
2.92754e-21
2.92745e-21
2.9274e-21
2.92737e-21
2.92739e-21
2.92743e-21
2.92747e-21
2.92753e-21
2.92761e-21
2.92769e-21
2.92776e-21
2.92783e-21
2.92791e-21
2.92797e-21
2.92804e-21
2.92812e-21
2.9282e-21
2.92832e-21
2.92842e-21
2.9285e-21
2.92855e-21
2.92853e-21
2.92844e-21
2.92826e-21
2.92803e-21
2.9278e-21
2.92758e-21
2.92743e-21
2.92738e-21
2.92743e-21
2.92755e-21
2.92775e-21
2.92795e-21
2.92812e-21
2.92819e-21
2.9281e-21
2.92785e-21
2.92751e-21
2.92718e-21
2.92696e-21
2.92691e-21
2.927e-21
2.9272e-21
2.92748e-21
2.92776e-21
2.928e-21
2.92818e-21
2.92827e-21
2.92821e-21
2.92804e-21
2.9278e-21
2.92754e-21
2.92737e-21
2.92733e-21
2.92741e-21
2.49451e-21
2.49473e-21
2.49495e-21
2.4951e-21
2.49516e-21
2.49513e-21
2.49501e-21
2.49485e-21
2.49468e-21
2.49454e-21
2.49443e-21
2.49436e-21
2.49433e-21
2.49431e-21
2.49432e-21
2.49434e-21
2.4944e-21
2.49447e-21
2.49453e-21
2.49458e-21
2.49463e-21
2.49465e-21
2.49468e-21
2.49468e-21
2.4947e-21
2.4947e-21
2.49473e-21
2.49478e-21
2.49485e-21
2.49493e-21
2.49507e-21
2.49519e-21
2.49532e-21
2.4954e-21
2.49545e-21
2.49542e-21
2.49534e-21
2.49518e-21
2.49496e-21
2.49472e-21
2.49449e-21
2.49431e-21
2.4942e-21
2.49414e-21
2.49413e-21
2.49418e-21
2.49424e-21
2.4943e-21
2.49436e-21
2.49442e-21
2.49448e-21
2.49452e-21
2.49454e-21
2.49455e-21
2.49457e-21
2.49457e-21
2.49456e-21
2.49455e-21
2.49454e-21
2.49453e-21
2.49454e-21
2.49456e-21
2.4946e-21
2.49467e-21
2.49475e-21
2.49488e-21
2.49502e-21
2.4952e-21
2.49536e-21
2.49551e-21
2.49563e-21
2.49563e-21
2.49554e-21
2.49534e-21
2.49504e-21
2.49471e-21
2.4944e-21
2.49412e-21
2.49388e-21
2.49376e-21
2.49375e-21
2.49387e-21
2.49408e-21
2.49436e-21
2.4947e-21
2.49508e-21
2.49548e-21
2.49584e-21
2.49618e-21
2.49643e-21
2.49661e-21
2.49665e-21
2.49654e-21
2.49626e-21
2.49581e-21
2.49523e-21
2.49463e-21
2.49405e-21
2.49362e-21
2.49337e-21
2.4933e-21
2.49335e-21
2.49348e-21
2.49364e-21
2.49384e-21
2.49402e-21
2.4942e-21
2.49435e-21
2.4945e-21
2.49464e-21
2.49479e-21
2.4949e-21
2.49498e-21
2.49503e-21
2.49509e-21
2.49512e-21
2.49514e-21
2.49512e-21
2.4951e-21
2.49505e-21
2.495e-21
2.49492e-21
2.49484e-21
2.49476e-21
2.4947e-21
2.49465e-21
2.49462e-21
2.49459e-21
2.49457e-21
2.49457e-21
2.49458e-21
2.4946e-21
2.49461e-21
2.49462e-21
2.49464e-21
2.49465e-21
2.49469e-21
2.49472e-21
2.49474e-21
2.49478e-21
2.49482e-21
2.49487e-21
2.49494e-21
2.49502e-21
2.49509e-21
2.49518e-21
2.49529e-21
2.4954e-21
2.49552e-21
2.49568e-21
2.49586e-21
2.49604e-21
2.49623e-21
2.49641e-21
2.4965e-21
2.4964e-21
2.49596e-21
2.49519e-21
2.49425e-21
2.49345e-21
2.49304e-21
2.49304e-21
2.49334e-21
2.49378e-21
2.49426e-21
2.49471e-21
2.49508e-21
2.49536e-21
2.49555e-21
2.49561e-21
2.49553e-21
2.49532e-21
2.49503e-21
2.4947e-21
2.49442e-21
2.49424e-21
2.49415e-21
2.4942e-21
2.4943e-21
2.49443e-21
2.49454e-21
2.49466e-21
2.49477e-21
2.49484e-21
2.4949e-21
2.49498e-21
2.49506e-21
2.49519e-21
2.49538e-21
2.49563e-21
2.49594e-21
2.49625e-21
2.49649e-21
2.49657e-21
2.49636e-21
2.49584e-21
2.4951e-21
2.49436e-21
2.4938e-21
2.49354e-21
2.49355e-21
2.49374e-21
2.49404e-21
2.49437e-21
2.49467e-21
2.49492e-21
2.4951e-21
2.49523e-21
2.49527e-21
2.49521e-21
2.49508e-21
2.49487e-21
2.49466e-21
2.49449e-21
2.49437e-21
2.49432e-21
2.49436e-21
2.49444e-21
2.49456e-21
2.49468e-21
2.49478e-21
2.49485e-21
2.49492e-21
2.49496e-21
2.49497e-21
2.49499e-21
2.49498e-21
2.49497e-21
2.49496e-21
2.49496e-21
2.49495e-21
2.49497e-21
2.495e-21
2.49506e-21
2.49515e-21
2.49524e-21
2.49534e-21
2.49542e-21
2.4955e-21
2.49553e-21
2.4955e-21
2.4954e-21
2.49523e-21
2.49502e-21
2.49485e-21
2.49473e-21
2.49465e-21
2.49463e-21
2.49464e-21
2.4947e-21
2.44766e-21
2.4477e-21
2.44773e-21
2.44773e-21
2.44769e-21
2.44761e-21
2.44753e-21
2.44746e-21
2.44744e-21
2.44747e-21
2.44752e-21
2.4476e-21
2.44766e-21
2.44773e-21
2.44777e-21
2.44784e-21
2.4479e-21
2.44795e-21
2.44801e-21
2.44805e-21
2.44807e-21
2.44806e-21
2.448e-21
2.44788e-21
2.44772e-21
2.44754e-21
2.44741e-21
2.44729e-21
2.44724e-21
2.44724e-21
2.44729e-21
2.44737e-21
2.44745e-21
2.44752e-21
2.4476e-21
2.44765e-21
2.44768e-21
2.44772e-21
2.44775e-21
2.44777e-21
2.44779e-21
2.44779e-21
2.44779e-21
2.44781e-21
2.44782e-21
2.44783e-21
2.44781e-21
2.44782e-21
2.44781e-21
2.44779e-21
2.44778e-21
2.44776e-21
2.44776e-21
2.44776e-21
2.44776e-21
2.44776e-21
2.44777e-21
2.44777e-21
2.44778e-21
2.44774e-21
2.4477e-21
2.44766e-21
2.44765e-21
2.44763e-21
2.44762e-21
2.44762e-21
2.44761e-21
2.44761e-21
2.44762e-21
2.44762e-21
2.44762e-21
2.44762e-21
2.44766e-21
2.44768e-21
2.44773e-21
2.44779e-21
2.44787e-21
2.44796e-21
2.44801e-21
2.44806e-21
2.44805e-21
2.44799e-21
2.4479e-21
2.44775e-21
2.44759e-21
2.44742e-21
2.44726e-21
2.44714e-21
2.44703e-21
2.44696e-21
2.44693e-21
2.4469e-21
2.44692e-21
2.44695e-21
2.44701e-21
2.44709e-21
2.44716e-21
2.44721e-21
2.44727e-21
2.44731e-21
2.44736e-21
2.44739e-21
2.44743e-21
2.44745e-21
2.44748e-21
2.4475e-21
2.44752e-21
2.44755e-21
2.44756e-21
2.44758e-21
2.44759e-21
2.44762e-21
2.44764e-21
2.44767e-21
2.44771e-21
2.44777e-21
2.44784e-21
2.44794e-21
2.44805e-21
2.4482e-21
2.44836e-21
2.44854e-21
2.44867e-21
2.44875e-21
2.44869e-21
2.44853e-21
2.44829e-21
2.44804e-21
2.44787e-21
2.44781e-21
2.44786e-21
2.44787e-21
2.44776e-21
2.44749e-21
2.4471e-21
2.44673e-21
2.44648e-21
2.44641e-21
2.44645e-21
2.44657e-21
2.44669e-21
2.44679e-21
2.44684e-21
2.44687e-21
2.44688e-21
2.44688e-21
2.44693e-21
2.44699e-21
2.44707e-21
2.44717e-21
2.44725e-21
2.44734e-21
2.4474e-21
2.44746e-21
2.44751e-21
2.44759e-21
2.44765e-21
2.44771e-21
2.44777e-21
2.44782e-21
2.44788e-21
2.44794e-21
2.44797e-21
2.44803e-21
2.44809e-21
2.44813e-21
2.44813e-21
2.44811e-21
2.44806e-21
2.44799e-21
2.44791e-21
2.44784e-21
2.44778e-21
2.44778e-21
2.44782e-21
2.44789e-21
2.448e-21
2.44815e-21
2.44834e-21
2.44852e-21
2.44864e-21
2.4486e-21
2.44828e-21
2.44769e-21
2.44693e-21
2.44626e-21
2.44588e-21
2.44585e-21
2.44606e-21
2.44642e-21
2.44679e-21
2.44713e-21
2.44743e-21
2.44766e-21
2.44781e-21
2.44788e-21
2.44788e-21
2.44781e-21
2.44771e-21
2.44759e-21
2.4475e-21
2.44743e-21
2.44741e-21
2.44744e-21
2.44747e-21
2.44751e-21
2.44757e-21
2.44761e-21
2.44765e-21
2.44769e-21
2.44772e-21
2.44775e-21
2.4478e-21
2.44786e-21
2.44791e-21
2.44796e-21
2.44799e-21
2.44801e-21
2.44799e-21
2.44793e-21
2.44783e-21
2.4477e-21
2.44754e-21
2.44741e-21
2.44729e-21
2.44723e-21
2.44721e-21
2.44722e-21
2.44727e-21
2.44737e-21
2.44746e-21
2.44757e-21
2.44768e-21
2.44779e-21
2.44787e-21
2.44792e-21
2.44795e-21
2.44796e-21
2.44791e-21
2.44786e-21
2.44779e-21
2.4477e-21
2.44763e-21
2.44755e-21
2.44751e-21
2.44749e-21
2.44751e-21
2.44761e-21
2.44775e-21
2.44796e-21
2.52075e-21
2.52108e-21
2.52141e-21
2.52163e-21
2.52164e-21
2.52137e-21
2.52084e-21
2.52021e-21
2.51969e-21
2.51942e-21
2.51939e-21
2.51952e-21
2.51971e-21
2.51988e-21
2.52e-21
2.52004e-21
2.52005e-21
2.52005e-21
2.52004e-21
2.52004e-21
2.52004e-21
2.52005e-21
2.52008e-21
2.5201e-21
2.52012e-21
2.52016e-21
2.52022e-21
2.52025e-21
2.52027e-21
2.52029e-21
2.52029e-21
2.5203e-21
2.52028e-21
2.52027e-21
2.52024e-21
2.52021e-21
2.52016e-21
2.52011e-21
2.52007e-21
2.52005e-21
2.52004e-21
2.52004e-21
2.52007e-21
2.52012e-21
2.5202e-21
2.5203e-21
2.52038e-21
2.52043e-21
2.52046e-21
2.52041e-21
2.5203e-21
2.52012e-21
2.51995e-21
2.51984e-21
2.51983e-21
2.51995e-21
2.5202e-21
2.52055e-21
2.52096e-21
2.52135e-21
2.52158e-21
2.5215e-21
2.52105e-21
2.52032e-21
2.51957e-21
2.51907e-21
2.51892e-21
2.51906e-21
2.51937e-21
2.5197e-21
2.52001e-21
2.52023e-21
2.52037e-21
2.52043e-21
2.52041e-21
2.52035e-21
2.52025e-21
2.52015e-21
2.52005e-21
2.51995e-21
2.51988e-21
2.51986e-21
2.51986e-21
2.51989e-21
2.51993e-21
2.51996e-21
2.52e-21
2.52001e-21
2.52002e-21
2.52002e-21
2.51998e-21
2.51996e-21
2.51993e-21
2.5199e-21
2.51989e-21
2.5199e-21
2.51989e-21
2.51989e-21
2.5199e-21
2.51993e-21
2.51996e-21
2.52001e-21
2.52007e-21
2.52014e-21
2.52025e-21
2.52036e-21
2.52051e-21
2.52067e-21
2.52088e-21
2.52112e-21
2.5214e-21
2.52169e-21
2.52191e-21
2.52202e-21
2.52191e-21
2.52156e-21
2.52101e-21
2.52032e-21
2.51963e-21
2.51902e-21
2.51854e-21
2.5182e-21
2.51805e-21
2.51806e-21
2.51821e-21
2.51845e-21
2.51873e-21
2.51903e-21
2.51929e-21
2.51952e-21
2.5197e-21
2.51984e-21
2.51994e-21
2.52e-21
2.52003e-21
2.52003e-21
2.52003e-21
2.52001e-21
2.52e-21
2.51998e-21
2.51996e-21
2.51996e-21
2.51998e-21
2.52002e-21
2.52009e-21
2.52018e-21
2.52031e-21
2.52045e-21
2.52062e-21
2.52077e-21
2.52089e-21
2.52091e-21
2.52085e-21
2.52069e-21
2.52048e-21
2.52026e-21
2.52013e-21
2.52006e-21
2.52011e-21
2.52017e-21
2.52026e-21
2.52032e-21
2.52035e-21
2.52034e-21
2.52031e-21
2.52024e-21
2.52017e-21
2.52014e-21
2.52014e-21
2.52015e-21
2.5202e-21
2.52027e-21
2.52034e-21
2.52039e-21
2.52038e-21
2.5203e-21
2.52012e-21
2.51989e-21
2.51965e-21
2.51943e-21
2.51926e-21
2.5192e-21
2.51921e-21
2.51931e-21
2.51944e-21
2.51959e-21
2.51974e-21
2.51988e-21
2.52e-21
2.52012e-21
2.52021e-21
2.52029e-21
2.52034e-21
2.52036e-21
2.52037e-21
2.52036e-21
2.52033e-21
2.52031e-21
2.5203e-21
2.52026e-21
2.52024e-21
2.52026e-21
2.52033e-21
2.52046e-21
2.52065e-21
2.52087e-21
2.52112e-21
2.52129e-21
2.52132e-21
2.52112e-21
2.52066e-21
2.52006e-21
2.51947e-21
2.51909e-21
2.51896e-21
2.51904e-21
2.51925e-21
2.5195e-21
2.51974e-21
2.51997e-21
2.52015e-21
2.52033e-21
2.52048e-21
2.5206e-21
2.52068e-21
2.5207e-21
2.52067e-21
2.52059e-21
2.52046e-21
2.52032e-21
2.52019e-21
2.52009e-21
2.52003e-21
2.52e-21
2.52e-21
2.51999e-21
2.51999e-21
2.51997e-21
2.51994e-21
2.51991e-21
2.51986e-21
2.51983e-21
2.5198e-21
2.51977e-21
2.51974e-21
2.51975e-21
2.51975e-21
2.51977e-21
2.5198e-21
2.51985e-21
2.5199e-21
2.51993e-21
2.51996e-21
2.51998e-21
2.52001e-21
2.52004e-21
2.52008e-21
2.5201e-21
2.52014e-21
2.52017e-21
2.52022e-21
2.52027e-21
2.52034e-21
2.52042e-21
2.52049e-21
2.52056e-21
2.52062e-21
2.52067e-21
2.52067e-21
2.52066e-21
2.52058e-21
2.52047e-21
2.52034e-21
2.5202e-21
2.52011e-21
2.52004e-21
2.52006e-21
2.52016e-21
2.52033e-21
2.52059e-21
2.5209e-21
2.5212e-21
2.52142e-21
2.52142e-21
2.52115e-21
2.52057e-21
2.51984e-21
2.51922e-21
2.51883e-21
2.51872e-21
2.51883e-21
2.51904e-21
2.51927e-21
2.51949e-21
2.51967e-21
2.51981e-21
2.51993e-21
2.52e-21
2.52005e-21
2.52011e-21
2.52015e-21
2.52019e-21
2.52022e-21
2.52024e-21
2.52026e-21
2.5203e-21
2.52031e-21
2.52033e-21
2.52036e-21
2.52038e-21
2.52041e-21
2.52044e-21
2.52044e-21
2.52046e-21
2.52047e-21
2.52046e-21
2.52044e-21
2.52041e-21
2.52037e-21
2.52034e-21
2.52029e-21
2.52026e-21
2.52025e-21
2.52023e-21
2.52022e-21
2.5202e-21
2.52021e-21
2.52023e-21
2.52024e-21
2.52022e-21
2.5202e-21
2.52018e-21
2.52018e-21
2.52015e-21
2.52013e-21
2.52011e-21
2.52011e-21
2.52011e-21
2.52015e-21
2.5202e-21
2.52023e-21
2.52027e-21
2.52032e-21
2.52035e-21
2.52036e-21
2.52037e-21
2.52034e-21
2.52029e-21
2.52022e-21
2.52013e-21
2.52006e-21
2.52003e-21
2.52e-21
2.52002e-21
2.52007e-21
2.52017e-21
2.52031e-21
2.52045e-21
2.52057e-21
2.52066e-21
2.52074e-21
2.52078e-21
2.52075e-21
2.52068e-21
2.52058e-21
2.52048e-21
2.5204e-21
2.52034e-21
2.52031e-21
2.52031e-21
2.52034e-21
2.52039e-21
2.52043e-21
2.52044e-21
2.52038e-21
2.52024e-21
2.52006e-21
2.51987e-21
2.5197e-21
2.5196e-21
2.51959e-21
2.51964e-21
2.51972e-21
2.51983e-21
2.51994e-21
2.52003e-21
2.5201e-21
2.52014e-21
2.52016e-21
2.52017e-21
2.52018e-21
2.52019e-21
2.52021e-21
2.52024e-21
2.52027e-21
2.52031e-21
2.52039e-21
2.52045e-21
2.52051e-21
2.52058e-21
2.52061e-21
2.52062e-21
2.5206e-21
2.52056e-21
2.52051e-21
2.52045e-21
2.52039e-21
2.52034e-21
2.52029e-21
2.52024e-21
2.52017e-21
2.5201e-21
2.51998e-21
2.51984e-21
2.51971e-21
2.51958e-21
2.51948e-21
2.51942e-21
2.5194e-21
2.51943e-21
2.51949e-21
2.51958e-21
2.51968e-21
2.5198e-21
2.51992e-21
2.52003e-21
2.52015e-21
2.52027e-21
2.52038e-21
2.52049e-21
2.52059e-21
2.52064e-21
2.5207e-21
2.52073e-21
2.52073e-21
2.52072e-21
2.5207e-21
2.52066e-21
2.52063e-21
2.52059e-21
2.52053e-21
2.52045e-21
2.52036e-21
2.52026e-21
2.52014e-21
2.52e-21
2.51985e-21
2.51972e-21
2.5196e-21
2.51952e-21
2.51954e-21
2.51963e-21
2.51979e-21
2.51997e-21
2.52012e-21
2.52019e-21
2.52018e-21
2.52011e-21
2.52001e-21
2.51993e-21
2.51989e-21
2.51989e-21
2.5199e-21
2.51992e-21
2.51995e-21
2.51997e-21
2.52001e-21
2.52005e-21
2.52012e-21
2.52021e-21
2.52032e-21
2.5204e-21
2.52044e-21
2.5204e-21
2.52028e-21
2.52008e-21
2.51985e-21
2.51961e-21
2.51943e-21
2.51934e-21
2.51932e-21
2.51937e-21
2.51946e-21
2.51958e-21
2.51971e-21
2.5198e-21
2.5199e-21
2.51998e-21
2.52006e-21
2.52013e-21
2.5202e-21
2.52027e-21
2.52036e-21
2.52046e-21
2.52058e-21
2.52071e-21
2.52083e-21
2.52094e-21
2.52102e-21
2.52103e-21
2.52098e-21
2.52091e-21
2.52083e-21
2.5208e-21
2.52084e-21
2.52094e-21
2.52106e-21
2.52117e-21
2.5212e-21
2.52111e-21
2.52084e-21
2.52044e-21
2.52e-21
2.51962e-21
2.51938e-21
2.51934e-21
2.51941e-21
2.51958e-21
2.51977e-21
2.51992e-21
2.52006e-21
2.52012e-21
2.52014e-21
2.52012e-21
2.52008e-21
2.52006e-21
2.52006e-21
2.52005e-21
2.52005e-21
2.52008e-21
2.5201e-21
2.52017e-21
2.52023e-21
2.52028e-21
2.52032e-21
2.52035e-21
2.5204e-21
2.52044e-21
2.52048e-21
2.52051e-21
2.52055e-21
2.5206e-21
2.52065e-21
2.52071e-21
2.52078e-21
2.52084e-21
2.52089e-21
2.52093e-21
2.52095e-21
2.52093e-21
2.52087e-21
2.52078e-21
2.52067e-21
2.52052e-21
2.52035e-21
2.52017e-21
2.52003e-21
2.51993e-21
2.51986e-21
2.51985e-21
2.51989e-21
2.51999e-21
2.52013e-21
2.52031e-21
2.52049e-21
2.52067e-21
2.5208e-21
2.5209e-21
2.52091e-21
2.52079e-21
2.52056e-21
2.52026e-21
2.51996e-21
2.51973e-21
2.51961e-21
2.51958e-21
2.51965e-21
2.5198e-21
2.51995e-21
2.52011e-21
2.52024e-21
2.52034e-21
2.52043e-21
2.52048e-21
2.5205e-21
2.5205e-21
2.52048e-21
2.52043e-21
2.52039e-21
2.52035e-21
2.52032e-21
2.5203e-21
2.52029e-21
2.52031e-21
2.52032e-21
2.52033e-21
2.52032e-21
2.5203e-21
2.52025e-21
2.5202e-21
2.52015e-21
2.52008e-21
2.52002e-21
2.51999e-21
2.51997e-21
2.51995e-21
2.51993e-21
2.51991e-21
2.51988e-21
2.51984e-21
2.51985e-21
2.51984e-21
2.51988e-21
2.51995e-21
2.52e-21
2.52008e-21
2.52016e-21
2.52027e-21
2.52038e-21
2.52047e-21
2.52057e-21
2.52063e-21
2.52065e-21
2.52064e-21
2.52061e-21
2.52053e-21
2.52042e-21
2.5203e-21
2.5202e-21
2.52008e-21
2.52001e-21
2.51996e-21
2.51995e-21
2.51995e-21
2.51997e-21
2.52001e-21
2.52008e-21
2.52014e-21
2.5202e-21
2.52022e-21
2.52021e-21
2.5202e-21
2.52016e-21
2.52008e-21
2.52002e-21
2.51999e-21
2.52e-21
2.52005e-21
2.52012e-21
2.52022e-21
2.52031e-21
2.5204e-21
2.52045e-21
2.52045e-21
2.52041e-21
2.52034e-21
2.52028e-21
2.52022e-21
2.52015e-21
2.52011e-21
2.52013e-21
2.52016e-21
2.52023e-21
2.52032e-21
2.52042e-21
2.52049e-21
2.52053e-21
2.52054e-21
2.52049e-21
2.52039e-21
2.52028e-21
2.52016e-21
2.52007e-21
2.51997e-21
2.51989e-21
2.51983e-21
2.51978e-21
2.51972e-21
2.51968e-21
2.51967e-21
2.51969e-21
2.51972e-21
2.51978e-21
2.51983e-21
2.51989e-21
2.51996e-21
2.52003e-21
2.5201e-21
2.52018e-21
2.52026e-21
2.52033e-21
2.52037e-21
2.52044e-21
2.52049e-21
2.52053e-21
2.52055e-21
2.52055e-21
2.52054e-21
2.5205e-21
2.52044e-21
2.52035e-21
2.52024e-21
2.52012e-21
2.52e-21
2.51989e-21
2.5198e-21
2.51972e-21
2.51968e-21
2.51967e-21
2.51972e-21
2.51979e-21
2.5199e-21
2.52003e-21
2.52021e-21
2.52043e-21
2.52065e-21
2.52093e-21
2.5212e-21
2.52141e-21
2.52147e-21
2.52135e-21
2.52101e-21
2.52053e-21
2.52007e-21
2.51972e-21
2.51953e-21
2.51949e-21
2.51953e-21
2.51961e-21
2.51968e-21
2.51972e-21
2.51974e-21
2.51974e-21
2.51974e-21
2.51974e-21
2.51973e-21
2.51974e-21
2.51975e-21
2.51977e-21
2.51982e-21
2.51988e-21
2.51997e-21
2.52005e-21
2.5201e-21
2.52016e-21
2.5202e-21
2.52022e-21
2.52023e-21
2.52024e-21
2.52029e-21
2.52034e-21
2.5204e-21
2.52044e-21
2.52046e-21
2.52041e-21
2.52028e-21
2.52015e-21
2.52007e-21
2.52004e-21
2.52008e-21
2.5202e-21
2.52031e-21
2.52034e-21
2.52027e-21
2.5201e-21
2.5199e-21
2.51972e-21
2.51964e-21
2.51963e-21
2.51969e-21
2.5198e-21
2.5199e-21
2.51998e-21
2.52002e-21
2.52004e-21
2.52002e-21
2.51998e-21
2.51993e-21
2.51988e-21
2.51982e-21
2.51979e-21
2.51978e-21
2.51982e-21
2.51991e-21
2.52003e-21
2.52018e-21
2.52036e-21
2.52053e-21
2.52069e-21
2.52076e-21
2.52075e-21
2.52063e-21
2.52042e-21
2.52014e-21
2.51984e-21
2.51954e-21
2.51928e-21
2.5191e-21
2.519e-21
2.51899e-21
2.51907e-21
2.51921e-21
2.51939e-21
2.51959e-21
2.51984e-21
2.52009e-21
2.52036e-21
2.52066e-21
2.52094e-21
2.52119e-21
2.52137e-21
2.52148e-21
2.52148e-21
2.52141e-21
2.5213e-21
2.52123e-21
2.52124e-21
2.5213e-21
2.52136e-21
2.52136e-21
2.52125e-21
2.52101e-21
2.52062e-21
2.52015e-21
2.51963e-21
2.51918e-21
2.51882e-21
2.5186e-21
2.51855e-21
2.51863e-21
2.51881e-21
2.51907e-21
2.51937e-21
2.5197e-21
2.52003e-21
2.5204e-21
2.52079e-21
2.52125e-21
2.52168e-21
2.52205e-21
2.52218e-21
2.52199e-21
2.52149e-21
2.52082e-21
2.52025e-21
2.51988e-21
2.51976e-21
2.51979e-21
2.51989e-21
2.52e-21
2.5201e-21
2.52017e-21
2.52021e-21
2.52021e-21
2.52017e-21
2.52012e-21
2.52005e-21
2.51999e-21
2.51988e-21
2.51973e-21
2.51953e-21
2.51932e-21
2.51914e-21
2.51906e-21
2.51907e-21
2.51919e-21
2.51937e-21
2.51956e-21
2.51973e-21
2.51989e-21
2.52002e-21
2.52013e-21
2.52021e-21
2.52026e-21
2.5203e-21
2.52033e-21
2.52035e-21
2.52035e-21
2.52036e-21
2.52036e-21
2.52036e-21
2.52034e-21
2.5203e-21
2.52026e-21
2.52023e-21
2.5202e-21
2.52018e-21
2.52016e-21
2.52015e-21
2.52014e-21
2.52013e-21
2.52014e-21
2.52014e-21
2.52015e-21
2.52017e-21
2.52016e-21
2.52015e-21
2.52012e-21
2.52011e-21
2.52008e-21
2.52005e-21
2.52003e-21
2.51999e-21
2.51997e-21
2.51995e-21
2.51993e-21
2.51993e-21
2.51991e-21
2.51991e-21
2.51992e-21
2.51995e-21
2.52e-21
2.52002e-21
2.52005e-21
2.52008e-21
2.5201e-21
2.52013e-21
2.52017e-21
2.5202e-21
2.52021e-21
2.52021e-21
2.5202e-21
2.52018e-21
2.52016e-21
2.52013e-21
2.52009e-21
2.52005e-21
2.51999e-21
2.51992e-21
2.51986e-21
2.5198e-21
2.51975e-21
2.51971e-21
2.51969e-21
2.51968e-21
2.51967e-21
2.51968e-21
2.51967e-21
2.51967e-21
2.51968e-21
2.51969e-21
2.51972e-21
2.51974e-21
2.51975e-21
2.51977e-21
2.51978e-21
2.51981e-21
2.51985e-21
2.51989e-21
2.51992e-21
2.51999e-21
2.52009e-21
2.5202e-21
2.52032e-21
2.52046e-21
2.5206e-21
2.52076e-21
2.52088e-21
2.52098e-21
2.521e-21
2.52096e-21
2.52084e-21
2.52064e-21
2.52038e-21
2.5201e-21
2.51976e-21
2.51945e-21
2.51918e-21
2.51897e-21
2.51891e-21
2.51891e-21
2.51899e-21
2.51908e-21
2.51923e-21
2.51938e-21
2.51949e-21
2.51961e-21
2.51969e-21
2.51977e-21
2.51982e-21
2.51986e-21
2.5199e-21
2.51992e-21
2.51995e-21
2.51996e-21
2.51999e-21
2.52002e-21
2.52006e-21
2.52011e-21
2.52015e-21
2.52021e-21
2.52025e-21
2.52029e-21
2.52032e-21
2.52033e-21
2.52032e-21
2.52028e-21
2.52022e-21
2.52016e-21
2.52007e-21
2.51998e-21
2.51987e-21
2.51975e-21
2.51965e-21
2.51958e-21
2.51955e-21
2.51958e-21
2.51963e-21
2.5197e-21
2.51976e-21
2.51979e-21
2.51976e-21
2.51967e-21
2.51952e-21
2.51937e-21
2.51922e-21
2.51912e-21
2.51908e-21
2.51909e-21
2.51915e-21
2.51923e-21
2.51933e-21
2.51943e-21
2.5195e-21
2.51958e-21
2.51963e-21
2.51968e-21
2.51971e-21
2.51972e-21
2.51975e-21
2.51977e-21
2.51978e-21
2.51982e-21
2.51983e-21
2.51985e-21
2.51985e-21
2.51985e-21
2.51986e-21
2.51984e-21
2.51985e-21
2.51985e-21
2.51986e-21
2.51985e-21
2.51985e-21
2.51985e-21
2.51987e-21
2.51989e-21
2.51995e-21
2.52002e-21
2.52009e-21
2.52017e-21
2.52027e-21
2.52038e-21
2.52045e-21
2.52052e-21
2.52055e-21
2.52054e-21
2.52046e-21
2.5203e-21
2.52008e-21
2.51981e-21
2.51953e-21
2.51926e-21
2.51907e-21
2.51893e-21
2.51887e-21
2.51885e-21
2.51888e-21
2.51897e-21
2.51908e-21
2.51922e-21
2.51938e-21
2.51951e-21
2.51963e-21
2.51973e-21
2.51981e-21
2.51987e-21
2.51996e-21
2.52004e-21
2.52014e-21
2.52031e-21
2.52048e-21
2.52062e-21
2.52072e-21
2.52073e-21
2.52061e-21
2.52038e-21
2.5201e-21
2.51986e-21
2.51974e-21
2.51973e-21
2.51983e-21
2.51993e-21
2.51999e-21
2.51999e-21
2.51993e-21
2.51984e-21
2.51975e-21
2.51971e-21
2.51967e-21
2.51957e-21
2.51942e-21
2.51923e-21
2.51907e-21
2.51898e-21
2.51898e-21
2.51908e-21
2.51921e-21
2.51933e-21
2.51942e-21
2.51944e-21
2.51947e-21
2.51953e-21
2.51965e-21
2.51982e-21
2.52e-21
2.52014e-21
2.52014e-21
2.51996e-21
2.51963e-21
2.51923e-21
2.51892e-21
2.51883e-21
2.51898e-21
2.5193e-21
2.51972e-21
2.5202e-21
2.52069e-21
2.52111e-21
2.52143e-21
2.5216e-21
2.52157e-21
2.52134e-21
2.52094e-21
2.52039e-21
2.51978e-21
2.51923e-21
2.51877e-21
2.51851e-21
2.51844e-21
2.51853e-21
2.51871e-21
2.51886e-21
2.51891e-21
2.51883e-21
2.51867e-21
2.51853e-21
2.51849e-21
2.51863e-21
2.51891e-21
2.51931e-21
2.51975e-21
2.52019e-21
2.52059e-21
2.52093e-21
2.52117e-21
2.52133e-21
2.52138e-21
2.52127e-21
2.52103e-21
2.52064e-21
2.52016e-21
2.51962e-21
2.51908e-21
2.51863e-21
2.51829e-21
2.51812e-21
2.51809e-21
2.51817e-21
2.51832e-21
2.51849e-21
2.51867e-21
2.51883e-21
2.51897e-21
2.51912e-21
2.51929e-21
2.51945e-21
2.51963e-21
2.51983e-21
2.52005e-21
2.52026e-21
2.52045e-21
2.52064e-21
2.52082e-21
2.52097e-21
2.5211e-21
2.52116e-21
2.52111e-21
2.52093e-21
2.5206e-21
2.5202e-21
2.51976e-21
2.51935e-21
2.51901e-21
2.51881e-21
2.51866e-21
2.51856e-21
2.51852e-21
2.51851e-21
2.51851e-21
2.51854e-21
2.51863e-21
2.51872e-21
2.51888e-21
2.51907e-21
2.51927e-21
2.5195e-21
2.5197e-21
2.51987e-21
2.51997e-21
2.52e-21
2.51997e-21
2.51986e-21
2.5197e-21
2.51949e-21
2.51928e-21
2.51911e-21
2.51899e-21
2.51896e-21
2.51898e-21
2.51907e-21
2.51921e-21
2.51939e-21
2.51957e-21
2.51975e-21
2.51993e-21
2.52008e-21
2.52021e-21
2.52029e-21
2.52035e-21
2.52035e-21
2.52032e-21
2.52025e-21
2.52015e-21
2.52002e-21
2.51988e-21
2.51975e-21
2.51963e-21
2.51951e-21
2.51941e-21
2.51937e-21
2.51936e-21
2.51938e-21
2.5194e-21
2.51945e-21
2.51951e-21
2.51956e-21
2.51959e-21
2.51963e-21
2.51964e-21
2.51966e-21
2.51968e-21
2.51971e-21
2.51978e-21
2.51986e-21
2.51996e-21
2.52005e-21
2.52011e-21
2.5201e-21
2.52003e-21
2.51989e-21
2.51968e-21
2.51947e-21
2.51935e-21
2.51931e-21
2.51933e-21
2.51944e-21
2.51961e-21
2.51982e-21
2.52005e-21
2.52028e-21
2.52051e-21
2.52074e-21
2.52093e-21
2.52107e-21
2.52109e-21
2.52099e-21
2.52072e-21
2.52032e-21
2.51981e-21
2.5193e-21
2.51885e-21
2.51855e-21
2.51842e-21
2.51844e-21
2.5186e-21
2.51882e-21
2.51908e-21
2.51933e-21
2.51956e-21
2.51976e-21
2.51991e-21
2.52003e-21
2.52008e-21
2.52007e-21
2.52002e-21
2.51997e-21
2.51991e-21
2.51988e-21
2.51988e-21
2.51991e-21
2.51996e-21
2.52003e-21
2.52012e-21
2.52018e-21
2.52022e-21
2.52028e-21
2.52034e-21
2.5204e-21
2.52044e-21
2.52047e-21
2.52051e-21
2.52051e-21
2.52046e-21
2.52036e-21
2.52021e-21
2.52003e-21
2.51987e-21
2.51976e-21
2.5197e-21
2.51966e-21
2.51968e-21
2.51968e-21
2.51969e-21
2.51968e-21
2.51966e-21
2.51962e-21
2.51959e-21
2.51957e-21
2.51956e-21
2.51959e-21
2.51966e-21
2.51979e-21
2.51997e-21
2.52019e-21
2.52042e-21
2.52058e-21
2.52061e-21
2.52046e-21
2.5201e-21
2.51966e-21
2.5193e-21
2.51913e-21
2.51926e-21
2.51965e-21
2.52021e-21
2.5208e-21
2.52128e-21
2.52147e-21
2.52123e-21
2.52055e-21
2.51966e-21
2.51891e-21
2.51855e-21
2.51856e-21
2.5188e-21
2.51909e-21
2.51936e-21
2.51956e-21
2.51967e-21
2.51971e-21
2.51974e-21
2.51979e-21
2.5199e-21
2.52012e-21
2.52047e-21
2.52094e-21
2.52151e-21
2.52199e-21
2.52215e-21
2.52172e-21
2.52067e-21
2.51938e-21
2.51846e-21
2.51819e-21
2.51847e-21
2.51902e-21
2.51963e-21
2.52017e-21
2.52062e-21
2.52098e-21
2.52127e-21
2.52149e-21
2.52163e-21
2.52164e-21
2.52144e-21
2.52101e-21
2.52033e-21
2.51953e-21
2.51878e-21
2.5182e-21
2.51789e-21
2.5178e-21
2.51789e-21
2.51806e-21
2.51831e-21
2.51855e-21
2.5188e-21
2.51903e-21
2.51926e-21
2.51951e-21
2.51975e-21
2.52e-21
2.52024e-21
2.52049e-21
2.52069e-21
2.52078e-21
2.52071e-21
2.52044e-21
2.52003e-21
2.51958e-21
2.51925e-21
2.5191e-21
2.51916e-21
2.51937e-21
2.51968e-21
2.51998e-21
2.52026e-21
2.52049e-21
2.52064e-21
2.52071e-21
2.52073e-21
2.52068e-21
2.52061e-21
2.52054e-21
2.52048e-21
2.52044e-21
2.52035e-21
2.52024e-21
2.5201e-21
2.51993e-21
2.51975e-21
2.51959e-21
2.51945e-21
2.51935e-21
2.51932e-21
2.51931e-21
2.51935e-21
2.51939e-21
2.51945e-21
2.51953e-21
2.51963e-21
2.51976e-21
2.5199e-21
2.52006e-21
2.52022e-21
2.52036e-21
2.52046e-21
2.52049e-21
2.52046e-21
2.52035e-21
2.52018e-21
2.51996e-21
2.51972e-21
2.5195e-21
2.51937e-21
2.51931e-21
2.51932e-21
2.5194e-21
2.51952e-21
2.51967e-21
2.51983e-21
2.52001e-21
2.52021e-21
2.52039e-21
2.52058e-21
2.52075e-21
2.5209e-21
2.52096e-21
2.52093e-21
2.52079e-21
2.52054e-21
2.52021e-21
2.51988e-21
2.51958e-21
2.51939e-21
2.51931e-21
2.51937e-21
2.51953e-21
2.51976e-21
2.52001e-21
2.52028e-21
2.52052e-21
2.52071e-21
2.52081e-21
2.52079e-21
2.52061e-21
2.5203e-21
2.5199e-21
2.5195e-21
2.51921e-21
2.51907e-21
2.51906e-21
2.51914e-21
2.51926e-21
2.51942e-21
2.51957e-21
2.51972e-21
2.51985e-21
2.51996e-21
2.52006e-21
2.52013e-21
2.52022e-21
2.52029e-21
2.52032e-21
2.52034e-21
2.52036e-21
2.52034e-21
2.52032e-21
2.52028e-21
2.52025e-21
2.52021e-21
2.52017e-21
2.52016e-21
2.52018e-21
2.52022e-21
2.52028e-21
2.52034e-21
2.52039e-21
2.52043e-21
2.52045e-21
2.52043e-21
2.52039e-21
2.52031e-21
2.52019e-21
2.52005e-21
2.5199e-21
2.51976e-21
2.5196e-21
2.51947e-21
2.51939e-21
2.51933e-21
2.5193e-21
2.51934e-21
2.51941e-21
2.51949e-21
2.5196e-21
2.51969e-21
2.51981e-21
2.5199e-21
2.52e-21
2.52009e-21
2.52017e-21
2.52026e-21
2.52037e-21
2.5205e-21
2.52063e-21
2.5208e-21
2.52094e-21
2.52103e-21
2.521e-21
2.52085e-21
2.52055e-21
2.52016e-21
2.51979e-21
2.51949e-21
2.51932e-21
2.5193e-21
2.51935e-21
2.51948e-21
2.51961e-21
2.51974e-21
2.51984e-21
2.51994e-21
2.52001e-21
2.52004e-21
2.52008e-21
2.52011e-21
2.52013e-21
2.52014e-21
2.52016e-21
2.52018e-21
2.52018e-21
2.52017e-21
2.52018e-21
2.52017e-21
2.52015e-21
2.52012e-21
2.52008e-21
2.52004e-21
2.52e-21
2.51996e-21
2.51992e-21
2.51989e-21
2.51988e-21
2.51986e-21
2.51982e-21
2.51979e-21
2.51978e-21
2.51979e-21
2.5198e-21
2.51982e-21
2.51984e-21
2.51986e-21
2.5199e-21
2.51994e-21
2.51999e-21
2.52005e-21
2.52012e-21
2.5202e-21
2.52031e-21
2.52043e-21
2.52053e-21
2.5206e-21
2.52063e-21
2.52062e-21
2.52058e-21
2.5205e-21
2.52043e-21
2.52034e-21
2.52019e-21
2.51998e-21
2.5197e-21
2.51938e-21
2.51911e-21
2.51898e-21
2.51899e-21
2.51913e-21
2.51936e-21
2.5196e-21
2.51983e-21
2.52005e-21
2.5202e-21
2.52032e-21
2.52035e-21
2.52034e-21
2.5203e-21
2.52022e-21
2.52012e-21
2.52003e-21
2.51994e-21
2.51986e-21
2.51981e-21
2.51983e-21
2.51985e-21
2.51994e-21
2.52005e-21
2.52022e-21
2.5204e-21
2.5206e-21
2.52079e-21
2.52091e-21
2.52093e-21
2.52075e-21
2.52038e-21
2.51982e-21
2.51924e-21
2.5188e-21
2.51857e-21
2.51856e-21
2.5187e-21
2.51896e-21
2.51926e-21
2.51958e-21
2.51993e-21
2.52034e-21
2.5208e-21
2.52137e-21
2.52197e-21
2.52245e-21
2.52256e-21
2.52198e-21
2.52071e-21
2.51925e-21
2.51824e-21
2.51796e-21
2.51825e-21
2.5188e-21
2.51935e-21
2.51978e-21
2.52003e-21
2.52012e-21
2.5201e-21
2.51997e-21
2.5198e-21
2.51964e-21
2.51948e-21
2.51939e-21
2.51933e-21
2.51934e-21
2.51937e-21
2.51944e-21
2.51952e-21
2.51962e-21
2.51972e-21
2.51985e-21
2.52e-21
2.52018e-21
2.52037e-21
2.52058e-21
2.5208e-21
2.52097e-21
2.52105e-21
2.52101e-21
2.52082e-21
2.52048e-21
2.5201e-21
2.5198e-21
2.51969e-21
2.51976e-21
2.52001e-21
2.52031e-21
2.52056e-21
2.52067e-21
2.52055e-21
2.52018e-21
2.51967e-21
2.51917e-21
2.51884e-21
2.51875e-21
2.51884e-21
2.51904e-21
2.51926e-21
2.51945e-21
2.51964e-21
2.51978e-21
2.51988e-21
2.51994e-21
2.51999e-21
2.51997e-21
2.51997e-21
2.51995e-21
2.51993e-21
2.51991e-21
2.51989e-21
2.51988e-21
2.51986e-21
2.51986e-21
2.51986e-21
2.51984e-21
2.51984e-21
2.51981e-21
2.51981e-21
2.51977e-21
2.51977e-21
2.51976e-21
2.51981e-21
2.51988e-21
2.51997e-21
2.52009e-21
2.52023e-21
2.52036e-21
2.52046e-21
2.52052e-21
2.52051e-21
2.52041e-21
2.52024e-21
2.52005e-21
2.51986e-21
2.51972e-21
2.51966e-21
2.51965e-21
2.51968e-21
2.51975e-21
2.51986e-21
2.51998e-21
2.52009e-21
2.52021e-21
2.52032e-21
2.52041e-21
2.52046e-21
2.52044e-21
2.52034e-21
2.52014e-21
2.51987e-21
2.51959e-21
2.51934e-21
2.51919e-21
2.51912e-21
2.51915e-21
2.51922e-21
2.51933e-21
2.51944e-21
2.51953e-21
2.51962e-21
2.51968e-21
2.51974e-21
2.51978e-21
2.51983e-21
2.51986e-21
2.51993e-21
2.52001e-21
2.52012e-21
2.52028e-21
2.52042e-21
2.52054e-21
2.52064e-21
2.52068e-21
2.52062e-21
2.52048e-21
2.52025e-21
2.51998e-21
2.51969e-21
2.51946e-21
2.51933e-21
2.51941e-21
2.51969e-21
2.52022e-21
2.52093e-21
2.52158e-21
2.52196e-21
2.52171e-21
2.52079e-21
2.51953e-21
2.51848e-21
2.518e-21
2.51807e-21
2.51845e-21
2.51893e-21
2.51943e-21
2.51986e-21
2.52018e-21
2.52035e-21
2.52036e-21
2.52024e-21
2.52005e-21
2.51988e-21
2.51978e-21
2.51976e-21
2.51983e-21
2.51994e-21
2.52005e-21
2.52016e-21
2.52023e-21
2.52024e-21
2.52022e-21
2.52017e-21
2.52007e-21
2.51999e-21
2.51991e-21
2.51984e-21
2.51981e-21
2.51979e-21
2.51981e-21
2.51987e-21
2.51998e-21
2.52018e-21
2.52038e-21
2.52061e-21
2.52079e-21
2.52085e-21
2.52069e-21
2.52034e-21
2.51982e-21
2.51929e-21
2.51892e-21
2.51875e-21
2.51879e-21
2.51895e-21
2.51921e-21
2.5195e-21
2.51978e-21
2.52004e-21
2.5203e-21
2.52057e-21
2.52081e-21
2.52108e-21
2.52131e-21
2.52149e-21
2.52159e-21
2.52156e-21
2.52141e-21
2.52113e-21
2.52079e-21
2.52046e-21
2.52023e-21
2.52014e-21
2.52009e-21
2.52e-21
2.51977e-21
2.51941e-21
2.51899e-21
2.51866e-21
2.51849e-21
2.51852e-21
2.51867e-21
2.5189e-21
2.51915e-21
2.51939e-21
2.51961e-21
2.51981e-21
2.51996e-21
2.52008e-21
2.52017e-21
2.52021e-21
2.52023e-21
2.52025e-21
2.52023e-21
2.52019e-21
2.52016e-21
2.52014e-21
2.52011e-21
2.5201e-21
2.52014e-21
2.52018e-21
2.52025e-21
2.52032e-21
2.52039e-21
2.52048e-21
2.52056e-21
2.52062e-21
2.52067e-21
2.5207e-21
2.52073e-21
2.5207e-21
2.52063e-21
2.52052e-21
2.52036e-21
2.5202e-21
2.52004e-21
2.51991e-21
2.51981e-21
2.51972e-21
2.51967e-21
2.51963e-21
2.51963e-21
2.51963e-21
2.51964e-21
2.51967e-21
2.51974e-21
2.5198e-21
2.5199e-21
2.51998e-21
2.52006e-21
2.52015e-21
2.52023e-21
2.52024e-21
2.52027e-21
2.52024e-21
2.52019e-21
2.52011e-21
2.52003e-21
2.51994e-21
2.51988e-21
2.51981e-21
2.51977e-21
2.51974e-21
2.51972e-21
2.51972e-21
2.51973e-21
2.51975e-21
2.51978e-21
2.51981e-21
2.51986e-21
2.51988e-21
2.51992e-21
2.51995e-21
2.51998e-21
2.52003e-21
2.52009e-21
2.52014e-21
2.52019e-21
2.52023e-21
2.5203e-21
2.52033e-21
2.52033e-21
2.52032e-21
2.52028e-21
2.52021e-21
2.52012e-21
2.52002e-21
2.51992e-21
2.51985e-21
2.5198e-21
2.51978e-21
2.51982e-21
2.5199e-21
2.52e-21
2.52013e-21
2.52028e-21
2.52042e-21
2.52054e-21
2.5206e-21
2.5206e-21
2.52051e-21
2.52036e-21
2.52015e-21
2.51997e-21
2.51986e-21
2.51982e-21
2.51984e-21
2.5199e-21
2.51996e-21
2.51997e-21
2.51993e-21
2.51983e-21
2.51968e-21
2.51951e-21
2.51936e-21
2.51925e-21
2.5192e-21
2.51921e-21
2.51926e-21
2.51935e-21
2.51947e-21
2.51962e-21
2.51977e-21
2.51991e-21
2.52003e-21
2.52015e-21
