4.00359e-21
4.00358e-21
4.00358e-21
4.00358e-21
4.00358e-21
4.00358e-21
4.00358e-21
4.00357e-21
4.00357e-21
4.00357e-21
4.00357e-21
4.00357e-21
4.00357e-21
4.00356e-21
4.00355e-21
4.00351e-21
4.00348e-21
4.00342e-21
4.00337e-21
4.00331e-21
4.00327e-21
4.00322e-21
4.00314e-21
4.00307e-21
4.00299e-21
4.00295e-21
4.00291e-21
4.00287e-21
4.00281e-21
4.00274e-21
4.00268e-21
4.00263e-21
4.00259e-21
4.00253e-21
4.00248e-21
4.00242e-21
4.00236e-21
4.00231e-21
4.00227e-21
4.00224e-21
4.00223e-21
4.00219e-21
4.00215e-21
4.00212e-21
4.0021e-21
4.00209e-21
4.00204e-21
4.00202e-21
4.00196e-21
4.00194e-21
4.00194e-21
4.00191e-21
4.00189e-21
4.00185e-21
4.00185e-21
4.00182e-21
4.00179e-21
4.00176e-21
4.00175e-21
4.00172e-21
4.0017e-21
4.00172e-21
4.0017e-21
4.00168e-21
4.00165e-21
4.00161e-21
4.00159e-21
4.00157e-21
4.00154e-21
4.00152e-21
4.00151e-21
4.0015e-21
4.00148e-21
4.00145e-21
4.00143e-21
4.00139e-21
4.00139e-21
4.00135e-21
4.00132e-21
4.00131e-21
4.00128e-21
4.00127e-21
4.00126e-21
4.00123e-21
4.00121e-21
4.00119e-21
4.00117e-21
4.00116e-21
4.00115e-21
4.00111e-21
4.0011e-21
4.00105e-21
4.00101e-21
4.00101e-21
4.00096e-21
4.00094e-21
4.00093e-21
4.00091e-21
4.00091e-21
4.00091e-21
4.0009e-21
4.00091e-21
4.0009e-21
4.00091e-21
4.00094e-21
4.00097e-21
4.00102e-21
4.00105e-21
4.0011e-21
4.00118e-21
4.00124e-21
4.0013e-21
4.00137e-21
4.00145e-21
4.00153e-21
4.00164e-21
4.00179e-21
4.002e-21
4.00224e-21
4.00248e-21
4.00267e-21
4.00273e-21
4.00265e-21
4.00232e-21
4.00181e-21
4.00116e-21
4.00051e-21
3.99996e-21
3.99962e-21
3.99951e-21
3.99959e-21
3.99988e-21
4.00024e-21
4.00058e-21
4.00082e-21
4.00098e-21
4.00114e-21
4.00131e-21
4.00159e-21
4.00192e-21
4.00227e-21
4.00255e-21
4.00265e-21
4.00257e-21
4.00233e-21
4.00197e-21
4.00154e-21
4.00108e-21
4.00065e-21
4.00027e-21
3.99998e-21
3.99976e-21
3.99963e-21
3.99958e-21
3.9996e-21
3.99968e-21
3.99985e-21
4.00007e-21
4.00032e-21
4.00062e-21
4.00093e-21
4.00123e-21
4.00152e-21
4.00178e-21
4.00202e-21
4.00219e-21
4.00229e-21
4.00237e-21
4.00238e-21
4.00232e-21
4.00225e-21
4.00216e-21
4.00203e-21
4.00185e-21
4.00161e-21
4.00129e-21
4.00095e-21
4.00065e-21
4.00044e-21
4.00036e-21
4.0004e-21
4.00057e-21
4.00081e-21
4.00104e-21
4.00128e-21
4.00149e-21
4.00166e-21
4.00176e-21
4.00179e-21
4.00178e-21
4.00172e-21
4.0016e-21
4.00144e-21
4.00127e-21
4.00111e-21
4.00096e-21
4.00085e-21
4.00078e-21
4.00074e-21
4.00076e-21
4.00083e-21
4.00088e-21
4.00096e-21
4.00107e-21
4.00117e-21
4.00128e-21
4.00137e-21
4.00147e-21
4.00156e-21
4.00166e-21
4.00177e-21
4.00188e-21
4.00203e-21
4.00217e-21
4.00229e-21
4.00235e-21
4.00233e-21
4.0022e-21
4.00195e-21
4.00164e-21
4.00132e-21
4.00103e-21
4.00082e-21
4.00075e-21
4.00082e-21
4.00099e-21
4.00126e-21
4.00154e-21
4.00176e-21
4.00186e-21
4.00174e-21
4.0014e-21
4.00093e-21
4.00047e-21
4.00018e-21
4.00011e-21
4.00023e-21
4.00051e-21
4.00089e-21
4.00128e-21
4.00161e-21
4.00185e-21
4.00197e-21
4.00189e-21
4.00165e-21
4.00133e-21
4.00097e-21
4.00074e-21
4.00068e-21
4.00079e-21
3.40918e-21
3.40948e-21
3.40978e-21
3.40999e-21
3.41007e-21
3.41003e-21
3.40987e-21
3.40966e-21
3.40941e-21
3.40923e-21
3.40908e-21
3.40898e-21
3.40894e-21
3.40892e-21
3.40892e-21
3.40895e-21
3.40904e-21
3.40913e-21
3.40922e-21
3.40929e-21
3.40936e-21
3.40938e-21
3.40942e-21
3.40942e-21
3.40944e-21
3.40945e-21
3.40949e-21
3.40955e-21
3.40965e-21
3.40976e-21
3.40995e-21
3.41011e-21
3.41029e-21
3.4104e-21
3.41048e-21
3.41043e-21
3.41032e-21
3.41011e-21
3.4098e-21
3.40947e-21
3.40915e-21
3.40891e-21
3.40876e-21
3.40868e-21
3.40867e-21
3.40874e-21
3.40881e-21
3.4089e-21
3.40898e-21
3.40907e-21
3.40915e-21
3.40919e-21
3.40923e-21
3.40925e-21
3.40926e-21
3.40927e-21
3.40926e-21
3.40925e-21
3.40923e-21
3.40922e-21
3.40923e-21
3.40926e-21
3.40931e-21
3.4094e-21
3.40952e-21
3.40969e-21
3.40989e-21
3.41013e-21
3.41035e-21
3.41056e-21
3.41071e-21
3.41072e-21
3.41059e-21
3.41032e-21
3.40991e-21
3.40946e-21
3.40903e-21
3.40866e-21
3.40832e-21
3.40816e-21
3.40815e-21
3.40831e-21
3.4086e-21
3.40898e-21
3.40945e-21
3.40996e-21
3.41051e-21
3.41101e-21
3.41147e-21
3.41181e-21
3.41205e-21
3.41211e-21
3.41196e-21
3.41158e-21
3.41096e-21
3.41018e-21
3.40935e-21
3.40855e-21
3.40797e-21
3.40762e-21
3.40753e-21
3.4076e-21
3.40777e-21
3.408e-21
3.40828e-21
3.40851e-21
3.40876e-21
3.40897e-21
3.40918e-21
3.40937e-21
3.40956e-21
3.40971e-21
3.40982e-21
3.4099e-21
3.40997e-21
3.41002e-21
3.41004e-21
3.41002e-21
3.40999e-21
3.40993e-21
3.40985e-21
3.40975e-21
3.40964e-21
3.40953e-21
3.40944e-21
3.40937e-21
3.40934e-21
3.4093e-21
3.40927e-21
3.40926e-21
3.40928e-21
3.4093e-21
3.40932e-21
3.40934e-21
3.40937e-21
3.40938e-21
3.40943e-21
3.40947e-21
3.4095e-21
3.40956e-21
3.40961e-21
3.40968e-21
3.40978e-21
3.40988e-21
3.40998e-21
3.41011e-21
3.41025e-21
3.4104e-21
3.41057e-21
3.41079e-21
3.41104e-21
3.41127e-21
3.41153e-21
3.41178e-21
3.41191e-21
3.41177e-21
3.41116e-21
3.41011e-21
3.40883e-21
3.40774e-21
3.40717e-21
3.40717e-21
3.40758e-21
3.40818e-21
3.40885e-21
3.40945e-21
3.40996e-21
3.41035e-21
3.4106e-21
3.41069e-21
3.41058e-21
3.41029e-21
3.40989e-21
3.40945e-21
3.40906e-21
3.40881e-21
3.40869e-21
3.40876e-21
3.4089e-21
3.40907e-21
3.40923e-21
3.40939e-21
3.40954e-21
3.40963e-21
3.40972e-21
3.40983e-21
3.40994e-21
3.41011e-21
3.41037e-21
3.41072e-21
3.41114e-21
3.41157e-21
3.4119e-21
3.412e-21
3.41171e-21
3.411e-21
3.40999e-21
3.40899e-21
3.40822e-21
3.40786e-21
3.40787e-21
3.40814e-21
3.40854e-21
3.40899e-21
3.40941e-21
3.40975e-21
3.41e-21
3.41017e-21
3.41023e-21
3.41014e-21
3.40996e-21
3.40968e-21
3.4094e-21
3.40915e-21
3.409e-21
3.40893e-21
3.40898e-21
3.40909e-21
3.40926e-21
3.40942e-21
3.40955e-21
3.40965e-21
3.40974e-21
3.4098e-21
3.40982e-21
3.40984e-21
3.40983e-21
3.40981e-21
3.4098e-21
3.4098e-21
3.40979e-21
3.40982e-21
3.40986e-21
3.40994e-21
3.41006e-21
3.41018e-21
3.41032e-21
3.41043e-21
3.41054e-21
3.41059e-21
3.41054e-21
3.4104e-21
3.41017e-21
3.40988e-21
3.40965e-21
3.40949e-21
3.40938e-21
3.40935e-21
3.40937e-21
3.40945e-21
3.35164e-21
3.3517e-21
3.35174e-21
3.35173e-21
3.35167e-21
3.35157e-21
3.35144e-21
3.35135e-21
3.35132e-21
3.35136e-21
3.35142e-21
3.35153e-21
3.35162e-21
3.35171e-21
3.35177e-21
3.35187e-21
3.35194e-21
3.35202e-21
3.35208e-21
3.35215e-21
3.35218e-21
3.35218e-21
3.3521e-21
3.35195e-21
3.35173e-21
3.35152e-21
3.35133e-21
3.35117e-21
3.35109e-21
3.35108e-21
3.35113e-21
3.35122e-21
3.35133e-21
3.35143e-21
3.35154e-21
3.35161e-21
3.35166e-21
3.35171e-21
3.35175e-21
3.35178e-21
3.35181e-21
3.35182e-21
3.35183e-21
3.35184e-21
3.35186e-21
3.35185e-21
3.35184e-21
3.35184e-21
3.35181e-21
3.35181e-21
3.35179e-21
3.35177e-21
3.35176e-21
3.35175e-21
3.35178e-21
3.35179e-21
3.35181e-21
3.35181e-21
3.35181e-21
3.35178e-21
3.35173e-21
3.35168e-21
3.35165e-21
3.35162e-21
3.35162e-21
3.35161e-21
3.35159e-21
3.35157e-21
3.35158e-21
3.35155e-21
3.35157e-21
3.35161e-21
3.35163e-21
3.35168e-21
3.35175e-21
3.35184e-21
3.35193e-21
3.35203e-21
3.35211e-21
3.35217e-21
3.35214e-21
3.35207e-21
3.35191e-21
3.3517e-21
3.35146e-21
3.35123e-21
3.35101e-21
3.35082e-21
3.35069e-21
3.3506e-21
3.35058e-21
3.35058e-21
3.35063e-21
3.35069e-21
3.35079e-21
3.35089e-21
3.35099e-21
3.35108e-21
3.35117e-21
3.35123e-21
3.35128e-21
3.35133e-21
3.35137e-21
3.3514e-21
3.35142e-21
3.35146e-21
3.35149e-21
3.3515e-21
3.35153e-21
3.35156e-21
3.35158e-21
3.3516e-21
3.35161e-21
3.35166e-21
3.35172e-21
3.35177e-21
3.35189e-21
3.352e-21
3.35213e-21
3.35232e-21
3.35254e-21
3.35278e-21
3.35296e-21
3.35304e-21
3.35296e-21
3.3527e-21
3.35229e-21
3.35187e-21
3.35157e-21
3.35149e-21
3.35158e-21
3.35177e-21
3.35189e-21
3.35177e-21
3.35142e-21
3.35092e-21
3.35043e-21
3.35008e-21
3.34994e-21
3.34996e-21
3.35008e-21
3.35027e-21
3.35035e-21
3.35041e-21
3.35048e-21
3.35054e-21
3.35062e-21
3.35072e-21
3.35084e-21
3.35097e-21
3.35111e-21
3.35126e-21
3.35137e-21
3.35148e-21
3.35158e-21
3.3517e-21
3.3518e-21
3.35191e-21
3.35202e-21
3.35211e-21
3.35217e-21
3.35221e-21
3.35225e-21
3.35224e-21
3.35217e-21
3.35212e-21
3.35202e-21
3.35188e-21
3.35176e-21
3.35167e-21
3.35163e-21
3.35164e-21
3.35166e-21
3.35174e-21
3.35183e-21
3.35191e-21
3.352e-21
3.35212e-21
3.35225e-21
3.35244e-21
3.35266e-21
3.3528e-21
3.35273e-21
3.35229e-21
3.35153e-21
3.35063e-21
3.34992e-21
3.34959e-21
3.34966e-21
3.35001e-21
3.35045e-21
3.3509e-21
3.35126e-21
3.35151e-21
3.35161e-21
3.35161e-21
3.3515e-21
3.35137e-21
3.35127e-21
3.35121e-21
3.3512e-21
3.35123e-21
3.35132e-21
3.35142e-21
3.35151e-21
3.3516e-21
3.35169e-21
3.35174e-21
3.35177e-21
3.35178e-21
3.35178e-21
3.35178e-21
3.35178e-21
3.35181e-21
3.35184e-21
3.35184e-21
3.35188e-21
3.35188e-21
3.35187e-21
3.35186e-21
3.35179e-21
3.35171e-21
3.35159e-21
3.35147e-21
3.35136e-21
3.35128e-21
3.35123e-21
3.35121e-21
3.35129e-21
3.35134e-21
3.35141e-21
3.3515e-21
3.35162e-21
3.35171e-21
3.35179e-21
3.35185e-21
3.35187e-21
3.3519e-21
3.35186e-21
3.35179e-21
3.35172e-21
3.35162e-21
3.35155e-21
3.35148e-21
3.35145e-21
3.35143e-21
3.35149e-21
3.3516e-21
3.35177e-21
3.35203e-21
3.4371e-21
3.43754e-21
3.43802e-21
3.43844e-21
3.4387e-21
3.43866e-21
3.4382e-21
3.43736e-21
3.43634e-21
3.43544e-21
3.43489e-21
3.43469e-21
3.43475e-21
3.43493e-21
3.43515e-21
3.43537e-21
3.43555e-21
3.43575e-21
3.43591e-21
3.43604e-21
3.43617e-21
3.43628e-21
3.43636e-21
3.43643e-21
3.43647e-21
3.43652e-21
3.43656e-21
3.43659e-21
3.43662e-21
3.43668e-21
3.43669e-21
3.43672e-21
3.43676e-21
3.43674e-21
3.43672e-21
3.43668e-21
3.43663e-21
3.43652e-21
3.43643e-21
3.43632e-21
3.43622e-21
3.43612e-21
3.43603e-21
3.436e-21
3.43598e-21
3.43598e-21
3.43605e-21
3.43615e-21
3.43632e-21
3.43649e-21
3.43668e-21
3.43686e-21
3.43704e-21
3.43723e-21
3.43741e-21
3.4376e-21
3.43783e-21
3.43805e-21
3.43816e-21
3.43798e-21
3.43738e-21
3.43642e-21
3.43539e-21
3.43467e-21
3.43443e-21
3.4346e-21
3.43502e-21
3.43551e-21
3.43594e-21
3.43628e-21
3.43652e-21
3.4367e-21
3.4368e-21
3.43686e-21
3.43688e-21
3.43687e-21
3.43683e-21
3.43677e-21
3.43667e-21
3.43656e-21
3.43644e-21
3.43633e-21
3.43622e-21
3.43613e-21
3.43605e-21
3.436e-21
3.43597e-21
3.43594e-21
3.43593e-21
3.43588e-21
3.43588e-21
3.43588e-21
3.43592e-21
3.43593e-21
3.43597e-21
3.43601e-21
3.43602e-21
3.43604e-21
3.43607e-21
3.43611e-21
3.43617e-21
3.43621e-21
3.43626e-21
3.43632e-21
3.43641e-21
3.43651e-21
3.43662e-21
3.43679e-21
3.43698e-21
3.43723e-21
3.43755e-21
3.43795e-21
3.43834e-21
3.43877e-21
3.43908e-21
3.43915e-21
3.43876e-21
3.43791e-21
3.43669e-21
3.43538e-21
3.43432e-21
3.43371e-21
3.43358e-21
3.43378e-21
3.43417e-21
3.43461e-21
3.43504e-21
3.43537e-21
3.43562e-21
3.43579e-21
3.43592e-21
3.43602e-21
3.43606e-21
3.43611e-21
3.43613e-21
3.43611e-21
3.4361e-21
3.43612e-21
3.43615e-21
3.43621e-21
3.43634e-21
3.43651e-21
3.43672e-21
3.43693e-21
3.43709e-21
3.43715e-21
3.43708e-21
3.43687e-21
3.43659e-21
3.43628e-21
3.4361e-21
3.43601e-21
3.43602e-21
3.43606e-21
3.43611e-21
3.43607e-21
3.43597e-21
3.4358e-21
3.43565e-21
3.43551e-21
3.43545e-21
3.43548e-21
3.43556e-21
3.4357e-21
3.43589e-21
3.4361e-21
3.43631e-21
3.43649e-21
3.43668e-21
3.43684e-21
3.43697e-21
3.43705e-21
3.43712e-21
3.43715e-21
3.43711e-21
3.437e-21
3.43684e-21
3.43662e-21
3.4364e-21
3.43619e-21
3.43602e-21
3.43592e-21
3.43584e-21
3.43582e-21
3.43583e-21
3.43585e-21
3.43588e-21
3.43594e-21
3.43597e-21
3.43598e-21
3.43598e-21
3.43597e-21
3.436e-21
3.43602e-21
3.43603e-21
3.4361e-21
3.43621e-21
3.43635e-21
3.43653e-21
3.43669e-21
3.43684e-21
3.43696e-21
3.43696e-21
3.43687e-21
3.43669e-21
3.43646e-21
3.43622e-21
3.436e-21
3.43584e-21
3.43576e-21
3.43576e-21
3.43583e-21
3.43596e-21
3.43613e-21
3.43631e-21
3.43652e-21
3.43675e-21
3.43695e-21
3.43713e-21
3.43726e-21
3.43733e-21
3.43727e-21
3.43707e-21
3.43674e-21
3.43632e-21
3.43587e-21
3.43544e-21
3.43512e-21
3.43495e-21
3.43493e-21
3.43504e-21
3.43523e-21
3.43551e-21
3.4358e-21
3.4361e-21
3.43637e-21
3.4366e-21
3.43682e-21
3.43699e-21
3.43713e-21
3.43725e-21
3.43733e-21
3.43738e-21
3.43739e-21
3.43736e-21
3.43732e-21
3.43729e-21
3.43721e-21
3.43717e-21
3.43711e-21
3.43707e-21
3.43703e-21
3.43697e-21
3.43695e-21
3.43691e-21
3.43682e-21
3.43675e-21
3.43662e-21
3.43647e-21
3.43632e-21
3.43613e-21
3.43598e-21
3.43586e-21
3.43581e-21
3.43581e-21
3.43585e-21
3.43592e-21
3.43601e-21
3.43608e-21
3.43616e-21
3.43622e-21
3.43625e-21
3.4363e-21
3.43632e-21
3.43635e-21
3.43635e-21
3.43635e-21
3.43639e-21
3.43641e-21
3.43642e-21
3.43649e-21
3.43651e-21
3.43659e-21
3.43667e-21
3.43681e-21
3.43697e-21
3.43714e-21
3.43734e-21
3.43751e-21
3.4376e-21
3.43762e-21
3.4374e-21
3.43703e-21
3.43655e-21
3.43605e-21
3.43568e-21
3.4355e-21
3.43552e-21
3.4357e-21
3.436e-21
3.43633e-21
3.43667e-21
3.437e-21
3.43731e-21
3.43757e-21
3.43774e-21
3.43779e-21
3.43767e-21
3.43735e-21
3.43685e-21
3.43626e-21
3.43571e-21
3.43531e-21
3.43513e-21
3.43514e-21
3.43526e-21
3.4355e-21
3.43575e-21
3.43601e-21
3.43627e-21
3.43648e-21
3.4367e-21
3.43694e-21
3.43722e-21
3.43751e-21
3.43784e-21
3.43818e-21
3.43857e-21
3.43895e-21
3.43922e-21
3.43925e-21
3.43889e-21
3.43806e-21
3.43693e-21
3.43574e-21
3.43476e-21
3.4342e-21
3.43401e-21
3.43408e-21
3.43434e-21
3.43466e-21
3.43502e-21
3.43534e-21
3.43565e-21
3.43593e-21
3.43618e-21
3.43635e-21
3.43652e-21
3.43665e-21
3.43674e-21
3.4368e-21
3.43685e-21
3.43688e-21
3.43691e-21
3.43694e-21
3.43694e-21
3.43695e-21
3.43696e-21
3.43695e-21
3.43692e-21
3.43689e-21
3.43682e-21
3.43677e-21
3.43671e-21
3.43663e-21
3.43657e-21
3.43649e-21
3.43641e-21
3.43636e-21
3.43632e-21
3.43627e-21
3.43628e-21
3.43628e-21
3.43627e-21
3.43629e-21
3.43629e-21
3.43631e-21
3.43634e-21
3.4364e-21
3.43648e-21
3.43663e-21
3.4368e-21
3.43701e-21
3.43722e-21
3.43743e-21
3.43758e-21
3.43755e-21
3.43729e-21
3.43684e-21
3.43623e-21
3.43565e-21
3.43524e-21
3.43504e-21
3.43507e-21
3.43525e-21
3.43548e-21
3.43574e-21
3.436e-21
3.43621e-21
3.43638e-21
3.43651e-21
3.43656e-21
3.43659e-21
3.43658e-21
3.43654e-21
3.43646e-21
3.4364e-21
3.43633e-21
3.43629e-21
3.4363e-21
3.43637e-21
3.43648e-21
3.43665e-21
3.43679e-21
3.43691e-21
3.43698e-21
3.43688e-21
3.43664e-21
3.43634e-21
3.43603e-21
3.43576e-21
3.43558e-21
3.4355e-21
3.43549e-21
3.43554e-21
3.43559e-21
3.43567e-21
3.43577e-21
3.4359e-21
3.43607e-21
3.43625e-21
3.4364e-21
3.43652e-21
3.4366e-21
3.43664e-21
3.4366e-21
3.43652e-21
3.43641e-21
3.43628e-21
3.43615e-21
3.43608e-21
3.43605e-21
3.43611e-21
3.43622e-21
3.43635e-21
3.43651e-21
3.43664e-21
3.43677e-21
3.43686e-21
3.43692e-21
3.43693e-21
3.43688e-21
3.4368e-21
3.43672e-21
3.43663e-21
3.43651e-21
3.43634e-21
3.43614e-21
3.43588e-21
3.43561e-21
3.43535e-21
3.43514e-21
3.43505e-21
3.43503e-21
3.43508e-21
3.43521e-21
3.43535e-21
3.43551e-21
3.4357e-21
3.43589e-21
3.43606e-21
3.43625e-21
3.43641e-21
3.43658e-21
3.43674e-21
3.43688e-21
3.437e-21
3.4371e-21
3.43714e-21
3.43714e-21
3.43712e-21
3.43709e-21
3.43708e-21
3.43715e-21
3.43732e-21
3.43762e-21
3.43798e-21
3.43829e-21
3.43833e-21
3.43796e-21
3.43712e-21
3.43596e-21
3.43471e-21
3.43375e-21
3.43324e-21
3.43317e-21
3.43339e-21
3.4338e-21
3.43424e-21
3.43467e-21
3.43506e-21
3.43537e-21
3.43565e-21
3.43585e-21
3.43598e-21
3.43611e-21
3.43621e-21
3.43628e-21
3.43634e-21
3.4364e-21
3.43644e-21
3.43649e-21
3.43654e-21
3.43658e-21
3.43661e-21
3.43664e-21
3.43666e-21
3.43665e-21
3.43664e-21
3.43661e-21
3.43658e-21
3.43653e-21
3.43643e-21
3.43636e-21
3.43627e-21
3.43622e-21
3.43619e-21
3.43618e-21
3.43626e-21
3.4364e-21
3.43655e-21
3.43672e-21
3.43689e-21
3.43699e-21
3.43707e-21
3.43712e-21
3.4371e-21
3.43698e-21
3.43672e-21
3.43634e-21
3.43588e-21
3.43538e-21
3.435e-21
3.43483e-21
3.43488e-21
3.43513e-21
3.43553e-21
3.436e-21
3.43647e-21
3.4369e-21
3.43722e-21
3.43742e-21
3.43746e-21
3.43734e-21
3.43704e-21
3.43663e-21
3.43618e-21
3.43577e-21
3.43549e-21
3.4354e-21
3.43544e-21
3.43557e-21
3.43577e-21
3.436e-21
3.4362e-21
3.43638e-21
3.4365e-21
3.43663e-21
3.43671e-21
3.43675e-21
3.43679e-21
3.43683e-21
3.43687e-21
3.43694e-21
3.43708e-21
3.43724e-21
3.43749e-21
3.43779e-21
3.43808e-21
3.43829e-21
3.43831e-21
3.43802e-21
3.43741e-21
3.43658e-21
3.43583e-21
3.43532e-21
3.43513e-21
3.43522e-21
3.43546e-21
3.43579e-21
3.43603e-21
3.43625e-21
3.43642e-21
3.43653e-21
3.43657e-21
3.43659e-21
3.43659e-21
3.43658e-21
3.43657e-21
3.43656e-21
3.43658e-21
3.43659e-21
3.43665e-21
3.43673e-21
3.4369e-21
3.43711e-21
3.43735e-21
3.43759e-21
3.43781e-21
3.43794e-21
3.43793e-21
3.43771e-21
3.43732e-21
3.43685e-21
3.43641e-21
3.43614e-21
3.43608e-21
3.43617e-21
3.43633e-21
3.43635e-21
3.43619e-21
3.43585e-21
3.43545e-21
3.43508e-21
3.43487e-21
3.43485e-21
3.43495e-21
3.43518e-21
3.43543e-21
3.43567e-21
3.43589e-21
3.43608e-21
3.43623e-21
3.43633e-21
3.43647e-21
3.43658e-21
3.43667e-21
3.43673e-21
3.43678e-21
3.43682e-21
3.43682e-21
3.43677e-21
3.43671e-21
3.43662e-21
3.43655e-21
3.43645e-21
3.43639e-21
3.43642e-21
3.43653e-21
3.43672e-21
3.43699e-21
3.43726e-21
3.43741e-21
3.43729e-21
3.43682e-21
3.43605e-21
3.43521e-21
3.43457e-21
3.43431e-21
3.43438e-21
3.4347e-21
3.43509e-21
3.43552e-21
3.43591e-21
3.43627e-21
3.43661e-21
3.43695e-21
3.43726e-21
3.43758e-21
3.43783e-21
3.43802e-21
3.43803e-21
3.43784e-21
3.43741e-21
3.43679e-21
3.43617e-21
3.43567e-21
3.43536e-21
3.43528e-21
3.43534e-21
3.43548e-21
3.43565e-21
3.43587e-21
3.43613e-21
3.43643e-21
3.43674e-21
3.43697e-21
3.43707e-21
3.43691e-21
3.4365e-21
3.43597e-21
3.43545e-21
3.43511e-21
3.435e-21
3.43508e-21
3.43528e-21
3.43555e-21
3.43582e-21
3.43607e-21
3.43628e-21
3.43646e-21
3.43661e-21
3.43673e-21
3.43686e-21
3.43699e-21
3.43714e-21
3.43727e-21
3.43742e-21
3.43753e-21
3.43761e-21
3.43763e-21
3.43761e-21
3.4375e-21
3.43728e-21
3.437e-21
3.43666e-21
3.43634e-21
3.43606e-21
3.43584e-21
3.43572e-21
3.43567e-21
3.43565e-21
3.43566e-21
3.43568e-21
3.43566e-21
3.43565e-21
3.43564e-21
3.43567e-21
3.4357e-21
3.43576e-21
3.43585e-21
3.43592e-21
3.43601e-21
3.43611e-21
3.4362e-21
3.43631e-21
3.4364e-21
3.43651e-21
3.43659e-21
3.43668e-21
3.43678e-21
3.4369e-21
3.43702e-21
3.43718e-21
3.43733e-21
3.43742e-21
3.43748e-21
3.43744e-21
3.43734e-21
3.43717e-21
3.43692e-21
3.43667e-21
3.43649e-21
3.43638e-21
3.43638e-21
3.43647e-21
3.43667e-21
3.43693e-21
3.43721e-21
3.43745e-21
3.43763e-21
3.4377e-21
3.43764e-21
3.43743e-21
3.43709e-21
3.43665e-21
3.43617e-21
3.4357e-21
3.43529e-21
3.43497e-21
3.43478e-21
3.43473e-21
3.43476e-21
3.43489e-21
3.43504e-21
3.43521e-21
3.4354e-21
3.43559e-21
3.43572e-21
3.43586e-21
3.43598e-21
3.43609e-21
3.43619e-21
3.43628e-21
3.43635e-21
3.43643e-21
3.43652e-21
3.43661e-21
3.43672e-21
3.43681e-21
3.43693e-21
3.43704e-21
3.43716e-21
3.4373e-21
3.43742e-21
3.43752e-21
3.43756e-21
3.43756e-21
3.43751e-21
3.43737e-21
3.43719e-21
3.43696e-21
3.43671e-21
3.43646e-21
3.43626e-21
3.43609e-21
3.43607e-21
3.43611e-21
3.43629e-21
3.43654e-21
3.43676e-21
3.43693e-21
3.43687e-21
3.43658e-21
3.43607e-21
3.43549e-21
3.43502e-21
3.43476e-21
3.43472e-21
3.43488e-21
3.43512e-21
3.4354e-21
3.43568e-21
3.43596e-21
3.4362e-21
3.43646e-21
3.43672e-21
3.43701e-21
3.43729e-21
3.43755e-21
3.43777e-21
3.43792e-21
3.43793e-21
3.43775e-21
3.43741e-21
3.43688e-21
3.4363e-21
3.43582e-21
3.43549e-21
3.43536e-21
3.43539e-21
3.43553e-21
3.43574e-21
3.43598e-21
3.4362e-21
3.43638e-21
3.4365e-21
3.43656e-21
3.43656e-21
3.43649e-21
3.43639e-21
3.43629e-21
3.43618e-21
3.43608e-21
3.43601e-21
3.43596e-21
3.43596e-21
3.43597e-21
3.43597e-21
3.43598e-21
3.436e-21
3.43601e-21
3.43603e-21
3.43607e-21
3.43608e-21
3.43609e-21
3.4361e-21
3.43611e-21
3.43611e-21
3.43611e-21
3.43611e-21
3.4361e-21
3.4361e-21
3.43613e-21
3.43616e-21
3.43621e-21
3.43625e-21
3.43633e-21
3.43642e-21
3.43652e-21
3.4366e-21
3.43669e-21
3.43675e-21
3.43678e-21
3.43679e-21
3.43674e-21
3.43669e-21
3.43662e-21
3.43653e-21
3.43655e-21
3.43665e-21
3.43683e-21
3.43705e-21
3.43719e-21
3.43709e-21
3.43667e-21
3.43597e-21
3.43517e-21
3.43452e-21
3.43421e-21
3.43422e-21
3.43443e-21
3.43477e-21
3.43511e-21
3.43539e-21
3.43561e-21
3.43584e-21
3.43603e-21
3.43619e-21
3.43636e-21
3.43651e-21
3.43669e-21
3.43685e-21
3.43701e-21
3.43713e-21
3.43721e-21
3.43717e-21
3.43697e-21
3.43664e-21
3.43616e-21
3.43565e-21
3.43518e-21
3.43486e-21
3.43478e-21
3.43484e-21
3.4351e-21
3.43548e-21
3.4359e-21
3.43636e-21
3.43682e-21
3.43726e-21
3.43764e-21
3.43791e-21
3.43803e-21
3.43796e-21
3.43771e-21
3.43732e-21
3.43687e-21
3.43635e-21
3.43583e-21
3.43538e-21
3.43506e-21
3.43485e-21
3.43475e-21
3.43477e-21
3.43487e-21
3.43503e-21
3.43523e-21
3.43549e-21
3.43577e-21
3.43604e-21
3.43632e-21
3.4366e-21
3.43685e-21
3.43709e-21
3.43728e-21
3.43737e-21
3.43738e-21
3.43728e-21
3.43708e-21
3.43683e-21
3.43653e-21
3.43624e-21
3.43603e-21
3.43587e-21
3.43581e-21
3.43583e-21
3.43585e-21
3.4359e-21
3.43594e-21
3.43597e-21
3.43595e-21
3.43595e-21
3.43596e-21
3.436e-21
3.43604e-21
3.4361e-21
3.43618e-21
3.43625e-21
3.43633e-21
3.43638e-21
3.43645e-21
3.43651e-21
3.43658e-21
3.43663e-21
3.4367e-21
3.43675e-21
3.43679e-21
3.43682e-21
3.43684e-21
3.43688e-21
3.43692e-21
3.43697e-21
3.43704e-21
3.43709e-21
3.43716e-21
3.43725e-21
3.43731e-21
3.43739e-21
3.43743e-21
3.43746e-21
3.43746e-21
3.43745e-21
3.43739e-21
3.43725e-21
3.43705e-21
3.4368e-21
3.4365e-21
3.43619e-21
3.43592e-21
3.43573e-21
3.43564e-21
3.43563e-21
3.43571e-21
3.43583e-21
3.43596e-21
3.43608e-21
3.43612e-21
3.43608e-21
3.43603e-21
3.43597e-21
3.43594e-21
3.43592e-21
3.43594e-21
3.436e-21
3.4361e-21
3.4362e-21
3.43629e-21
3.43636e-21
3.43641e-21
3.43645e-21
3.43646e-21
3.43644e-21
3.43643e-21
3.43642e-21
3.43639e-21
3.43639e-21
3.4364e-21
3.43644e-21
3.43655e-21
3.43667e-21
3.43682e-21
3.43702e-21
3.43721e-21
3.4374e-21
3.43749e-21
3.43749e-21
3.43737e-21
3.43721e-21
3.43704e-21
3.43696e-21
3.43701e-21
3.43714e-21
3.43728e-21
3.43726e-21
3.43701e-21
3.43648e-21
3.43581e-21
3.4352e-21
3.43487e-21
3.43485e-21
3.43513e-21
3.43554e-21
3.43599e-21
3.43644e-21
3.43682e-21
3.43714e-21
3.43735e-21
3.43743e-21
3.43736e-21
3.43716e-21
3.43682e-21
3.43641e-21
3.43603e-21
3.4357e-21
3.4355e-21
3.43546e-21
3.43561e-21
3.43596e-21
3.43648e-21
3.43707e-21
3.43762e-21
3.43794e-21
3.43784e-21
3.43734e-21
3.43662e-21
3.43595e-21
3.43554e-21
3.43544e-21
3.43561e-21
3.43584e-21
3.43609e-21
3.43627e-21
3.43637e-21
3.43642e-21
3.43645e-21
3.4365e-21
3.43655e-21
3.43663e-21
3.43675e-21
3.43688e-21
3.43702e-21
3.43717e-21
3.43732e-21
3.4375e-21
3.43762e-21
3.43769e-21
3.43766e-21
3.43751e-21
3.43726e-21
3.43692e-21
3.43654e-21
3.43624e-21
3.43599e-21
3.43584e-21
3.43579e-21
3.43585e-21
3.43597e-21
3.43609e-21
3.4362e-21
3.43633e-21
3.43645e-21
3.43655e-21
3.43666e-21
3.43675e-21
3.43683e-21
3.43689e-21
3.43688e-21
3.43686e-21
3.43676e-21
3.43662e-21
3.43641e-21
3.43623e-21
3.4361e-21
3.43605e-21
3.43608e-21
3.43621e-21
3.43641e-21
3.43662e-21
3.43684e-21
3.43699e-21
3.43707e-21
3.43707e-21
3.43694e-21
3.43677e-21
3.43656e-21
3.4364e-21
3.43627e-21
3.43615e-21
3.43605e-21
3.43595e-21
3.43585e-21
3.43576e-21
3.43569e-21
3.43568e-21
3.43569e-21
3.43575e-21
3.43583e-21
3.43592e-21
3.43598e-21
3.43605e-21
3.4361e-21
3.43614e-21
3.43618e-21
3.43621e-21
3.43623e-21
3.43624e-21
3.43625e-21
3.43626e-21
3.43629e-21
3.43634e-21
3.43638e-21
3.43644e-21
3.43652e-21
3.43663e-21
3.43676e-21
3.4369e-21
3.43707e-21
3.43722e-21
3.43737e-21
3.43747e-21
3.43754e-21
3.43752e-21
3.43737e-21
3.43719e-21
3.437e-21
3.43684e-21
3.43674e-21
3.43674e-21
3.43676e-21
3.4368e-21
3.43683e-21
3.43677e-21
3.43665e-21
3.4364e-21
3.43612e-21
3.4358e-21
3.43544e-21
3.43509e-21
3.43474e-21
3.4345e-21
3.43438e-21
3.43441e-21
3.43456e-21
3.43481e-21
3.43512e-21
3.43547e-21
3.43579e-21
3.43606e-21
3.43629e-21
3.43648e-21
3.43667e-21
3.43682e-21
3.43694e-21
3.43704e-21
3.4371e-21
3.43714e-21
3.43716e-21
3.43714e-21
3.43707e-21
3.43697e-21
3.43686e-21
3.43672e-21
3.43659e-21
3.43647e-21
3.43637e-21
3.43631e-21
3.43629e-21
3.43631e-21
3.43637e-21
3.43645e-21
3.4365e-21
3.43654e-21
3.43659e-21
3.43661e-21
3.43661e-21
3.43659e-21
3.43655e-21
3.43652e-21
3.43647e-21
3.43645e-21
3.43645e-21
3.43647e-21
3.43648e-21
3.43653e-21
3.4366e-21
3.43666e-21
3.43669e-21
3.43669e-21
3.43666e-21
3.43661e-21
3.43653e-21
3.43648e-21
3.43644e-21
3.4364e-21
3.43639e-21
3.43641e-21
3.43645e-21
3.43649e-21
3.43653e-21
3.4366e-21
3.43667e-21
3.43676e-21
3.43686e-21
3.43695e-21
3.43703e-21
3.43714e-21
3.43722e-21
3.4373e-21
3.43735e-21
3.4373e-21
3.43714e-21
3.43686e-21
3.43645e-21
3.43602e-21
3.43557e-21
3.43525e-21
3.43509e-21
3.43507e-21
3.43518e-21
3.4354e-21
3.43565e-21
3.43594e-21
3.43623e-21
3.43651e-21
3.43679e-21
3.43704e-21
3.4373e-21
3.43749e-21
3.43767e-21
3.43779e-21
3.43778e-21
3.43767e-21
3.43739e-21
3.43699e-21
3.43653e-21
3.43607e-21
3.43572e-21
3.4355e-21
3.43545e-21
3.4355e-21
3.43563e-21
3.4358e-21
3.43597e-21
3.43613e-21
3.43625e-21
3.43635e-21
3.43643e-21
3.43649e-21
3.4365e-21
3.4365e-21
3.43648e-21
3.43641e-21
3.43633e-21
3.43627e-21
3.4362e-21
3.43613e-21
3.4361e-21
3.43607e-21
3.43607e-21
3.43608e-21
3.43609e-21
3.43609e-21
3.43612e-21
3.43613e-21
3.43615e-21
3.43617e-21
3.43621e-21
3.43623e-21
3.43625e-21
3.43627e-21
3.43627e-21
3.43632e-21
3.43636e-21
3.43641e-21
3.43646e-21
3.43649e-21
3.43655e-21
3.43657e-21
3.43657e-21
3.43657e-21
3.43655e-21
3.43649e-21
3.43643e-21
3.43637e-21
3.43631e-21
3.43626e-21
3.43624e-21
3.43625e-21
3.43631e-21
3.43639e-21
3.43654e-21
3.43671e-21
3.43689e-21
3.4371e-21
3.43726e-21
3.43742e-21
3.43751e-21
3.43754e-21
3.43748e-21
3.43735e-21
3.43718e-21
3.43699e-21
3.43687e-21
3.43683e-21
3.43697e-21
3.43721e-21
3.43746e-21
3.43757e-21
3.43735e-21
3.43669e-21
3.43573e-21
3.43476e-21
3.43412e-21
3.43395e-21
3.43414e-21
3.43454e-21
3.43498e-21
3.43535e-21
3.43563e-21
3.4358e-21
3.43594e-21
3.43608e-21
3.43621e-21
3.43635e-21
3.43647e-21
3.43653e-21
3.43647e-21
3.43631e-21
3.43607e-21
3.43581e-21
3.43564e-21
3.43559e-21
3.43562e-21
3.43575e-21
3.43595e-21
3.43617e-21
3.43644e-21
3.43671e-21
3.43698e-21
3.43723e-21
3.43746e-21
3.43759e-21
3.43756e-21
3.43729e-21
3.43678e-21
3.43616e-21
3.43556e-21
3.43514e-21
3.43499e-21
3.43509e-21
3.43534e-21
3.43566e-21
3.43596e-21
3.4362e-21
3.43639e-21
3.43652e-21
3.43662e-21
3.4367e-21
3.43681e-21
3.43695e-21
3.43715e-21
3.43744e-21
3.43781e-21
3.43816e-21
3.43839e-21
3.43836e-21
3.438e-21
3.43725e-21
3.43628e-21
3.43534e-21
3.43463e-21
3.43422e-21
3.4341e-21
3.43418e-21
3.43445e-21
3.43477e-21
3.43516e-21
3.43555e-21
3.43592e-21
3.43627e-21
3.43656e-21
3.4368e-21
3.43699e-21
3.43713e-21
3.43724e-21
3.43726e-21
3.43724e-21
3.43715e-21
3.43702e-21
3.43683e-21
3.43663e-21
3.43643e-21
3.43627e-21
3.4362e-21
3.43622e-21
3.43628e-21
3.43639e-21
3.4365e-21
3.43661e-21
3.43672e-21
3.43679e-21
3.43678e-21
3.43676e-21
3.43672e-21
3.43661e-21
3.43651e-21
3.4364e-21
3.43633e-21
3.43625e-21
3.43618e-21
3.43613e-21
3.43611e-21
3.4361e-21
3.43613e-21
3.43614e-21
3.4362e-21
3.43625e-21
3.43634e-21
3.4364e-21
3.43648e-21
3.43653e-21
3.4366e-21
3.43664e-21
3.43671e-21
3.43676e-21
3.43685e-21
3.43697e-21
3.43706e-21
3.4372e-21
3.4373e-21
3.43734e-21
3.4373e-21
3.43719e-21
3.43702e-21
3.43684e-21
3.43663e-21
3.43649e-21
3.43643e-21
3.43643e-21
3.4365e-21
3.43657e-21
3.43667e-21
3.4367e-21
3.43667e-21
3.43656e-21
3.43639e-21
3.43619e-21
3.436e-21
3.43583e-21
3.43575e-21
3.43575e-21
3.4358e-21
3.43586e-21
3.43595e-21
3.43604e-21
3.43611e-21
3.43615e-21
3.43618e-21
3.43619e-21
3.4362e-21
3.43619e-21
3.43619e-21
3.43622e-21
3.43625e-21
3.43633e-21
3.43642e-21
3.43657e-21
3.43674e-21
3.43693e-21
3.43709e-21
3.4372e-21
3.43725e-21
3.43721e-21
3.43708e-21
3.43689e-21
3.43668e-21
3.43646e-21
3.43627e-21
3.43612e-21
3.43597e-21
3.43584e-21
3.43575e-21
3.43569e-21
3.43567e-21
3.43568e-21
3.43572e-21
3.4358e-21
3.43587e-21
3.43594e-21
3.436e-21
3.43608e-21
3.43616e-21
3.43624e-21
3.43634e-21
3.43642e-21
3.43648e-21
3.43652e-21
3.43654e-21
3.43653e-21
3.43648e-21
3.43643e-21
3.4364e-21
3.43638e-21
3.43638e-21
3.43639e-21
3.43647e-21
3.43656e-21
3.43666e-21
3.43675e-21
3.43682e-21
3.43684e-21
3.43683e-21
3.43677e-21
3.43667e-21
3.43659e-21
3.43655e-21
3.43656e-21
3.43661e-21
3.43661e-21
3.43655e-21
3.4364e-21
3.43618e-21
3.43599e-21
3.43586e-21
3.43582e-21
3.43583e-21
3.4358e-21
3.43572e-21
3.43562e-21
3.43554e-21
3.43541e-21
3.43532e-21
3.43524e-21
3.43522e-21
3.43525e-21
3.43536e-21
3.43555e-21
3.43577e-21
3.43605e-21
3.43634e-21
3.43662e-21
3.43686e-21
3.43707e-21
3.43721e-21
3.43724e-21
3.43723e-21
3.43712e-21
3.43694e-21
3.43673e-21
3.43649e-21
3.43625e-21
3.43608e-21
3.43602e-21
3.43607e-21
3.4362e-21
3.43642e-21
3.43666e-21
3.43688e-21
3.43706e-21
3.43713e-21
3.43709e-21
3.43693e-21
3.43667e-21
3.4363e-21
3.4359e-21
3.43554e-21
3.43525e-21
3.43506e-21
3.43502e-21
3.4351e-21
3.43525e-21
3.4355e-21
3.43573e-21
3.43598e-21
3.4362e-21
3.43637e-21
3.43651e-21
3.43656e-21
3.43659e-21
3.43661e-21
3.43663e-21
3.43664e-21
3.43668e-21
3.43672e-21
3.43675e-21
3.43673e-21
3.43664e-21
3.43652e-21
3.43635e-21
3.43611e-21
3.4359e-21
3.43572e-21
3.43558e-21
3.43553e-21
3.43555e-21
3.43562e-21
3.43576e-21
3.43588e-21
3.43603e-21
3.43615e-21
3.43625e-21
3.4363e-21
3.43634e-21
3.43634e-21
3.43631e-21
3.43627e-21
3.43623e-21
3.43621e-21
3.43626e-21
3.43634e-21
3.43648e-21
3.43669e-21
3.43687e-21
3.43709e-21
3.43721e-21
3.4372e-21
3.43704e-21
3.43674e-21
3.4364e-21
3.43608e-21
3.43582e-21
3.43566e-21
3.43561e-21
3.43562e-21
3.43565e-21
3.43569e-21
3.43572e-21
3.43575e-21
3.43579e-21
3.43584e-21
3.43595e-21
3.43606e-21
3.43617e-21
3.43623e-21
3.43626e-21
3.43623e-21
3.43617e-21
3.4361e-21
3.43605e-21
3.43605e-21
3.4361e-21
3.43616e-21
3.43624e-21
3.4363e-21
3.43638e-21
3.43644e-21
3.43649e-21
3.43652e-21
3.43655e-21
3.43658e-21
3.43662e-21
3.43666e-21
3.43669e-21
3.43674e-21
3.43678e-21
3.43681e-21
3.43683e-21
3.43684e-21
3.43677e-21
3.43669e-21
3.43655e-21
3.43636e-21
3.43612e-21
3.43587e-21
3.4356e-21
3.43539e-21
3.43525e-21
3.43521e-21
3.4353e-21
3.43554e-21
3.43598e-21
3.43655e-21
3.43728e-21
3.43802e-21
3.43849e-21
3.43843e-21
3.43764e-21
3.43633e-21
3.43504e-21
3.43428e-21
3.43418e-21
3.43456e-21
3.43513e-21
3.43569e-21
3.43611e-21
3.43636e-21
3.43648e-21
3.43652e-21
3.43649e-21
3.43648e-21
3.43647e-21
3.43651e-21
3.43657e-21
3.43666e-21
3.43679e-21
3.4369e-21
3.43703e-21
3.43711e-21
3.43714e-21
3.4371e-21
3.43691e-21
3.4366e-21
3.43623e-21
3.43589e-21
3.43567e-21
3.43562e-21
3.43569e-21
3.43587e-21
3.43604e-21
3.43619e-21
3.43627e-21
3.4363e-21
3.43631e-21
3.43639e-21
3.43652e-21
3.43666e-21
3.43677e-21
3.43685e-21
3.43687e-21
3.43684e-21
3.43678e-21
3.43673e-21
3.4367e-21
3.43672e-21
3.43675e-21
3.4368e-21
3.43683e-21
3.43681e-21
3.43676e-21
3.43662e-21
3.43645e-21
3.43623e-21
3.436e-21
3.43577e-21
3.4356e-21
3.43549e-21
3.43552e-21
3.43566e-21
3.43588e-21
3.43609e-21
3.43628e-21
3.43642e-21
3.43652e-21
3.43662e-21
3.43681e-21
3.43708e-21
3.43741e-21
3.43771e-21
3.43792e-21
3.43792e-21
3.43766e-21
3.43719e-21
3.43661e-21
3.43603e-21
3.4356e-21
3.43535e-21
3.43527e-21
3.43532e-21
3.43541e-21
3.43552e-21
3.43559e-21
3.43567e-21
3.43571e-21
3.43572e-21
3.43572e-21
3.43571e-21
3.43569e-21
3.43567e-21
3.43566e-21
3.43567e-21
3.43569e-21
3.43571e-21
3.43578e-21
3.43585e-21
3.43594e-21
3.43601e-21
3.43607e-21
3.43612e-21
3.43622e-21
3.43633e-21
3.43646e-21
3.43666e-21
3.43689e-21
3.43715e-21
3.4374e-21
3.43767e-21
3.43786e-21
3.43795e-21
3.43786e-21
3.4375e-21
3.43694e-21
3.43628e-21
3.43565e-21
3.43515e-21
3.43484e-21
3.43469e-21
3.43466e-21
3.43468e-21
3.43473e-21
3.43478e-21
3.43483e-21
3.43485e-21
3.43486e-21
3.43489e-21
3.43494e-21
3.43502e-21
3.43515e-21
3.4353e-21
3.4355e-21
3.43572e-21
3.43599e-21
3.43633e-21
3.43671e-21
3.43711e-21
3.43754e-21
3.43792e-21
3.43816e-21
3.43817e-21
3.43792e-21
3.43737e-21
3.43657e-21
3.43575e-21
3.43502e-21
3.43454e-21
3.43435e-21
3.43442e-21
3.43466e-21
3.43501e-21
3.43539e-21
3.43577e-21
3.43614e-21
3.43651e-21
3.43688e-21
3.43724e-21
3.43764e-21
3.438e-21
3.43832e-21
3.43849e-21
3.43841e-21
3.43801e-21
3.43725e-21
3.43626e-21
3.43522e-21
3.43438e-21
3.43387e-21
3.4337e-21
3.43382e-21
3.43413e-21
3.43454e-21
3.43497e-21
3.43534e-21
3.43569e-21
3.436e-21
3.43621e-21
3.43634e-21
3.43643e-21
3.43647e-21
3.43646e-21
3.43645e-21
3.4364e-21
3.43635e-21
3.43635e-21
3.43636e-21
3.43637e-21
3.43638e-21
3.43643e-21
3.43649e-21
3.43658e-21
3.43667e-21
3.43674e-21
3.43684e-21
3.4369e-21
3.43698e-21
3.43703e-21
3.43711e-21
3.43718e-21
3.43727e-21
3.43735e-21
3.43743e-21
3.43749e-21
3.43756e-21
3.43758e-21
3.43757e-21
3.43749e-21
3.43736e-21
3.43715e-21
3.4369e-21
3.43664e-21
3.43638e-21
3.43617e-21
3.43603e-21
3.43597e-21
3.43595e-21
3.43596e-21
3.43596e-21
3.43593e-21
3.43582e-21
3.43567e-21
3.43543e-21
3.43523e-21
3.43505e-21
3.435e-21
3.43504e-21
3.43519e-21
3.43536e-21
3.43555e-21
3.43575e-21
3.43594e-21
3.43609e-21
3.43621e-21
3.43633e-21
3.43644e-21
3.43653e-21
3.43662e-21
3.43669e-21
3.43675e-21
3.43681e-21
3.43686e-21
3.4369e-21
3.43693e-21
3.43694e-21
3.43691e-21
3.43683e-21
3.43676e-21
3.43665e-21
3.43652e-21
3.43638e-21
3.43623e-21
3.4361e-21
3.43597e-21
3.43589e-21
3.43585e-21
3.43583e-21
3.43585e-21
3.43595e-21
3.43606e-21
3.43621e-21
3.43637e-21
3.43659e-21
