2.98221e-21
2.98222e-21
2.98225e-21
2.98228e-21
2.98233e-21
2.98239e-21
2.98246e-21
2.98254e-21
2.98263e-21
2.98273e-21
2.98284e-21
2.98297e-21
2.98311e-21
2.98326e-21
2.98342e-21
2.98359e-21
2.98378e-21
2.98398e-21
2.98419e-21
2.98442e-21
2.98466e-21
2.98492e-21
2.98519e-21
2.98548e-21
2.98578e-21
2.9861e-21
2.98643e-21
2.98678e-21
2.98715e-21
2.98753e-21
2.98794e-21
2.98836e-21
2.9888e-21
2.98926e-21
2.98974e-21
2.99024e-21
2.99077e-21
2.99131e-21
2.99188e-21
2.99248e-21
2.99309e-21
2.99374e-21
2.99441e-21
2.9951e-21
2.99583e-21
2.99659e-21
2.99737e-21
2.99819e-21
2.99905e-21
2.99993e-21
3.00086e-21
3.00182e-21
3.00282e-21
3.00386e-21
3.00494e-21
3.00607e-21
3.00724e-21
3.00847e-21
3.00974e-21
3.01106e-21
3.01244e-21
3.01387e-21
3.01536e-21
3.01692e-21
3.01853e-21
3.02022e-21
3.02197e-21
3.02379e-21
3.02569e-21
3.02767e-21
3.02973e-21
3.03188e-21
3.03411e-21
3.03643e-21
3.03885e-21
3.04137e-21
3.04399e-21
3.04671e-21
3.04955e-21
3.0525e-21
3.05558e-21
3.05877e-21
3.0621e-21
3.06556e-21
3.06915e-21
3.07289e-21
3.07677e-21
3.0808e-21
3.08498e-21
3.08932e-21
3.09383e-21
3.09849e-21
3.10331e-21
3.10829e-21
3.11343e-21
3.11871e-21
3.12414e-21
3.12969e-21
3.13534e-21
3.14107e-21
3.14685e-21
3.15262e-21
3.15835e-21
3.16397e-21
3.16941e-21
3.1746e-21
3.17947e-21
3.18395e-21
3.188e-21
3.19157e-21
3.19467e-21
3.1973e-21
3.19946e-21
3.20113e-21
3.20222e-21
3.20255e-21
3.20186e-21
3.1998e-21
3.1961e-21
3.19059e-21
3.18342e-21
3.17515e-21
3.16686e-21
3.16001e-21
3.1562e-21
3.15668e-21
3.16196e-21
3.17162e-21
3.18448e-21
3.19891e-21
3.21325e-21
3.22612e-21
3.23666e-21
3.24471e-21
3.25064e-21
3.25509e-21
3.2585e-21
3.26083e-21
3.26158e-21
3.26009e-21
3.256e-21
3.24953e-21
3.24153e-21
3.23325e-21
3.22602e-21
3.22095e-21
3.21874e-21
3.21974e-21
3.22397e-21
3.23124e-21
3.24114e-21
3.25307e-21
3.26634e-21
3.28029e-21
3.29433e-21
3.30792e-21
3.32059e-21
3.33188e-21
3.34141e-21
3.3489e-21
3.3542e-21
3.35728e-21
3.3582e-21
3.35713e-21
3.35428e-21
3.34996e-21
3.34452e-21
3.33835e-21
3.33187e-21
3.32543e-21
3.31932e-21
3.31377e-21
3.309e-21
3.30535e-21
3.30328e-21
3.30332e-21
3.30584e-21
3.31084e-21
3.31782e-21
3.32588e-21
3.334e-21
3.34126e-21
3.34704e-21
3.35106e-21
3.35329e-21
3.35391e-21
3.3532e-21
3.35153e-21
3.3493e-21
3.34691e-21
3.34476e-21
3.3432e-21
3.34253e-21
3.34292e-21
3.34447e-21
3.34712e-21
3.35072e-21
3.35502e-21
3.35973e-21
3.36456e-21
3.36923e-21
3.3735e-21
3.37723e-21
3.38028e-21
3.38262e-21
3.38421e-21
3.38505e-21
3.38516e-21
3.38452e-21
3.38312e-21
3.3809e-21
3.37778e-21
3.37369e-21
3.36859e-21
3.3626e-21
3.35599e-21
3.34927e-21
3.34314e-21
3.33839e-21
3.33569e-21
3.33538e-21
3.33741e-21
3.34127e-21
3.34614e-21
3.35107e-21
3.35513e-21
3.35755e-21
3.3579e-21
3.35625e-21
3.35327e-21
3.35027e-21
3.34886e-21
3.35042e-21
3.35548e-21
3.36345e-21
3.3729e-21
3.38216e-21
3.38982e-21
3.39501e-21
3.39738e-21
3.39702e-21
3.39442e-21
3.39044e-21
3.38623e-21
3.38309e-21
3.38208e-21
3.38368e-21
3.38753e-21
3.39257e-21
3.39742e-21
2.96772e-21
2.96921e-21
2.96856e-21
2.96601e-21
2.96224e-21
2.95821e-21
2.95489e-21
2.95303e-21
2.95294e-21
2.95453e-21
2.95746e-21
2.9613e-21
2.96568e-21
2.97033e-21
2.97503e-21
2.97958e-21
2.9838e-21
2.98755e-21
2.99072e-21
2.9933e-21
2.99535e-21
2.99699e-21
2.99835e-21
2.99955e-21
3.00067e-21
3.0017e-21
3.00256e-21
3.00305e-21
3.00295e-21
3.00201e-21
2.99999e-21
2.99676e-21
2.99232e-21
2.98682e-21
2.98062e-21
2.97424e-21
2.96836e-21
2.96369e-21
2.96086e-21
2.9603e-21
2.9621e-21
2.96602e-21
2.97153e-21
2.97798e-21
2.98476e-21
2.99137e-21
2.99749e-21
3.00297e-21
3.00777e-21
3.01194e-21
3.01555e-21
3.01871e-21
3.02153e-21
3.0241e-21
3.02654e-21
3.02893e-21
3.03136e-21
3.03387e-21
3.03649e-21
3.03921e-21
3.04198e-21
3.04469e-21
3.04717e-21
3.0492e-21
3.05052e-21
3.05081e-21
3.04978e-21
3.04713e-21
3.04272e-21
3.0366e-21
3.02915e-21
3.02107e-21
3.01336e-21
3.00711e-21
3.00326e-21
3.00242e-21
3.00484e-21
3.01043e-21
3.01872e-21
3.02887e-21
3.03976e-21
3.05014e-21
3.05884e-21
3.06499e-21
3.06799e-21
3.0675e-21
3.06338e-21
3.0556e-21
3.04432e-21
3.02988e-21
3.01299e-21
2.99475e-21
2.97663e-21
2.96039e-21
2.94774e-21
2.94016e-21
2.93848e-21
2.94276e-21
2.95213e-21
2.96505e-21
2.97971e-21
2.99458e-21
3.00856e-21
3.02103e-21
3.03173e-21
3.04059e-21
3.04764e-21
3.05298e-21
3.05674e-21
3.05905e-21
3.06009e-21
3.06002e-21
3.05902e-21
3.05725e-21
3.0549e-21
3.05216e-21
3.04921e-21
3.04626e-21
3.04353e-21
3.04119e-21
3.03941e-21
3.03832e-21
3.03798e-21
3.03839e-21
3.03949e-21
3.04118e-21
3.04333e-21
3.04582e-21
3.04853e-21
3.05135e-21
3.0542e-21
3.05702e-21
3.05977e-21
3.06239e-21
3.06487e-21
3.06716e-21
3.06924e-21
3.07106e-21
3.07258e-21
3.07375e-21
3.0745e-21
3.07476e-21
3.07444e-21
3.07346e-21
3.07171e-21
3.06907e-21
3.06541e-21
3.06063e-21
3.05456e-21
3.04708e-21
3.038e-21
3.02714e-21
3.01431e-21
2.99951e-21
2.98318e-21
2.9667e-21
2.95272e-21
2.94467e-21
2.94532e-21
2.95496e-21
2.97101e-21
2.98933e-21
3.00619e-21
3.01926e-21
3.02766e-21
3.03141e-21
3.03105e-21
3.02732e-21
3.02119e-21
3.0138e-21
3.00647e-21
3.00055e-21
2.99717e-21
2.99693e-21
2.99973e-21
3.00486e-21
3.01129e-21
3.01795e-21
3.02402e-21
3.02896e-21
3.03255e-21
3.0348e-21
3.03585e-21
3.03592e-21
3.03521e-21
3.03384e-21
3.03173e-21
3.02862e-21
3.02402e-21
3.01729e-21
3.00778e-21
2.9951e-21
2.97947e-21
2.96212e-21
2.94541e-21
2.93238e-21
2.92572e-21
2.92659e-21
2.93403e-21
2.94564e-21
2.95857e-21
2.97051e-21
2.98e-21
2.98642e-21
2.98971e-21
2.99019e-21
2.9884e-21
2.985e-21
2.98079e-21
2.97666e-21
2.97353e-21
2.97213e-21
2.97285e-21
2.97562e-21
2.97991e-21
2.98496e-21
2.99001e-21
2.99445e-21
2.99792e-21
3.00028e-21
3.00157e-21
3.00192e-21
3.00152e-21
3.00057e-21
2.99928e-21
2.99781e-21
2.99628e-21
2.99479e-21
2.99336e-21
2.99198e-21
2.99057e-21
2.98903e-21
2.98719e-21
2.98488e-21
2.9819e-21
2.97807e-21
2.97328e-21
2.9675e-21
2.96086e-21
2.9537e-21
2.94659e-21
2.94019e-21
2.93516e-21
2.93192e-21
2.93053e-21
2.93066e-21
2.9318e-21
2.93339e-21
2.93501e-21
2.93634e-21
2.89022e-21
2.89067e-21
2.89066e-21
2.89046e-21
2.89045e-21
2.89104e-21
2.89244e-21
2.89462e-21
2.89727e-21
2.89997e-21
2.90232e-21
2.90405e-21
2.90507e-21
2.90539e-21
2.9051e-21
2.90426e-21
2.90292e-21
2.90105e-21
2.89864e-21
2.89573e-21
2.89244e-21
2.88906e-21
2.88605e-21
2.88393e-21
2.8832e-21
2.88414e-21
2.88674e-21
2.89068e-21
2.89542e-21
2.90039e-21
2.90508e-21
2.90914e-21
2.91238e-21
2.91476e-21
2.91631e-21
2.91714e-21
2.91735e-21
2.91705e-21
2.91636e-21
2.91535e-21
2.91409e-21
2.91265e-21
2.91107e-21
2.9094e-21
2.90767e-21
2.90592e-21
2.90418e-21
2.9025e-21
2.9009e-21
2.89939e-21
2.89799e-21
2.89669e-21
2.89547e-21
2.8943e-21
2.89317e-21
2.89204e-21
2.89094e-21
2.88988e-21
2.88891e-21
2.88809e-21
2.88747e-21
2.88708e-21
2.88693e-21
2.88696e-21
2.88713e-21
2.88736e-21
2.8876e-21
2.88784e-21
2.88805e-21
2.88824e-21
2.88841e-21
2.88849e-21
2.88843e-21
2.88809e-21
2.88735e-21
2.88606e-21
2.88411e-21
2.88144e-21
2.87807e-21
2.87417e-21
2.87006e-21
2.86617e-21
2.86302e-21
2.86109e-21
2.86072e-21
2.86203e-21
2.86497e-21
2.86935e-21
2.87494e-21
2.88144e-21
2.88858e-21
2.89603e-21
2.9035e-21
2.91072e-21
2.91748e-21
2.92365e-21
2.92916e-21
2.93402e-21
2.93826e-21
2.94196e-21
2.94518e-21
2.948e-21
2.95048e-21
2.95269e-21
2.95466e-21
2.95643e-21
2.95802e-21
2.95944e-21
2.96069e-21
2.96177e-21
2.96265e-21
2.96331e-21
2.96371e-21
2.96379e-21
2.96348e-21
2.96268e-21
2.96123e-21
2.95896e-21
2.95565e-21
2.95103e-21
2.94489e-21
2.93709e-21
2.92776e-21
2.91735e-21
2.90676e-21
2.89714e-21
2.88953e-21
2.88442e-21
2.88143e-21
2.87954e-21
2.87773e-21
2.87562e-21
2.87387e-21
2.87394e-21
2.87727e-21
2.88446e-21
2.89483e-21
2.90686e-21
2.91899e-21
2.9302e-21
2.94018e-21
2.94914e-21
2.95747e-21
2.96551e-21
2.97343e-21
2.98118e-21
2.9886e-21
2.99548e-21
3.00166e-21
3.007e-21
3.01148e-21
3.01511e-21
3.01792e-21
3.02e-21
3.0214e-21
3.02218e-21
3.02239e-21
3.02206e-21
3.02118e-21
3.01975e-21
3.01776e-21
3.01519e-21
3.01203e-21
3.00832e-21
3.0041e-21
2.99953e-21
2.99479e-21
2.99014e-21
2.98585e-21
2.9822e-21
2.97932e-21
2.97724e-21
2.97578e-21
2.97463e-21
2.97337e-21
2.97157e-21
2.96878e-21
2.96462e-21
2.95877e-21
2.95108e-21
2.9418e-21
2.93202e-21
2.92386e-21
2.92017e-21
2.92334e-21
2.93383e-21
2.94975e-21
2.96784e-21
2.98503e-21
2.99934e-21
3.00997e-21
3.01692e-21
3.02061e-21
3.02166e-21
3.02079e-21
3.01877e-21
3.01637e-21
3.01429e-21
3.01306e-21
3.01295e-21
3.01393e-21
3.01574e-21
3.01797e-21
3.02022e-21
3.02216e-21
3.0236e-21
3.02448e-21
3.02482e-21
3.02472e-21
3.02424e-21
3.02345e-21
3.02234e-21
3.02089e-21
3.01903e-21
3.01672e-21
3.01394e-21
3.01074e-21
3.0073e-21
3.00386e-21
3.00078e-21
2.99846e-21
2.99727e-21
2.99746e-21
2.99909e-21
3.00204e-21
3.00595e-21
3.01041e-21
3.01495e-21
3.01914e-21
3.02266e-21
3.0253e-21
3.02694e-21
3.02754e-21
3.02717e-21
3.02594e-21
3.02402e-21
3.02165e-21
3.0191e-21
3.01666e-21
3.01463e-21
3.01327e-21
3.01275e-21
3.01313e-21
3.01435e-21
3.01624e-21
3.01847e-21
3.02064e-21
3.02223e-21
3.02266e-21
3.0213e-21
3.08996e-21
3.08303e-21
3.07279e-21
3.05964e-21
3.04499e-21
3.03133e-21
3.02155e-21
3.0177e-21
3.01986e-21
3.02622e-21
3.03413e-21
3.04144e-21
3.04707e-21
3.05087e-21
3.05326e-21
3.05481e-21
3.05602e-21
3.0572e-21
3.05849e-21
3.0599e-21
3.06135e-21
3.06274e-21
3.06395e-21
3.06491e-21
3.06554e-21
3.06582e-21
3.06574e-21
3.06532e-21
3.06463e-21
3.06374e-21
3.06275e-21
3.06176e-21
3.06088e-21
3.06021e-21
3.05983e-21
3.0598e-21
3.06017e-21
3.06093e-21
3.06205e-21
3.06349e-21
3.06514e-21
3.06683e-21
3.06837e-21
3.06952e-21
3.07003e-21
3.06971e-21
3.06848e-21
3.06645e-21
3.06399e-21
3.06169e-21
3.06027e-21
3.06038e-21
3.06227e-21
3.06569e-21
3.06983e-21
3.07351e-21
3.07542e-21
3.07435e-21
3.06944e-21
3.06046e-21
3.04824e-21
3.03501e-21
3.02423e-21
3.01936e-21
3.0221e-21
3.03138e-21
3.04406e-21
3.05675e-21
3.06707e-21
3.07407e-21
3.07782e-21
3.07892e-21
3.07824e-21
3.07661e-21
3.07479e-21
3.07338e-21
3.0728e-21
3.07325e-21
3.07476e-21
3.07717e-21
3.08022e-21
3.08362e-21
3.08707e-21
3.09035e-21
3.0933e-21
3.09588e-21
3.09811e-21
3.10008e-21
3.10191e-21
3.10373e-21
3.10566e-21
3.10777e-21
3.11011e-21
3.11269e-21
3.11548e-21
3.11842e-21
3.12143e-21
3.12443e-21
3.12731e-21
3.12997e-21
3.13229e-21
3.13416e-21
3.13544e-21
3.136e-21
3.13567e-21
3.13427e-21
3.13158e-21
3.12731e-21
3.12112e-21
3.11265e-21
3.10154e-21
3.08759e-21
3.07099e-21
3.05258e-21
3.03402e-21
3.0176e-21
3.0057e-21
3.00004e-21
3.0012e-21
3.00885e-21
3.02203e-21
3.03939e-21
3.05932e-21
3.08006e-21
3.10003e-21
3.11803e-21
3.13339e-21
3.14589e-21
3.15565e-21
3.16298e-21
3.16827e-21
3.17197e-21
3.17447e-21
3.17616e-21
3.17737e-21
3.17836e-21
3.17935e-21
3.18047e-21
3.18181e-21
3.18337e-21
3.18509e-21
3.18686e-21
3.18851e-21
3.18983e-21
3.19057e-21
3.19045e-21
3.18919e-21
3.18653e-21
3.18229e-21
3.17649e-21
3.16937e-21
3.16152e-21
3.15381e-21
3.14723e-21
3.14255e-21
3.14003e-21
3.13934e-21
3.13967e-21
3.14013e-21
3.14006e-21
3.13916e-21
3.13751e-21
3.13544e-21
3.13339e-21
3.13169e-21
3.13057e-21
3.13004e-21
3.12998e-21
3.13017e-21
3.13033e-21
3.13018e-21
3.1295e-21
3.12817e-21
3.12629e-21
3.12421e-21
3.12252e-21
3.12199e-21
3.12332e-21
3.12696e-21
3.13295e-21
3.14086e-21
3.14995e-21
3.15936e-21
3.16831e-21
3.17621e-21
3.1827e-21
3.18766e-21
3.19108e-21
3.19309e-21
3.19385e-21
3.19357e-21
3.19244e-21
3.19068e-21
3.1885e-21
3.18611e-21
3.18368e-21
3.18139e-21
3.17935e-21
3.17761e-21
3.17614e-21
3.17481e-21
3.17335e-21
3.17141e-21
3.16849e-21
3.16403e-21
3.15751e-21
3.1486e-21
3.13744e-21
3.12501e-21
3.11323e-21
3.10461e-21
3.10135e-21
3.10417e-21
3.11195e-21
3.12237e-21
3.133e-21
3.14214e-21
3.14895e-21
3.15325e-21
3.15517e-21
3.15497e-21
3.15289e-21
3.14917e-21
3.14409e-21
3.138e-21
3.13139e-21
3.1248e-21
3.11882e-21
3.11392e-21
3.1104e-21
3.1083e-21
3.10742e-21
3.10742e-21
3.10792e-21
3.10862e-21
3.10936e-21
3.11008e-21
3.11087e-21
3.11185e-21
3.11313e-21
3.11481e-21
3.11692e-21
3.11945e-21
3.1223e-21
3.12536e-21
3.12851e-21
3.13161e-21
3.13455e-21
3.13726e-21
3.13967e-21
3.14176e-21
3.14353e-21
3.14498e-21
3.14614e-21
3.14701e-21
3.14762e-21
3.14796e-21
3.14804e-21
3.14781e-21
3.14723e-21
3.14622e-21
3.14471e-21
3.14258e-21
3.13977e-21
3.1362e-21
3.13187e-21
3.12683e-21
3.12125e-21
3.11537e-21
3.10954e-21
3.10418e-21
3.09969e-21
3.09637e-21
3.09437e-21
3.09362e-21
3.09375e-21
3.09419e-21
3.09419e-21
3.09289e-21
3.08944e-21
3.08316e-21
3.07373e-21
3.06156e-21
3.04808e-21
3.03583e-21
3.02787e-21
3.02651e-21
3.03215e-21
3.04305e-21
3.05643e-21
3.06971e-21
3.0813e-21
3.09056e-21
3.09753e-21
3.10252e-21
3.10595e-21
3.1082e-21
3.10956e-21
3.11024e-21
3.11039e-21
3.11011e-21
3.10947e-21
3.1085e-21
3.10725e-21
3.10573e-21
3.10396e-21
3.10195e-21
3.09971e-21
3.09725e-21
3.09459e-21
3.09174e-21
3.08872e-21
3.08557e-21
3.08232e-21
3.07905e-21
3.07583e-21
3.07273e-21
3.06984e-21
3.06724e-21
3.06497e-21
3.06305e-21
3.06146e-21
3.06014e-21
3.05903e-21
3.05803e-21
3.05706e-21
3.05608e-21
3.05507e-21
3.05405e-21
3.05308e-21
3.05225e-21
3.05161e-21
3.05124e-21
3.05116e-21
3.05131e-21
3.05164e-21
3.05201e-21
3.0523e-21
3.05237e-21
3.05209e-21
3.05139e-21
3.05021e-21
3.04855e-21
3.04647e-21
3.04408e-21
3.04156e-21
3.03915e-21
3.0371e-21
3.03566e-21
3.03499e-21
3.03512e-21
3.03593e-21
3.03714e-21
3.0384e-21
3.0393e-21
3.03947e-21
3.03861e-21
3.03653e-21
3.03319e-21
3.02868e-21
3.02327e-21
3.01732e-21
3.01131e-21
3.00569e-21
3.00087e-21
2.99705e-21
2.99424e-21
2.99224e-21
2.99074e-21
2.98937e-21
2.9878e-21
2.98582e-21
2.98342e-21
2.98082e-21
2.9785e-21
2.97708e-21
2.97716e-21
2.97912e-21
2.9829e-21
2.98804e-21
2.99381e-21
2.99948e-21
3.00446e-21
3.00842e-21
3.01128e-21
3.01315e-21
3.01421e-21
3.01469e-21
3.01479e-21
3.01466e-21
3.01441e-21
3.01409e-21
3.01368e-21
3.01314e-21
3.01237e-21
3.01122e-21
3.00958e-21
3.00734e-21
3.00443e-21
3.00092e-21
2.99692e-21
2.99266e-21
2.98841e-21
2.98444e-21
2.98098e-21
2.97816e-21
2.976e-21
2.97444e-21
2.97341e-21
2.97288e-21
2.97293e-21
2.97375e-21
2.97559e-21
2.97871e-21
2.98321e-21
2.98906e-21
2.99604e-21
3.00381e-21
3.01191e-21
3.01994e-21
3.02749e-21
3.03427e-21
3.04008e-21
3.04479e-21
3.04832e-21
3.05065e-21
3.05177e-21
3.05169e-21
3.05046e-21
3.04813e-21
3.04482e-21
3.04068e-21
3.03594e-21
3.03084e-21
3.02561e-21
3.02045e-21
3.01549e-21
3.01081e-21
3.00644e-21
3.00245e-21
2.99895e-21
2.9961e-21
2.99404e-21
2.99295e-21
2.99296e-21
2.9942e-21
2.99682e-21
3.00088e-21
3.00631e-21
3.01272e-21
3.01946e-21
3.0257e-21
3.0307e-21
3.03401e-21
3.03569e-21
3.03621e-21
3.03635e-21
3.03687e-21
3.03829e-21
3.0407e-21
3.04384e-21
3.04733e-21
3.05081e-21
3.0541e-21
3.05715e-21
3.06e-21
3.06263e-21
3.06494e-21
3.06671e-21
3.0677e-21
3.06775e-21
3.06689e-21
3.06545e-21
3.06402e-21
3.06342e-21
3.06446e-21
3.06771e-21
3.07336e-21
3.08111e-21
3.09031e-21
3.10013e-21
3.10982e-21
3.11877e-21
3.12665e-21
3.13331e-21
3.1388e-21
3.14321e-21
3.14671e-21
3.14942e-21
3.15142e-21
3.15275e-21
3.15336e-21
3.15315e-21
3.152e-21
3.14975e-21
3.1463e-21
3.14161e-21
3.1358e-21
3.12912e-21
3.12201e-21
3.11495e-21
3.1084e-21
3.10255e-21
3.09724e-21
3.09201e-21
3.08619e-21
3.07923e-21
3.07096e-21
3.06177e-21
3.05275e-21
3.04544e-21
3.04146e-21
3.04178e-21
3.04638e-21
3.05415e-21
3.06344e-21
3.07262e-21
3.08055e-21
3.0867e-21
3.09104e-21
3.09392e-21
3.09585e-21
3.09734e-21
3.09885e-21
3.10065e-21
3.10287e-21
3.10548e-21
3.10835e-21
3.11128e-21
3.1141e-21
3.11665e-21
3.1188e-21
3.12048e-21
3.12168e-21
3.12238e-21
3.1226e-21
3.12234e-21
3.12163e-21
3.12047e-21
3.11885e-21
3.11676e-21
3.11418e-21
3.11107e-21
3.10741e-21
3.10317e-21
3.09835e-21
3.09297e-21
3.08712e-21
3.08095e-21
3.07469e-21
3.06865e-21
3.06322e-21
3.05878e-21
3.05571e-21
3.05427e-21
3.05455e-21
3.05646e-21
3.0597e-21
3.06386e-21
3.06841e-21
3.0728e-21
3.07653e-21
3.07915e-21
3.08027e-21
3.07964e-21
3.07714e-21
3.07285e-21
3.06716e-21
3.06082e-21
3.0549e-21
3.05062e-21
3.04895e-21
3.05033e-21
3.05446e-21
3.06041e-21
3.06706e-21
3.07336e-21
3.07859e-21
3.08238e-21
3.08463e-21
3.08544e-21
3.08505e-21
3.08371e-21
3.08173e-21
3.07939e-21
3.07696e-21
3.07467e-21
3.07268e-21
3.07109e-21
3.0699e-21
3.06904e-21
3.06839e-21
3.0678e-21
3.06714e-21
3.06634e-21
3.06539e-21
3.0644e-21
3.06353e-21
3.063e-21
3.06298e-21
3.06359e-21
3.06486e-21
3.0667e-21
3.06902e-21
3.07167e-21
3.07458e-21
3.07772e-21
3.08109e-21
3.0847e-21
3.08853e-21
3.09252e-21
3.09651e-21
3.10032e-21
3.10374e-21
3.10656e-21
3.10861e-21
3.10972e-21
3.10981e-21
3.10881e-21
3.10674e-21
3.10367e-21
3.09976e-21
3.09528e-21
3.09057e-21
3.08603e-21
3.08209e-21
3.07908e-21
3.07724e-21
3.07663e-21
3.07712e-21
3.07851e-21
3.08051e-21
3.0828e-21
3.08513e-21
3.08727e-21
3.08903e-21
3.0903e-21
3.09103e-21
3.09124e-21
3.09108e-21
3.09074e-21
3.09052e-21
3.09066e-21
3.09135e-21
3.0926e-21
3.09427e-21
3.09606e-21
3.09758e-21
3.09846e-21
3.09843e-21
3.09739e-21
3.09545e-21
3.09289e-21
3.09013e-21
3.0876e-21
3.08567e-21
3.08452e-21
3.08417e-21
3.08447e-21
3.08519e-21
3.08606e-21
3.08676e-21
3.08699e-21
3.08648e-21
3.08508e-21
3.0828e-21
3.07986e-21
3.07665e-21
3.07369e-21
3.07143e-21
3.07019e-21
3.07011e-21
3.07112e-21
3.07308e-21
3.07586e-21
3.07935e-21
3.08346e-21
3.08809e-21
3.0931e-21
3.09832e-21
3.10351e-21
3.10849e-21
3.11306e-21
3.11709e-21
3.12049e-21
3.1232e-21
3.12522e-21
3.12653e-21
3.12715e-21
3.1271e-21
3.12639e-21
3.12506e-21
3.12315e-21
3.12072e-21
3.11785e-21
3.11467e-21
3.11133e-21
3.10802e-21
3.10498e-21
3.10245e-21
3.10068e-21
3.09989e-21
3.10022e-21
3.10173e-21
3.10439e-21
3.10805e-21
3.11249e-21
3.11743e-21
3.12254e-21
3.12748e-21
3.13191e-21
3.13548e-21
3.13786e-21
3.13867e-21
3.13755e-21
3.13411e-21
3.12808e-21
3.11937e-21
3.10829e-21
3.0958e-21
3.08352e-21
3.07346e-21
3.0674e-21
3.06606e-21
3.0689e-21
3.07445e-21
3.0811e-21
3.08766e-21
3.09354e-21
3.09865e-21
3.10313e-21
3.10719e-21
3.11103e-21
3.11481e-21
3.11864e-21
3.1226e-21
3.12667e-21
3.13076e-21
3.1347e-21
3.13827e-21
3.14126e-21
3.14353e-21
3.14504e-21
3.14583e-21
3.14602e-21
3.14576e-21
3.14518e-21
3.14434e-21
3.14322e-21
3.14172e-21
3.13968e-21
3.13703e-21
3.1338e-21
3.13029e-21
3.12697e-21
3.12443e-21
3.12307e-21
3.12288e-21
3.12338e-21
3.12379e-21
3.1234e-21
3.1219e-21
3.11965e-21
3.1175e-21
3.11649e-21
3.11733e-21
3.1201e-21
3.12422e-21
3.12878e-21
3.13295e-21
3.13618e-21
3.1383e-21
3.13945e-21
3.13996e-21
3.14018e-21
3.14048e-21
3.14112e-21
3.14229e-21
3.14407e-21
3.1464e-21
3.14916e-21
3.1521e-21
3.15488e-21
3.15712e-21
3.1584e-21
3.15834e-21
3.15665e-21
3.15323e-21
3.14822e-21
3.14209e-21
3.1356e-21
3.12974e-21
3.12554e-21
3.12384e-21
3.12515e-21
3.12954e-21
3.1367e-21
3.14604e-21
3.15676e-21
3.168e-21
3.17892e-21
3.18883e-21
3.19717e-21
3.20354e-21
3.20765e-21
3.20927e-21
3.20824e-21
3.20443e-21
3.19782e-21
3.18857e-21
3.17714e-21
3.16425e-21
3.15084e-21
3.13779e-21
3.12561e-21
3.11424e-21
3.10319e-21
3.09187e-21
3.07996e-21
3.06767e-21
3.05581e-21
3.04563e-21
3.03853e-21
3.03575e-21
3.03798e-21
3.04521e-21
3.05668e-21
3.07111e-21
3.08695e-21
3.1027e-21
3.11711e-21
3.12928e-21
3.13864e-21
3.14489e-21
3.14784e-21
3.14726e-21
3.14283e-21
3.13414e-21
3.12096e-21
3.10363e-21
3.0836e-21
3.06363e-21
3.04713e-21
3.03672e-21
3.0329e-21
3.03397e-21
3.03745e-21
3.04127e-21
3.04436e-21
3.04633e-21
3.04717e-21
3.04708e-21
3.04636e-21
3.04545e-21
3.04471e-21
3.04443e-21
3.04475e-21
3.04573e-21
3.04754e-21
3.05055e-21
3.05529e-21
3.06211e-21
3.07089e-21
3.08096e-21
3.09129e-21
3.10083e-21
3.10884e-21
3.11496e-21
3.11913e-21
3.12153e-21
3.12244e-21
3.12213e-21
3.12089e-21
3.11894e-21
3.11647e-21
3.11365e-21
3.11061e-21
3.10745e-21
3.10429e-21
3.10121e-21
3.09829e-21
3.09562e-21
3.09324e-21
3.09119e-21
3.08947e-21
3.08806e-21
3.08693e-21
3.086e-21
3.08521e-21
3.08448e-21
3.08373e-21
3.08293e-21
3.08203e-21
3.08105e-21
3.08e-21
3.07892e-21
3.07788e-21
3.07694e-21
3.07616e-21
3.07559e-21
3.07528e-21
3.07524e-21
3.07549e-21
3.076e-21
3.07677e-21
3.07774e-21
3.07887e-21
3.08008e-21
3.08129e-21
3.08242e-21
3.08338e-21
3.08411e-21
3.08452e-21
3.08459e-21
3.08427e-21
3.08357e-21
3.0825e-21
3.0811e-21
3.0794e-21
3.0775e-21
3.07546e-21
3.0734e-21
3.07141e-21
3.06961e-21
3.06811e-21
3.067e-21
3.06638e-21
3.0663e-21
3.06679e-21
3.06786e-21
3.06948e-21
3.07158e-21
3.0741e-21
3.07693e-21
3.07998e-21
3.08317e-21
3.08641e-21
3.08965e-21
3.09284e-21
3.09595e-21
3.09897e-21
3.10187e-21
3.10466e-21
3.10734e-21
3.10989e-21
3.1123e-21
3.11452e-21
3.1165e-21
3.11815e-21
3.11937e-21
3.12001e-21
3.11988e-21
3.11878e-21
3.11649e-21
3.11279e-21
3.10753e-21
3.10066e-21
3.0923e-21
3.08277e-21
3.07261e-21
3.0625e-21
3.05322e-21
3.04554e-21
3.04012e-21
3.0375e-21
3.038e-21
3.04166e-21
3.04815e-21
3.05683e-21
3.06683e-21
3.07726e-21
3.08732e-21
3.09643e-21
3.10427e-21
3.11068e-21
3.11572e-21
3.11948e-21
3.12217e-21
3.12396e-21
3.12505e-21
3.12559e-21
3.12575e-21
3.1256e-21
3.12521e-21
3.12461e-21
3.12377e-21
3.12264e-21
3.12116e-21
3.11923e-21
3.11679e-21
3.11381e-21
3.11029e-21
3.10631e-21
3.102e-21
3.09753e-21
3.09311e-21
3.08894e-21
3.08521e-21
3.08211e-21
3.07982e-21
3.07851e-21
3.0783e-21
3.07923e-21
3.0812e-21
3.08393e-21
3.08705e-21
3.09011e-21
3.09274e-21
3.09467e-21
3.09588e-21
3.09661e-21
3.09734e-21
3.09867e-21
3.10121e-21
3.1053e-21
3.11098e-21
3.1179e-21
3.12551e-21
3.1332e-21
3.14045e-21
3.14694e-21
3.15252e-21
3.15716e-21
3.16094e-21
3.16398e-21
3.1664e-21
3.16834e-21
3.16988e-21
3.1711e-21
3.17207e-21
3.17283e-21
3.17341e-21
3.17383e-21
3.17412e-21
3.17429e-21
3.17436e-21
3.17435e-21
3.17429e-21
3.17419e-21
3.17408e-21
3.17397e-21
3.17389e-21
3.17382e-21
3.17374e-21
3.1736e-21
3.1733e-21
3.17272e-21
3.17173e-21
3.17016e-21
3.16786e-21
3.1647e-21
3.16061e-21
3.15558e-21
3.14966e-21
3.14302e-21
3.13592e-21
3.12874e-21
3.12201e-21
3.11638e-21
3.11256e-21
3.1112e-21
3.11266e-21
3.1169e-21
3.1235e-21
3.13182e-21
3.14118e-21
3.15099e-21
3.16073e-21
3.16992e-21
3.17813e-21
3.18502e-21
3.19043e-21
3.19434e-21
3.19693e-21
3.19846e-21
3.19918e-21
3.19926e-21
3.19872e-21
3.1974e-21
3.19503e-21
3.1913e-21
3.18596e-21
3.179e-21
3.17071e-21
3.16187e-21
3.15359e-21
3.14707e-21
3.14312e-21
3.14181e-21
3.14237e-21
3.14358e-21
3.14431e-21
3.14397e-21
3.14264e-21
3.14093e-21
3.13959e-21
3.13913e-21
3.1396e-21
3.14074e-21
3.14237e-21
3.14467e-21
3.14817e-21
3.15341e-21
3.16051e-21
3.16898e-21
3.17787e-21
3.18623e-21
3.19345e-21
3.19942e-21
3.2044e-21
3.20881e-21
3.21291e-21
3.21665e-21
3.21962e-21
3.22127e-21
3.22119e-21
3.2195e-21
3.21705e-21
3.21544e-21
3.21642e-21
3.22113e-21
3.22941e-21
3.23974e-21
3.24993e-21
3.25786e-21
3.262e-21
3.26152e-21
3.25617e-21
3.24625e-21
3.23252e-21
3.21622e-21
3.19908e-21
3.18307e-21
3.17016e-21
3.16193e-21
3.15933e-21
3.16246e-21
3.17062e-21
3.18233e-21
3.19573e-21
3.20901e-21
3.22092e-21
3.23113e-21
3.24025e-21
3.24944e-21
3.25985e-21
3.27188e-21
3.28494e-21
3.29763e-21
3.30829e-21
3.31558e-21
3.31866e-21
3.3173e-21
3.31167e-21
3.30225e-21
3.28974e-21
3.27505e-21
3.25928e-21
3.24373e-21
3.22986e-21
3.21911e-21
3.21274e-21
3.21156e-21
3.21579e-21
3.22496e-21
3.23802e-21
3.25355e-21
3.27006e-21
3.2863e-21
3.30141e-21
3.31491e-21
3.3267e-21
3.33682e-21
3.34537e-21
3.3524e-21
3.35788e-21
3.36168e-21
3.36364e-21
3.36363e-21
3.36154e-21
3.35736e-21
3.35114e-21
3.34297e-21
3.33298e-21
3.3213e-21
3.30816e-21
3.29403e-21
3.27969e-21
3.26631e-21
3.25526e-21
3.24781e-21
3.24468e-21
3.24589e-21
3.25082e-21
3.25853e-21
3.26806e-21
3.27867e-21
3.28988e-21
3.3014e-21
3.31298e-21
3.32438e-21
3.33527e-21
3.34524e-21
3.35387e-21
3.36077e-21
3.36565e-21
3.36839e-21
3.36908e-21
3.36798e-21
3.36554e-21
3.36238e-21
3.35917e-21
3.35664e-21
3.35546e-21
3.35611e-21
3.35884e-21
3.36357e-21
3.36989e-21
3.37716e-21
3.38461e-21
3.39151e-21
3.39728e-21
3.4015e-21
3.40394e-21
3.40455e-21
3.40336e-21
3.40055e-21
3.39634e-21
3.39104e-21
3.38501e-21
3.37865e-21
3.37238e-21
3.36659e-21
3.36162e-21
3.35776e-21
3.35517e-21
3.35393e-21
3.35401e-21
3.3553e-21
3.3576e-21
3.36066e-21
3.36416e-21
3.3678e-21
3.37127e-21
3.37434e-21
3.37687e-21
3.37884e-21
3.3803e-21
3.3814e-21
3.38226e-21
3.38298e-21
3.38355e-21
3.38385e-21
3.38369e-21
3.38281e-21
3.38103e-21
3.37832e-21
3.37488e-21
3.37118e-21
3.36791e-21
3.36585e-21
3.36557e-21
3.36728e-21
3.37068e-21
3.37509e-21
3.37963e-21
3.38345e-21
3.38587e-21
3.38642e-21
3.38482e-21
3.38092e-21
3.37467e-21
3.36612e-21
3.35546e-21
3.34314e-21
3.3299e-21
3.31688e-21
3.30554e-21
3.29744e-21
3.29389e-21
3.29552e-21
3.30207e-21
3.31242e-21
3.32497e-21
3.33801e-21
3.35016e-21
3.36043e-21
3.36831e-21
3.37364e-21
3.3765e-21
3.3772e-21
3.37614e-21
3.37383e-21
3.37083e-21
3.36765e-21
3.36475e-21
3.3624e-21
3.36064e-21
3.35934e-21
3.35822e-21
3.35697e-21
3.3553e-21
3.35301e-21
3.35001e-21
3.34631e-21
3.34195e-21
3.33703e-21
3.33159e-21
3.32566e-21
3.31925e-21
3.31236e-21
3.30509e-21
3.29766e-21
3.2905e-21
3.28412e-21
3.27909e-21
3.27575e-21
3.27411e-21
3.27384e-21
3.27443e-21
3.27535e-21
3.27627e-21
3.27707e-21
3.2778e-21
3.2786e-21
3.27961e-21
3.28096e-21
3.28267e-21
3.2847e-21
3.28691e-21
3.28903e-21
3.29069e-21
3.29139e-21
3.29059e-21
3.28778e-21
3.28265e-21
3.27539e-21
3.26689e-21
3.25882e-21
3.25327e-21
3.25184e-21
3.25472e-21
3.26042e-21
3.26632e-21
3.26964e-21
3.26824e-21
3.26101e-21
3.24818e-21
3.23167e-21
3.21516e-21
3.20325e-21
3.19939e-21
3.20401e-21
3.21436e-21
3.22651e-21
3.23732e-21
3.24529e-21
3.25031e-21
3.253e-21
3.25421e-21
3.25465e-21
3.25472e-21
3.25444e-21
3.2534e-21
3.25079e-21
3.24549e-21
3.23618e-21
3.22174e-21
3.20198e-21
3.17869e-21
3.15642e-21
3.14147e-21
3.13849e-21
3.14707e-21
3.16201e-21
3.17701e-21
3.18775e-21
3.19257e-21
3.19157e-21
3.18562e-21
3.17567e-21
3.16252e-21
3.14682e-21
3.12929e-21
3.11093e-21
3.09338e-21
3.0789e-21
3.06995e-21
3.06843e-21
3.07489e-21
3.08828e-21
3.10639e-21
3.1267e-21
3.14706e-21
3.16605e-21
3.1829e-21
3.19732e-21
3.20928e-21
3.21886e-21
3.22613e-21
3.23112e-21
3.2338e-21
3.23405e-21
3.23176e-21
3.22691e-21
3.21975e-21
3.21101e-21
3.20204e-21
3.19469e-21
3.19079e-21
3.19136e-21
3.19606e-21
3.20335e-21
3.21115e-21
3.21761e-21
3.22151e-21
3.22234e-21
3.22014e-21
3.21533e-21
3.20856e-21
3.20061e-21
3.19223e-21
3.18403e-21
3.17638e-21
3.16941e-21
3.1631e-21
3.15741e-21
3.15243e-21
3.14838e-21
3.14557e-21
3.14432e-21
3.14482e-21
3.14707e-21
3.15083e-21
3.15571e-21
3.16123e-21
3.16696e-21
3.17252e-21
3.17767e-21
3.18223e-21
3.18603e-21
3.18892e-21
3.19073e-21
3.19127e-21
3.19042e-21
3.18812e-21
3.18448e-21
3.17974e-21
3.17435e-21
3.16893e-21
3.1642e-21
3.16091e-21
3.15964e-21
3.16068e-21
3.16392e-21
3.16891e-21
3.17494e-21
3.18128e-21
3.18722e-21
3.19222e-21
3.19588e-21
3.19796e-21
3.19826e-21
3.19666e-21
3.1931e-21
3.18758e-21
3.18019e-21
3.17124e-21
3.16125e-21
3.15106e-21
3.14169e-21
3.13427e-21
3.12971e-21
3.12848e-21
3.13041e-21
3.13478e-21
3.14047e-21
3.14628e-21
3.15111e-21
3.15416e-21
3.15487e-21
3.15301e-21
3.14859e-21
3.14194e-21
3.13374e-21
3.1251e-21
3.11745e-21
3.1123e-21
3.11076e-21
3.11321e-21
3.11909e-21
3.12725e-21
3.13631e-21
3.14512e-21
3.15291e-21
3.15928e-21
3.16411e-21
3.16746e-21
3.16944e-21
3.17019e-21
3.16985e-21
3.16857e-21
3.16645e-21
3.16362e-21
3.1602e-21
3.15636e-21
3.15227e-21
3.14812e-21
3.14412e-21
3.14044e-21
3.13719e-21
3.1344e-21
3.132e-21
3.12979e-21
3.12757e-21
3.12507e-21
3.1221e-21
3.11853e-21
3.11435e-21
3.10963e-21
3.10459e-21
3.09952e-21
3.09476e-21
3.09068e-21
3.0876e-21
3.08581e-21
3.08548e-21
3.08667e-21
3.08936e-21
3.09342e-21
3.09859e-21
3.10454e-21
3.11087e-21
3.11717e-21
3.12306e-21
3.12826e-21
3.1326e-21
3.136e-21
3.13845e-21
3.13999e-21
3.14066e-21
3.14049e-21
3.13947e-21
3.13752e-21
3.13452e-21
3.1303e-21
3.12468e-21
3.11752e-21
3.10887e-21
3.09908e-21
3.08893e-21
3.07964e-21
3.07262e-21
3.06908e-21
3.06947e-21
3.07338e-21
3.07965e-21
3.08693e-21
3.09406e-21
3.10032e-21
3.10537e-21
3.10919e-21
3.11192e-21
3.11372e-21
3.1148e-21
3.1153e-21
3.11534e-21
3.11501e-21
3.11438e-21
3.11348e-21
3.11235e-21
3.11102e-21
3.10954e-21
3.10795e-21
3.10633e-21
3.10476e-21
3.10332e-21
3.10213e-21
3.10128e-21
3.10086e-21
3.10091e-21
3.10148e-21
3.10255e-21
3.10409e-21
3.10605e-21
3.10834e-21
3.11087e-21
3.11357e-21
3.11635e-21
3.11912e-21
3.12183e-21
3.12441e-21
3.1268e-21
3.12896e-21
3.13081e-21
3.13227e-21
3.13325e-21
3.13364e-21
3.1333e-21
3.13207e-21
3.12982e-21
3.12648e-21
3.12204e-21
3.11666e-21
3.11066e-21
3.10445e-21
3.09848e-21
3.09308e-21
3.08843e-21
3.08464e-21
3.08196e-21
3.08098e-21
3.08246e-21
3.087e-21
3.09451e-21
3.10413e-21
3.11444e-21
3.12401e-21
3.13175e-21
3.13712e-21
3.14001e-21
3.14066e-21
3.1395e-21
3.13706e-21
3.13388e-21
3.13052e-21
3.12744e-21
3.12503e-21
3.12353e-21
3.12305e-21
3.12352e-21
3.12477e-21
3.12649e-21
3.12834e-21
3.1299e-21
3.1308e-21
3.13066e-21
3.12915e-21
3.12596e-21
3.12088e-21
3.11387e-21
3.10522e-21
3.09575e-21
3.08694e-21
3.0808e-21
3.07933e-21
3.08359e-21
3.0932e-21
3.10641e-21
3.12093e-21
3.13473e-21
3.14646e-21
3.15541e-21
3.16126e-21
3.16379e-21
3.16262e-21
3.15713e-21
3.14645e-21
3.12983e-21
3.10743e-21
3.08158e-21
3.0577e-21
3.043e-21
3.04244e-21
3.05493e-21
3.07425e-21
3.09349e-21
3.10835e-21
3.11755e-21
3.12176e-21
3.12245e-21
3.1213e-21
3.1198e-21
3.11911e-21
3.11993e-21
3.12247e-21
3.12659e-21
3.1319e-21
3.1379e-21
3.14412e-21
3.15016e-21
3.15568e-21
3.16043e-21
3.16425e-21
3.16698e-21
3.16849e-21
3.16861e-21
3.16716e-21
3.16391e-21
3.15866e-21
3.15132e-21
3.14202e-21
3.13132e-21
3.12028e-21
3.11038e-21
3.10312e-21
3.09941e-21
3.09908e-21
3.10088e-21
3.10295e-21
3.10349e-21
3.10133e-21
3.09624e-21
3.08916e-21
3.08203e-21
3.07734e-21
3.07718e-21
3.08225e-21
3.09161e-21
3.10324e-21
3.11502e-21
3.12543e-21
3.13374e-21
3.1398e-21
3.14386e-21
3.14629e-21
3.1475e-21
3.14788e-21
3.14776e-21
3.1474e-21
3.14702e-21
3.14675e-21
3.14669e-21
3.14685e-21
3.14723e-21
3.14779e-21
3.14845e-21
3.14918e-21
3.14995e-21
3.15075e-21
3.15163e-21
3.15265e-21
3.15387e-21
3.1553e-21
3.15691e-21
3.15859e-21
3.16013e-21
3.16125e-21
3.16165e-21
3.16102e-21
3.15914e-21
3.15592e-21
3.15145e-21
3.14611e-21
3.14049e-21
3.13536e-21
3.13149e-21
3.12942e-21
3.12927e-21
3.13077e-21
3.13332e-21
3.13624e-21
3.13894e-21
3.14101e-21
3.14219e-21
3.14239e-21
3.14156e-21
3.13966e-21
3.13668e-21
3.13267e-21
3.12783e-21
3.12265e-21
3.1179e-21
3.11456e-21
3.11358e-21
3.11549e-21
3.12025e-21
3.1272e-21
3.13534e-21
3.14368e-21
3.15148e-21
3.1583e-21
3.164e-21
3.16865e-21
3.17239e-21
3.17541e-21
3.17787e-21
3.17988e-21
3.18149e-21
3.18264e-21
3.18322e-21
3.18305e-21
3.18189e-21
3.17952e-21
3.17577e-21
3.17061e-21
3.16426e-21
3.15725e-21
3.15035e-21
3.1445e-21
3.1406e-21
3.13929e-21
3.14084e-21
3.14502e-21
3.15103e-21
3.15742e-21
3.16215e-21
3.16286e-21
3.15744e-21
3.14494e-21
3.12671e-21
3.10728e-21
3.09347e-21
3.09096e-21
3.10064e-21
3.11839e-21
3.13837e-21
3.15613e-21
3.16945e-21
3.17771e-21
3.18127e-21
3.18104e-21
3.17834e-21
3.1747e-21
3.17156e-21
3.1699e-21
3.16998e-21
3.17142e-21
3.1734e-21
3.17509e-21
3.17588e-21
3.17553e-21
3.17409e-21
3.17184e-21
3.16916e-21
3.1665e-21
3.16425e-21
3.16273e-21
3.16212e-21
3.16247e-21
3.16369e-21
3.16558e-21
3.16784e-21
3.17009e-21
3.17189e-21
3.17275e-21
3.17212e-21
3.16952e-21
3.16466e-21
3.15766e-21
3.14934e-21
3.14132e-21
3.13576e-21
3.13465e-21
3.13889e-21
3.14782e-21
3.15961e-21
3.17209e-21
3.18351e-21
3.19277e-21
3.1994e-21
3.20328e-21
3.20444e-21
3.20297e-21
3.19892e-21
3.19231e-21
3.18317e-21
3.17163e-21
3.15799e-21
3.14288e-21
3.12728e-21
3.11248e-21
3.09986e-21
3.09042e-21
3.08444e-21
3.08129e-21
3.07977e-21
3.07883e-21
3.07834e-21
3.07925e-21
3.08309e-21
3.09095e-21
3.10271e-21
3.11706e-21
3.13215e-21
3.14635e-21
3.1586e-21
3.16844e-21
3.17578e-21
3.1808e-21
3.18378e-21
3.18505e-21
3.18496e-21
3.18385e-21
3.18204e-21
3.17983e-21
3.17748e-21
3.17521e-21
3.17318e-21
3.17149e-21
3.17015e-21
3.1691e-21
3.1682e-21
3.16727e-21
3.1661e-21
3.16448e-21
3.16225e-21
3.15928e-21
3.15552e-21
3.15094e-21
3.14558e-21
3.13953e-21
3.13292e-21
3.126e-21
3.11909e-21
3.11261e-21
3.10701e-21
3.1027e-21
3.09994e-21
3.09878e-21
3.09909e-21
3.10062e-21
3.10305e-21
3.10612e-21
3.1096e-21
3.11333e-21
3.11715e-21
3.12093e-21
3.12447e-21
3.1276e-21
3.13013e-21
3.13191e-21
3.13282e-21
3.13286e-21
3.13207e-21
3.1306e-21
3.12865e-21
3.12649e-21
3.1244e-21
3.12265e-21
3.12146e-21
3.12099e-21
3.12131e-21
3.1224e-21
3.12416e-21
3.12645e-21
3.12911e-21
3.13198e-21
3.13491e-21
3.13779e-21
3.14054e-21
3.1431e-21
3.14543e-21
3.14751e-21
3.14929e-21
3.15075e-21
3.15186e-21
3.15257e-21
3.15282e-21
3.15257e-21
3.15174e-21
3.1503e-21
3.14825e-21
3.14562e-21
3.14253e-21
3.13915e-21
3.13577e-21
3.13268e-21
3.13023e-21
3.12867e-21
3.12816e-21
3.12871e-21
3.13018e-21
3.13229e-21
3.1347e-21
3.137e-21
3.13879e-21
3.13969e-21
3.13938e-21
3.13764e-21
3.1344e-21
3.1298e-21
3.12422e-21
3.11829e-21
3.11279e-21
3.10851e-21
3.10597e-21
3.10528e-21
3.10611e-21
3.10781e-21
3.10967e-21
3.11116e-21
3.11207e-21
3.11258e-21
3.11316e-21
3.11445e-21
3.11702e-21
3.12125e-21
3.12715e-21
3.13446e-21
3.14263e-21
3.15105e-21
3.15911e-21
3.16634e-21
3.17241e-21
3.17713e-21
3.18044e-21
3.18234e-21
3.18289e-21
3.18216e-21
