144
144.001
144.002
144.004
144.006
144.009
144.012
144.016
144.021
144.026
144.031
144.037
144.044
144.051
144.059
144.067
144.076
144.086
144.096
144.107
144.119
144.131
144.144
144.158
144.173
144.188
144.204
144.221
144.239
144.257
144.277
144.297
144.319
144.341
144.364
144.388
144.414
144.44
144.468
144.496
144.526
144.557
144.589
144.623
144.658
144.695
144.733
144.772
144.813
144.856
144.901
144.947
144.996
145.046
145.098
145.153
145.209
145.268
145.33
145.393
145.46
145.529
145.601
145.676
145.754
145.836
145.92
146.008
146.1
146.196
146.295
146.399
146.506
146.619
146.735
146.857
146.983
147.115
147.252
147.395
147.543
147.697
147.858
148.025
148.198
148.379
148.566
148.761
148.963
149.173
149.39
149.615
149.848
150.088
150.336
150.592
150.854
151.122
151.395
151.671
151.95
152.229
152.506
152.777
153.039
153.29
153.525
153.742
153.937
154.11
154.26
154.386
154.491
154.572
154.624
154.64
154.606
154.507
154.328
154.062
153.716
153.317
152.916
152.586
152.402
152.425
152.68
153.146
153.767
154.464
155.157
155.778
156.287
156.676
156.962
157.177
157.341
157.454
157.49
157.418
157.221
156.909
156.522
156.122
155.773
155.528
155.422
155.47
155.674
156.025
156.503
157.079
157.72
158.394
159.072
159.728
160.34
160.885
161.345
161.707
161.963
162.111
162.156
162.104
161.966
161.758
161.495
161.197
160.884
160.573
160.278
160.01
159.78
159.604
159.504
159.506
159.628
159.869
160.206
160.595
160.987
161.337
161.617
161.811
161.919
161.948
161.914
161.833
161.726
161.61
161.507
161.432
161.399
161.418
161.493
161.621
161.794
162.002
162.23
162.463
162.688
162.895
163.074
163.222
163.335
163.411
163.452
163.457
163.427
163.359
163.252
163.101
162.903
162.658
162.368
162.049
161.724
161.429
161.199
161.069
161.054
161.152
161.338
161.573
161.811
162.007
162.124
162.141
162.061
161.918
161.773
161.704
161.78
162.024
162.409
162.866
163.313
163.682
163.933
164.047
164.03
163.905
163.712
163.509
163.357
163.309
163.386
163.572
163.815
164.05
143.301
143.373
143.341
143.218
143.036
142.842
142.681
142.591
142.587
142.664
142.805
142.991
143.202
143.427
143.654
143.874
144.077
144.258
144.411
144.536
144.635
144.714
144.78
144.838
144.892
144.942
144.983
145.007
145.002
144.956
144.859
144.703
144.489
144.223
143.924
143.616
143.332
143.106
142.97
142.943
143.03
143.219
143.485
143.796
144.124
144.443
144.738
145.003
145.235
145.436
145.61
145.763
145.899
146.023
146.141
146.257
146.374
146.495
146.621
146.753
146.887
147.017
147.137
147.235
147.299
147.313
147.263
147.135
146.922
146.627
146.267
145.877
145.504
145.203
145.017
144.976
145.093
145.363
145.763
146.254
146.78
147.28
147.701
147.997
148.142
148.119
147.92
147.544
146.999
146.302
145.487
144.606
143.731
142.947
142.336
141.97
141.889
142.096
142.548
143.172
143.88
144.598
145.273
145.875
146.392
146.819
147.16
147.418
147.599
147.711
147.761
147.758
147.709
147.624
147.511
147.378
147.236
147.093
146.961
146.848
146.763
146.71
146.694
146.713
146.766
146.848
146.952
147.072
147.203
147.339
147.477
147.613
147.745
147.872
147.992
148.102
148.203
148.291
148.364
148.42
148.457
148.469
148.454
148.407
148.322
148.194
148.018
147.787
147.494
147.133
146.694
146.17
145.551
144.836
144.047
143.252
142.576
142.188
142.219
142.685
143.46
144.344
145.158
145.79
146.195
146.376
146.359
146.179
145.883
145.526
145.172
144.886
144.723
144.711
144.846
145.094
145.405
145.726
146.019
146.258
146.431
146.54
146.59
146.594
146.56
146.493
146.392
146.242
146.019
145.694
145.235
144.623
143.868
143.031
142.223
141.594
141.273
141.315
141.674
142.235
142.859
143.436
143.894
144.204
144.362
144.386
144.299
144.135
143.932
143.733
143.581
143.514
143.549
143.682
143.889
144.133
144.377
144.592
144.759
144.873
144.935
144.952
144.933
144.887
144.825
144.754
144.68
144.608
144.539
144.472
144.404
144.33
144.241
144.129
143.985
143.801
143.569
143.29
142.969
142.624
142.28
141.971
141.729
141.572
141.505
141.511
141.566
141.643
141.721
141.785
139.559
139.58
139.58
139.57
139.57
139.598
139.666
139.771
139.899
140.029
140.143
140.226
140.275
140.291
140.277
140.237
140.172
140.082
139.965
139.825
139.666
139.503
139.357
139.255
139.219
139.265
139.39
139.581
139.81
140.05
140.276
140.472
140.629
140.743
140.818
140.858
140.868
140.854
140.821
140.772
140.711
140.642
140.565
140.485
140.401
140.316
140.233
140.151
140.074
140.001
139.934
139.871
139.812
139.756
139.701
139.647
139.593
139.542
139.495
139.456
139.426
139.407
139.4
139.401
139.409
139.42
139.432
139.443
139.454
139.463
139.471
139.475
139.472
139.456
139.42
139.358
139.263
139.134
138.972
138.784
138.585
138.397
138.245
138.152
138.134
138.197
138.339
138.551
138.821
139.135
139.479
139.839
140.2
140.548
140.875
141.173
141.439
141.673
141.878
142.057
142.212
142.349
142.469
142.575
142.67
142.756
142.832
142.901
142.962
143.014
143.056
143.088
143.107
143.111
143.096
143.057
142.987
142.878
142.718
142.495
142.198
141.822
141.371
140.869
140.357
139.893
139.525
139.278
139.134
139.043
138.956
138.854
138.769
138.772
138.933
139.28
139.781
140.362
140.948
141.489
141.971
142.404
142.806
143.194
143.576
143.951
144.309
144.641
144.939
145.198
145.414
145.589
145.725
145.825
145.893
145.931
145.941
145.925
145.882
145.813
145.717
145.593
145.441
145.261
145.058
144.837
144.608
144.383
144.176
144
143.861
143.76
143.69
143.634
143.574
143.487
143.352
143.151
142.869
142.497
142.049
141.577
141.183
141.005
141.158
141.664
142.433
143.306
144.136
144.828
145.341
145.676
145.854
145.905
145.863
145.766
145.65
145.549
145.49
145.485
145.532
145.62
145.727
145.836
145.929
145.999
146.041
146.058
146.053
146.03
145.992
145.938
145.868
145.778
145.667
145.532
145.378
145.212
145.046
144.897
144.785
144.728
144.737
144.816
144.958
145.147
145.362
145.581
145.784
145.954
146.081
146.16
146.189
146.171
146.112
146.019
145.905
145.782
145.664
145.566
145.5
145.475
145.493
145.553
145.644
145.752
145.856
145.933
145.954
145.888
149.203
148.869
148.374
147.739
147.032
146.372
145.9
145.714
145.819
146.125
146.507
146.861
147.132
147.316
147.431
147.506
147.564
147.621
147.684
147.752
147.822
147.889
147.948
147.994
148.024
148.038
148.034
148.014
147.98
147.937
147.889
147.842
147.799
147.767
147.748
147.747
147.765
147.801
147.856
147.925
148.005
148.086
148.161
148.216
148.241
148.226
148.166
148.068
147.949
147.838
147.77
147.775
147.866
148.031
148.231
148.409
148.501
148.45
148.213
147.779
147.189
146.55
146.029
145.794
145.927
146.375
146.987
147.6
148.098
148.436
148.617
148.67
148.637
148.559
148.471
148.403
148.375
148.396
148.469
148.586
148.733
148.897
149.064
149.222
149.365
149.489
149.597
149.692
149.78
149.868
149.961
150.063
150.176
150.301
150.436
150.578
150.723
150.868
151.007
151.135
151.247
151.338
151.399
151.426
151.411
151.343
151.213
151.007
150.708
150.299
149.762
149.089
148.287
147.399
146.502
145.709
145.135
144.861
144.918
145.287
145.923
146.761
147.724
148.725
149.689
150.558
151.3
151.904
152.375
152.729
152.985
153.163
153.284
153.366
153.424
153.472
153.519
153.574
153.638
153.714
153.797
153.882
153.962
154.026
154.061
154.056
153.995
153.866
153.662
153.381
153.038
152.659
152.287
151.969
151.743
151.621
151.588
151.603
151.626
151.623
151.579
151.499
151.4
151.3
151.218
151.164
151.138
151.136
151.145
151.153
151.146
151.112
151.048
150.958
150.857
150.776
150.75
150.814
150.99
151.279
151.661
152.1
152.554
152.987
153.368
153.682
153.921
154.086
154.183
154.22
154.206
154.152
154.067
153.961
153.846
153.729
153.618
153.52
153.436
153.365
153.3
153.23
153.136
152.995
152.78
152.465
152.035
151.496
150.896
150.327
149.911
149.753
149.889
150.265
150.768
151.282
151.723
152.052
152.259
152.352
152.342
152.242
152.062
151.817
151.523
151.204
150.886
150.597
150.36
150.19
150.089
150.046
150.046
150.071
150.105
150.14
150.175
150.213
150.26
150.322
150.403
150.505
150.627
150.765
150.913
151.065
151.214
151.357
151.487
151.604
151.705
151.79
151.86
151.916
151.958
151.987
152.004
152.008
151.997
151.969
151.92
151.847
151.744
151.608
151.436
151.227
150.984
150.714
150.43
150.149
149.89
149.673
149.513
149.416
149.38
149.386
149.408
149.408
149.345
149.178
148.875
148.42
147.832
147.181
146.59
146.205
146.14
146.412
146.938
147.584
148.226
148.785
149.232
149.569
149.81
149.976
150.084
150.15
150.182
150.19
150.176
150.145
150.099
150.038
149.965
149.879
149.782
149.674
149.556
149.427
149.289
149.143
148.991
148.835
148.677
148.521
148.371
148.232
148.106
147.996
147.904
147.827
147.764
147.71
147.661
147.615
147.567
147.519
147.469
147.423
147.382
147.352
147.334
147.33
147.337
147.353
147.371
147.385
147.388
147.375
147.341
147.284
147.204
147.103
146.988
146.866
146.75
146.651
146.582
146.549
146.555
146.594
146.653
146.714
146.757
146.765
146.724
146.623
146.462
146.244
145.983
145.696
145.405
145.134
144.902
144.717
144.581
144.485
144.413
144.346
144.27
144.175
144.059
143.933
143.821
143.753
143.757
143.851
144.034
144.282
144.561
144.834
145.075
145.266
145.404
145.494
145.546
145.569
145.574
145.567
145.555
145.54
145.52
145.494
145.457
145.401
145.322
145.214
145.074
144.904
144.711
144.505
144.3
144.108
143.941
143.805
143.701
143.625
143.576
143.55
143.552
143.592
143.681
143.831
144.049
144.331
144.668
145.043
145.435
145.822
146.187
146.514
146.795
147.022
147.193
147.305
147.359
147.356
147.296
147.183
147.023
146.824
146.595
146.349
146.096
145.847
145.608
145.381
145.17
144.978
144.809
144.671
144.572
144.519
144.519
144.579
144.706
144.902
145.164
145.474
145.799
146.1
146.342
146.502
146.583
146.608
146.614
146.64
146.708
146.825
146.977
147.145
147.313
147.472
147.619
147.757
147.884
147.995
148.081
148.129
148.131
148.089
148.02
147.951
147.922
147.972
148.129
148.402
148.776
149.22
149.695
150.162
150.594
150.975
151.297
151.561
151.775
151.944
152.074
152.171
152.235
152.265
152.255
152.199
152.09
151.924
151.697
151.417
151.094
150.751
150.41
150.094
149.811
149.555
149.302
149.021
148.685
148.286
147.842
147.406
147.054
146.861
146.877
147.099
147.474
147.923
148.366
148.749
149.046
149.255
149.394
149.488
149.56
149.632
149.719
149.827
149.953
150.091
150.233
150.369
150.492
150.596
150.677
150.735
150.769
150.779
150.767
150.733
150.676
150.598
150.497
150.373
150.223
150.046
149.841
149.608
149.349
149.066
148.768
148.466
148.174
147.912
147.698
147.55
147.48
147.493
147.586
147.742
147.943
148.163
148.375
148.555
148.681
148.736
148.705
148.584
148.377
148.102
147.796
147.511
147.304
147.223
147.29
147.489
147.777
148.098
148.402
148.654
148.837
148.946
148.985
148.966
148.902
148.806
148.693
148.576
148.465
148.369
148.292
148.235
148.193
148.162
148.133
148.102
148.063
148.017
147.969
147.927
147.901
147.901
147.93
147.991
148.08
148.192
148.32
148.461
148.612
148.775
148.949
149.134
149.327
149.519
149.703
149.869
150.005
150.104
150.158
150.162
150.114
150.014
149.865
149.677
149.46
149.233
149.014
148.823
148.678
148.589
148.559
148.584
148.651
148.747
148.858
148.97
149.073
149.159
149.22
149.255
149.265
149.257
149.241
149.23
149.237
149.27
149.331
149.412
149.498
149.571
149.614
149.612
149.562
149.468
149.345
149.211
149.09
148.996
148.941
148.924
148.938
148.973
149.015
149.049
149.06
149.035
148.968
148.858
148.716
148.561
148.418
148.308
148.249
148.245
148.293
148.388
148.523
148.691
148.889
149.113
149.355
149.607
149.858
150.098
150.319
150.513
150.677
150.809
150.906
150.969
150.999
150.997
150.962
150.898
150.806
150.689
150.55
150.396
150.235
150.075
149.928
149.806
149.721
149.683
149.699
149.772
149.9
150.077
150.291
150.53
150.777
151.015
151.229
151.401
151.516
151.555
151.501
151.335
151.044
150.623
150.088
149.485
148.892
148.407
148.114
148.049
148.186
148.454
148.776
149.092
149.376
149.623
149.839
150.035
150.221
150.403
150.588
150.779
150.976
151.173
151.363
151.536
151.68
151.79
151.863
151.901
151.91
151.898
151.87
151.829
151.775
151.702
151.604
151.476
151.32
151.151
150.99
150.868
150.802
150.793
150.817
150.837
150.818
150.746
150.637
150.533
150.485
150.525
150.659
150.857
151.078
151.279
151.435
151.537
151.593
151.618
151.628
151.643
151.674
151.73
151.816
151.929
152.062
152.204
152.338
152.446
152.508
152.505
152.424
152.258
152.017
151.72
151.407
151.124
150.921
150.839
150.903
151.114
151.46
151.911
152.429
152.972
153.499
153.977
154.38
154.688
154.886
154.964
154.915
154.731
154.411
153.965
153.413
152.791
152.143
151.513
150.925
150.376
149.842
149.296
148.72
148.127
147.554
147.063
146.72
146.586
146.694
147.042
147.596
148.293
149.058
149.818
150.514
151.102
151.554
151.856
151.998
151.97
151.756
151.337
150.7
149.863
148.896
147.932
147.135
146.633
146.448
146.5
146.668
146.852
147.002
147.097
147.137
147.133
147.098
147.054
147.018
147.005
147.02
147.067
147.155
147.301
147.529
147.858
148.282
148.769
149.267
149.728
150.115
150.41
150.612
150.728
150.771
150.757
150.697
150.603
150.484
150.347
150.2
150.048
149.895
149.746
149.606
149.477
149.362
149.263
149.18
149.112
149.057
149.012
148.974
148.939
148.903
148.864
148.821
148.773
148.722
148.67
148.62
148.575
148.537
148.51
148.494
148.493
148.504
148.529
148.566
148.613
148.668
148.726
148.785
148.839
148.886
148.921
148.941
148.944
148.929
148.895
148.843
148.775
148.694
148.602
148.503
148.404
148.308
148.221
148.148
148.095
148.065
148.061
148.085
148.136
148.214
148.316
148.437
148.574
148.721
148.875
149.032
149.189
149.343
149.493
149.638
149.778
149.913
150.043
150.166
150.282
150.389
150.485
150.565
150.623
150.654
150.648
150.595
150.484
150.306
150.052
149.72
149.316
148.856
148.365
147.877
147.429
147.058
146.797
146.67
146.695
146.871
147.184
147.603
148.087
148.59
149.076
149.516
149.894
150.204
150.447
150.629
150.758
150.845
150.897
150.924
150.931
150.924
150.905
150.876
150.836
150.782
150.71
150.617
150.499
150.355
150.185
149.993
149.784
149.569
149.355
149.154
148.974
148.824
148.714
148.65
148.64
148.685
148.78
148.912
149.063
149.211
149.337
149.431
149.489
149.525
149.56
149.624
149.746
149.944
150.218
150.552
150.92
151.291
151.641
151.955
152.224
152.448
152.631
152.777
152.895
152.988
153.062
153.121
153.168
153.205
153.233
153.253
153.267
153.275
153.279
153.278
153.275
153.27
153.265
153.26
153.256
153.253
153.249
153.242
153.227
153.2
153.152
153.076
152.965
152.812
152.615
152.372
152.086
151.765
151.422
151.076
150.751
150.479
150.295
150.229
150.3
150.504
150.823
151.224
151.677
152.15
152.621
153.064
153.461
153.794
154.054
154.243
154.369
154.442
154.477
154.481
154.455
154.391
154.277
154.097
153.839
153.503
153.103
152.676
152.276
151.961
151.77
151.707
151.734
151.792
151.828
151.811
151.747
151.664
151.6
151.578
151.6
151.655
151.734
151.845
152.014
152.267
152.61
153.019
153.448
153.852
154.201
154.489
154.729
154.942
155.14
155.321
155.464
155.544
155.54
155.458
155.34
155.262
155.309
155.537
155.937
156.436
156.928
157.311
157.511
157.487
157.229
156.75
156.087
155.3
154.472
153.699
153.076
152.679
152.553
152.704
153.098
153.664
154.311
154.952
155.527
156.02
156.46
156.904
157.406
157.987
158.618
159.231
159.746
160.098
160.247
160.181
159.909
159.454
158.85
158.141
157.379
156.628
155.959
155.44
155.132
155.075
155.279
155.722
156.353
157.102
157.9
158.684
159.413
160.066
160.635
161.123
161.536
161.876
162.14
162.324
162.418
162.418
162.317
162.115
161.815
161.42
160.938
160.374
159.74
159.057
158.365
157.718
157.185
156.825
156.674
156.733
156.971
157.343
157.803
158.315
158.857
159.413
159.972
160.523
161.048
161.53
161.947
162.28
162.515
162.648
162.681
162.628
162.51
162.357
162.202
162.081
162.023
162.055
162.187
162.415
162.72
163.071
163.431
163.764
164.043
164.246
164.364
164.394
164.336
164.201
163.997
163.741
163.45
163.143
162.84
162.561
162.321
162.135
162.01
161.95
161.953
162.016
162.127
162.274
162.444
162.619
162.787
162.935
163.057
163.152
163.223
163.276
163.317
163.352
163.38
163.394
163.386
163.344
163.258
163.127
162.961
162.782
162.625
162.525
162.512
162.594
162.758
162.971
163.19
163.375
163.492
163.518
163.441
163.253
162.951
162.538
162.024
161.429
160.789
160.161
159.613
159.222
159.05
159.129
159.445
159.945
160.551
161.181
161.767
162.263
162.644
162.901
163.04
163.073
163.022
162.911
162.765
162.612
162.472
162.358
162.273
162.211
162.157
162.096
162.016
161.905
161.76
161.581
161.371
161.133
160.871
160.585
160.275
159.942
159.591
159.233
158.886
158.579
158.336
158.175
158.095
158.082
158.11
158.155
158.199
158.238
158.273
158.312
158.361
158.426
158.509
158.607
158.713
158.816
158.896
158.93
158.891
158.755
158.508
158.157
157.747
157.357
157.089
157.02
157.159
157.434
157.719
157.879
157.812
157.463
156.843
156.046
155.249
154.673
154.487
154.71
155.21
155.797
156.319
156.704
156.946
157.076
157.134
157.155
157.159
157.145
157.095
156.969
156.713
156.264
155.567
154.613
153.488
152.412
151.69
151.547
151.961
152.682
153.407
153.925
154.158
154.11
153.822
153.342
152.707
151.949
151.102
150.216
149.369
148.669
148.237
148.164
148.476
149.122
149.997
150.977
151.961
152.878
153.691
154.387
154.965
155.427
155.779
156.02
156.149
156.161
156.05
155.816
155.471
155.048
154.615
154.26
154.072
154.099
154.326
154.679
155.055
155.367
155.555
155.595
155.489
155.257
154.93
154.546
154.141
153.746
153.376
153.04
152.735
152.46
152.22
152.024
151.888
151.828
151.853
151.961
152.143
152.378
152.645
152.921
153.19
153.439
153.658
153.842
153.982
154.069
154.095
154.054
153.943
153.767
153.539
153.278
153.016
152.788
152.629
152.568
152.618
152.775
153.015
153.307
153.613
153.9
154.141
154.318
154.418
154.433
154.356
154.184
153.917
153.56
153.128
152.646
152.153
151.701
151.343
151.123
151.063
151.157
151.368
151.642
151.923
152.156
152.303
152.338
152.248
152.034
151.713
151.317
150.9
150.531
150.282
150.208
150.326
150.61
151.004
151.441
151.867
152.243
152.551
152.784
152.945
153.041
153.077
153.061
152.999
152.897
152.76
152.595
152.41
152.212
152.012
151.819
151.641
151.484
151.349
151.233
151.127
151.019
150.899
150.755
150.583
150.381
150.153
149.91
149.665
149.435
149.238
149.09
149.003
148.987
149.045
149.175
149.37
149.62
149.907
150.213
150.517
150.801
151.053
151.262
151.426
151.545
151.619
151.651
151.643
151.594
151.5
151.355
151.151
150.88
150.534
150.117
149.644
149.154
148.705
148.366
148.195
148.214
148.403
148.706
149.057
149.401
149.703
149.947
150.132
150.264
150.351
150.403
150.427
150.429
150.413
150.382
150.339
150.284
150.22
150.149
150.072
149.994
149.918
149.849
149.791
149.75
149.729
149.732
149.759
149.811
149.886
149.98
150.091
150.213
150.343
150.477
150.611
150.742
150.867
150.982
151.086
151.176
151.246
151.294
151.313
151.296
151.237
151.128
150.967
150.752
150.493
150.203
149.903
149.615
149.354
149.13
148.946
148.817
148.769
148.841
149.06
149.423
149.888
150.386
150.848
151.221
151.48
151.62
151.651
151.595
151.477
151.324
151.162
151.013
150.897
150.824
150.801
150.824
150.884
150.967
151.056
151.132
151.175
151.169
151.096
150.941
150.696
150.358
149.94
149.483
149.057
148.761
148.69
148.896
149.36
149.998
150.699
151.365
151.932
152.364
152.646
152.768
152.712
152.447
151.931
151.128
150.047
148.799
147.646
146.936
146.909
147.512
148.445
149.374
150.091
150.536
150.739
150.772
150.716
150.644
150.611
150.65
150.773
150.972
151.228
151.518
151.819
152.11
152.376
152.606
152.791
152.923
152.995
153.001
152.931
152.774
152.521
152.166
151.717
151.2
150.667
150.189
149.839
149.66
149.644
149.73
149.83
149.857
149.752
149.507
149.165
148.82
148.594
148.586
148.831
149.283
149.844
150.413
150.916
151.317
151.61
151.806
151.923
151.982
152
151.994
151.977
151.958
151.946
151.942
151.95
151.969
151.996
152.028
152.063
152.1
152.139
152.181
152.231
152.289
152.358
152.436
152.517
152.591
152.646
152.665
152.635
152.544
152.388
152.173
151.914
151.643
151.396
151.209
151.109
151.102
151.174
151.297
151.438
151.569
151.668
151.725
151.735
151.695
151.603
151.459
151.265
151.032
150.782
150.552
150.391
150.344
150.436
150.666
151.001
151.394
151.797
152.174
152.503
152.779
153.003
153.183
153.329
153.448
153.545
153.623
153.678
153.707
153.698
153.642
153.528
153.347
153.097
152.791
152.452
152.119
151.837
151.648
151.585
151.66
151.862
152.152
152.461
152.689
152.723
152.462
151.858
150.978
150.04
149.373
149.252
149.719
150.576
151.541
152.399
153.041
153.44
153.612
153.601
153.471
153.295
153.143
153.063
153.067
153.137
153.232
153.314
153.352
153.335
153.266
153.157
153.028
152.899
152.791
152.717
152.688
152.705
152.764
152.855
152.964
153.073
153.16
153.201
153.17
153.045
152.81
152.473
152.071
151.683
151.415
151.361
151.566
151.997
152.567
153.169
153.72
154.168
154.488
154.675
154.731
154.66
154.464
154.145
153.704
153.147
152.488
151.759
151.005
150.291
149.681
149.225
148.937
148.785
148.711
148.666
148.642
148.686
148.871
149.251
149.819
150.512
151.24
151.926
152.518
152.993
153.347
153.59
153.734
153.795
153.791
153.737
153.65
153.543
153.43
153.32
153.222
153.14
153.075
153.025
152.981
152.936
152.88
152.802
152.694
152.551
152.369
152.148
151.889
151.597
151.278
150.944
150.61
150.297
150.027
149.819
149.685
149.629
149.644
149.718
149.835
149.984
150.152
150.332
150.516
150.699
150.87
151.021
151.143
151.229
151.273
151.275
151.237
151.166
151.072
150.967
150.866
150.782
150.724
150.702
150.717
150.77
150.855
150.965
151.094
151.232
151.374
151.513
151.646
151.769
151.882
151.982
152.068
152.139
152.192
152.227
152.239
152.226
152.186
152.117
152.018
151.891
151.742
151.579
151.415
151.266
151.148
151.072
151.048
151.074
151.145
151.247
151.364
151.475
151.561
151.604
151.59
151.506
151.349
151.127
150.857
150.571
150.306
150.099
149.976
149.943
149.983
150.065
150.155
150.227
150.271
150.295
150.324
150.386
150.51
150.714
150.999
151.352
151.747
152.153
152.542
152.892
153.184
153.413
153.572
153.664
153.69
153.655
