-5.27525e-23
-5.27685e-23
-5.27952e-23
-5.28327e-23
-5.2881e-23
-5.29402e-23
-5.30103e-23
-5.30915e-23
-5.31838e-23
-5.32875e-23
-5.34025e-23
-5.35292e-23
-5.36675e-23
-5.38217e-23
-5.3992e-23
-5.41907e-23
-5.44023e-23
-5.4647e-23
-5.48936e-23
-5.5166e-23
-5.54408e-23
-5.5734e-23
-5.60657e-23
-5.64009e-23
-5.67636e-23
-5.71107e-23
-5.747e-23
-5.78498e-23
-5.82624e-23
-5.86965e-23
-5.91449e-23
-5.96081e-23
-6.00786e-23
-6.05766e-23
-6.10951e-23
-6.16464e-23
-6.22116e-23
-6.27914e-23
-6.33944e-23
-6.40056e-23
-6.46338e-23
-6.53034e-23
-6.60075e-23
-6.67236e-23
-6.74646e-23
-6.82275e-23
-6.90492e-23
-6.98874e-23
-7.07789e-23
-7.16818e-23
-7.26092e-23
-7.35901e-23
-7.46062e-23
-7.56749e-23
-7.67587e-23
-7.79063e-23
-7.91079e-23
-8.0346e-23
-8.16301e-23
-8.29741e-23
-8.43606e-23
-8.57802e-23
-8.72902e-23
-8.88541e-23
-9.04977e-23
-9.22118e-23
-9.39756e-23
-9.58196e-23
-9.7739e-23
-9.97328e-23
-1.018e-22
-1.03948e-22
-1.06193e-22
-1.08541e-22
-1.10969e-22
-1.1352e-22
-1.16139e-22
-1.18897e-22
-1.21754e-22
-1.24719e-22
-1.27808e-22
-1.31013e-22
-1.34347e-22
-1.3783e-22
-1.41438e-22
-1.45188e-22
-1.49084e-22
-1.53119e-22
-1.57311e-22
-1.6168e-22
-1.66193e-22
-1.7089e-22
-1.7574e-22
-1.80725e-22
-1.85893e-22
-1.91198e-22
-1.96632e-22
-2.02189e-22
-2.07844e-22
-2.13578e-22
-2.19359e-22
-2.25133e-22
-2.30863e-22
-2.36468e-22
-2.4189e-22
-2.47059e-22
-2.51889e-22
-2.56355e-22
-2.60359e-22
-2.63881e-22
-2.66937e-22
-2.69519e-22
-2.71634e-22
-2.73244e-22
-2.74271e-22
-2.74524e-22
-2.73714e-22
-2.71509e-22
-2.67633e-22
-2.61945e-22
-2.54633e-22
-2.46327e-22
-2.38094e-22
-2.31489e-22
-2.2805e-22
-2.29006e-22
-2.34762e-22
-2.44821e-22
-2.57928e-22
-2.72442e-22
-2.8672e-22
-2.99376e-22
-3.09658e-22
-3.17456e-22
-3.23209e-22
-3.2754e-22
-3.30838e-22
-3.33045e-22
-3.33584e-22
-3.31855e-22
-3.27509e-22
-3.20842e-22
-3.1276e-22
-3.04533e-22
-2.97483e-22
-2.92678e-22
-2.9079e-22
-2.92119e-22
-2.96662e-22
-3.04209e-22
-3.14325e-22
-3.26418e-22
-3.39785e-22
-3.53774e-22
-3.67792e-22
-3.81328e-22
-3.93874e-22
-4.05003e-22
-4.14347e-22
-4.21619e-22
-4.26688e-22
-4.29549e-22
-4.30261e-22
-4.28994e-22
-4.25977e-22
-4.21525e-22
-4.16011e-22
-4.0979e-22
-4.03301e-22
-3.96903e-22
-3.90848e-22
-3.85363e-22
-3.80688e-22
-3.77169e-22
-3.75279e-22
-3.75547e-22
-3.7832e-22
-3.83541e-22
-3.9067e-22
-3.98792e-22
-4.06877e-22
-4.14007e-22
-4.19621e-22
-4.23471e-22
-4.25527e-22
-4.25989e-22
-4.25154e-22
-4.23413e-22
-4.21155e-22
-4.18778e-22
-4.16669e-22
-4.15202e-22
-4.14642e-22
-4.15163e-22
-4.16827e-22
-4.19585e-22
-4.2327e-22
-4.27623e-22
-4.32362e-22
-4.37173e-22
-4.41793e-22
-4.4603e-22
-4.49697e-22
-4.52672e-22
-4.54931e-22
-4.56441e-22
-4.57215e-22
-4.57249e-22
-4.56553e-22
-4.55083e-22
-4.52783e-22
-4.49579e-22
-4.45372e-22
-4.40174e-22
-4.34099e-22
-4.27443e-22
-4.20735e-22
-4.14707e-22
-4.10133e-22
-4.07658e-22
-4.07588e-22
-4.09827e-22
-4.13838e-22
-4.18761e-22
-4.23642e-22
-4.27576e-22
-4.29798e-22
-4.29947e-22
-4.28132e-22
-4.25085e-22
-4.22164e-22
-4.21001e-22
-4.22907e-22
-4.28304e-22
-4.36486e-22
-4.45993e-22
-4.55157e-22
-4.62614e-22
-4.67526e-22
-4.69614e-22
-4.69015e-22
-4.66238e-22
-4.62165e-22
-4.58017e-22
-4.55048e-22
-4.54281e-22
-4.56141e-22
-4.60159e-22
-4.6524e-22
-4.70013e-22
-4.7321e-22
-4.74485e-22
-4.73613e-22
-4.7091e-22
-4.67082e-22
-4.63079e-22
-4.59883e-22
-4.58171e-22
-4.5826e-22
-4.59993e-22
-4.63032e-22
-4.66944e-22
-4.71356e-22
-4.76019e-22
-4.80711e-22
-4.85242e-22
-4.89403e-22
-4.9308e-22
-4.96183e-22
-4.98717e-22
-5.00718e-22
-5.02336e-22
-5.03665e-22
-5.04865e-22
-5.05971e-22
-5.07e-22
-5.07827e-22
-5.08274e-22
-5.08102e-22
-5.07073e-22
-5.04924e-22
-5.01575e-22
-4.97005e-22
-4.91425e-22
-4.85166e-22
-4.78821e-22
-4.73019e-22
-4.68504e-22
-4.65901e-22
-4.65579e-22
-4.67619e-22
-4.7171e-22
-4.77332e-22
-4.83841e-22
-4.90628e-22
-4.97187e-22
-5.03254e-22
-5.08665e-22
-5.13409e-22
-5.17515e-22
-5.21069e-22
-5.24195e-22
-5.26982e-22
-5.29548e-22
-5.31974e-22
-5.34361e-22
-5.36791e-22
-5.39311e-22
-5.4195e-22
-5.44683e-22
-5.4744e-22
-5.50127e-22
-5.52564e-22
-5.5453e-22
-5.55764e-22
-5.55934e-22
-5.54755e-22
-5.51934e-22
-5.47362e-22
-5.41092e-22
-5.33518e-22
-5.25434e-22
-5.17818e-22
-5.11771e-22
-5.08217e-22
-5.07708e-22
-5.10444e-22
-5.16308e-22
-5.24838e-22
-5.35116e-22
-5.46012e-22
-5.5627e-22
-5.64756e-22
-5.7063e-22
-5.73282e-22
-5.72427e-22
-5.67902e-22
-5.59762e-22
-5.48137e-22
-5.33448e-22
-5.16388e-22
-4.98099e-22
-4.80097e-22
-4.64128e-22
-4.51936e-22
-4.44921e-22
-4.43853e-22
-4.48716e-22
-4.58511e-22
-4.71678e-22
-4.86416e-22
-5.01233e-22
-5.15086e-22
-5.27393e-22
-5.37887e-22
-5.46571e-22
-5.53438e-22
-5.58626e-22
-5.62231e-22
-5.64409e-22
-5.65307e-22
-5.65129e-22
-5.64044e-22
-5.62223e-22
-5.59817e-22
-5.57037e-22
-5.54073e-22
-5.51146e-22
-5.48427e-22
-5.46134e-22
-5.44416e-22
-5.43401e-22
-5.43141e-22
-5.43632e-22
-5.4479e-22
-5.4653e-22
-5.48707e-22
-5.51228e-22
-5.53959e-22
-5.56783e-22
-5.59623e-22
-5.62427e-22
-5.65156e-22
-5.67772e-22
-5.70223e-22
-5.72508e-22
-5.74549e-22
-5.76343e-22
-5.77843e-22
-5.78964e-22
-5.79676e-22
-5.79882e-22
-5.79498e-22
-5.78445e-22
-5.76619e-22
-5.73882e-22
-5.70128e-22
-5.6523e-22
-5.59039e-22
-5.51394e-22
-5.42135e-22
-5.31099e-22
-5.18086e-22
-5.03098e-22
-4.86674e-22
-4.70305e-22
-4.56761e-22
-4.49482e-22
-4.51066e-22
-4.61512e-22
-4.77973e-22
-4.96296e-22
-5.12853e-22
-5.25489e-22
-5.334e-22
-5.36708e-22
-5.35967e-22
-5.31961e-22
-5.25646e-22
-5.18191e-22
-5.10938e-22
-5.05231e-22
-5.02144e-22
-5.02224e-22
-5.0531e-22
-5.10625e-22
-5.17139e-22
-5.23753e-22
-5.29717e-22
-5.34532e-22
-5.38008e-22
-5.40133e-22
-5.4108e-22
-5.41083e-22
-5.40312e-22
-5.38857e-22
-5.3667e-22
-5.33437e-22
-5.28647e-22
-5.21658e-22
-5.11836e-22
-4.98843e-22
-4.82979e-22
-4.6556e-22
-4.49052e-22
-4.36541e-22
-4.30627e-22
-4.32221e-22
-4.40231e-22
-4.52102e-22
-4.65025e-22
-4.76767e-22
-4.85969e-22
-4.92047e-22
-4.95032e-22
-4.9527e-22
-4.93293e-22
-4.89767e-22
-4.85515e-22
-4.81451e-22
-4.78451e-22
-4.77253e-22
-4.78187e-22
-4.81131e-22
-4.85537e-22
-4.90639e-22
-4.95647e-22
-5.00008e-22
-5.03359e-22
-5.05606e-22
-5.06795e-22
-5.0707e-22
-5.06602e-22
-5.05616e-22
-5.0431e-22
-5.02821e-22
-5.01299e-22
-4.99822e-22
-4.98396e-22
-4.97021e-22
-4.95622e-22
-4.94061e-22
-4.92192e-22
-4.89816e-22
-4.8675e-22
-4.82836e-22
-4.77943e-22
-4.72076e-22
-4.65354e-22
-4.58168e-22
-4.51086e-22
-4.44789e-22
-4.39932e-22
-4.36908e-22
-4.35676e-22
-4.35926e-22
-4.37144e-22
-4.38759e-22
-4.40362e-22
-4.41636e-22
-4.42564e-22
-4.42965e-22
-4.42929e-22
-4.42728e-22
-4.42764e-22
-4.43424e-22
-4.44916e-22
-4.47156e-22
-4.4983e-22
-4.52498e-22
-4.54799e-22
-4.56453e-22
-4.57402e-22
-4.57657e-22
-4.57328e-22
-4.56422e-22
-4.55016e-22
-4.53099e-22
-4.50636e-22
-4.47678e-22
-4.44368e-22
-4.41003e-22
-4.38054e-22
-4.36053e-22
-4.3548e-22
-4.36593e-22
-4.39331e-22
-4.43388e-22
-4.48182e-22
-4.53152e-22
-4.57791e-22
-4.6177e-22
-4.64934e-22
-4.67238e-22
-4.68714e-22
-4.69493e-22
-4.69663e-22
-4.69337e-22
-4.68614e-22
-4.6758e-22
-4.66308e-22
-4.64858e-22
-4.63279e-22
-4.61589e-22
-4.5985e-22
-4.58087e-22
-4.56373e-22
-4.54682e-22
-4.53083e-22
-4.51596e-22
-4.50207e-22
-4.48931e-22
-4.47705e-22
-4.46547e-22
-4.45403e-22
-4.44277e-22
-4.43166e-22
-4.42101e-22
-4.41128e-22
-4.40351e-22
-4.39768e-22
-4.39422e-22
-4.39278e-22
-4.39327e-22
-4.39501e-22
-4.39739e-22
-4.39993e-22
-4.40225e-22
-4.40433e-22
-4.4063e-22
-4.40787e-22
-4.40875e-22
-4.40771e-22
-4.40407e-22
-4.39612e-22
-4.38266e-22
-4.36238e-22
-4.33481e-22
-4.30061e-22
-4.26113e-22
-4.22008e-22
-4.18172e-22
-4.15122e-22
-4.13342e-22
-4.13121e-22
-4.14604e-22
-4.17702e-22
-4.22216e-22
-4.27906e-22
-4.34488e-22
-4.41648e-22
-4.49127e-22
-4.56579e-22
-4.63764e-22
-4.70471e-22
-4.76559e-22
-4.82002e-22
-4.86805e-22
-4.90996e-22
-4.94649e-22
-4.97822e-22
-5.00609e-22
-5.03052e-22
-5.05236e-22
-5.07178e-22
-5.08928e-22
-5.10497e-22
-5.11889e-22
-5.13129e-22
-5.14195e-22
-5.15061e-22
-5.15698e-22
-5.16076e-22
-5.16126e-22
-5.15774e-22
-5.1491e-22
-5.13391e-22
-5.11017e-22
-5.07591e-22
-5.02833e-22
-4.96526e-22
-4.88555e-22
-4.79084e-22
-4.68603e-22
-4.58074e-22
-4.48607e-22
-4.41239e-22
-4.36376e-22
-4.33556e-22
-4.3173e-22
-4.29871e-22
-4.27753e-22
-4.26109e-22
-4.26446e-22
-4.30173e-22
-4.37731e-22
-4.48341e-22
-4.60452e-22
-4.72539e-22
-4.83624e-22
-4.93495e-22
-5.02355e-22
-5.10634e-22
-5.18645e-22
-5.26547e-22
-5.34291e-22
-5.41663e-22
-5.48489e-22
-5.54584e-22
-5.59839e-22
-5.64235e-22
-5.67771e-22
-5.70522e-22
-5.72538e-22
-5.73886e-22
-5.74596e-22
-5.74744e-22
-5.74345e-22
-5.73413e-22
-5.71935e-22
-5.69879e-22
-5.67253e-22
-5.64062e-22
-5.60287e-22
-5.56016e-22
-5.51398e-22
-5.46653e-22
-5.42029e-22
-5.37792e-22
-5.34212e-22
-5.31415e-22
-5.29399e-22
-5.27995e-22
-5.26847e-22
-5.25558e-22
-5.23678e-22
-5.20787e-22
-5.16472e-22
-5.10436e-22
-5.02557e-22
-4.93168e-22
-4.83422e-22
-4.75571e-22
-4.72482e-22
-4.76408e-22
-4.87571e-22
-5.03861e-22
-5.21987e-22
-5.38967e-22
-5.52922e-22
-5.63186e-22
-5.69785e-22
-5.73179e-22
-5.73999e-22
-5.72977e-22
-5.70895e-22
-5.68486e-22
-5.66473e-22
-5.65345e-22
-5.65354e-22
-5.66433e-22
-5.68308e-22
-5.70564e-22
-5.7278e-22
-5.7469e-22
-5.76086e-22
-5.76904e-22
-5.77214e-22
-5.77065e-22
-5.76553e-22
-5.75733e-22
-5.74598e-22
-5.73087e-22
-5.71178e-22
-5.68812e-22
-5.65981e-22
-5.62751e-22
-5.59288e-22
-5.55873e-22
-5.52849e-22
-5.5063e-22
-5.49566e-22
-5.49915e-22
-5.5168e-22
-5.5474e-22
-5.58727e-22
-5.63206e-22
-5.67724e-22
-5.71867e-22
-5.75299e-22
-5.77841e-22
-5.79366e-22
-5.79866e-22
-5.79381e-22
-5.78065e-22
-5.76098e-22
-5.73695e-22
-5.71134e-22
-5.68746e-22
-5.66772e-22
-5.65478e-22
-5.65042e-22
-5.65492e-22
-5.668e-22
-5.68734e-22
-5.70982e-22
-5.73127e-22
-5.74626e-22
-5.74913e-22
-5.7334e-22
-5.69207e-22
-5.61956e-22
-5.5138e-22
-5.3801e-22
-5.23348e-22
-5.09958e-22
-5.00706e-22
-4.97483e-22
-5.00176e-22
-5.06795e-22
-5.14742e-22
-5.21919e-22
-5.27353e-22
-5.30983e-22
-5.33259e-22
-5.34774e-22
-5.35965e-22
-5.37152e-22
-5.38449e-22
-5.39854e-22
-5.41312e-22
-5.42688e-22
-5.43874e-22
-5.44811e-22
-5.4542e-22
-5.4566e-22
-5.45521e-22
-5.4507e-22
-5.4436e-22
-5.43458e-22
-5.42458e-22
-5.41457e-22
-5.40593e-22
-5.39941e-22
-5.39593e-22
-5.39598e-22
-5.40009e-22
-5.40812e-22
-5.41979e-22
-5.43444e-22
-5.451e-22
-5.4679e-22
-5.483e-22
-5.49397e-22
-5.4983e-22
-5.49412e-22
-5.48104e-22
-5.46021e-22
-5.43525e-22
-5.41271e-22
-5.39978e-22
-5.40254e-22
-5.42317e-22
-5.45851e-22
-5.50001e-22
-5.5356e-22
-5.55222e-22
-5.53801e-22
-5.48488e-22
-5.3911e-22
-5.26656e-22
-5.13511e-22
-5.03179e-22
-4.99035e-22
-5.02527e-22
-5.12308e-22
-5.25147e-22
-5.37686e-22
-5.477e-22
-5.5437e-22
-5.57805e-22
-5.58691e-22
-5.57868e-22
-5.56187e-22
-5.54379e-22
-5.53031e-22
-5.52548e-22
-5.53098e-22
-5.54704e-22
-5.57216e-22
-5.6034e-22
-5.6376e-22
-5.67212e-22
-5.70456e-22
-5.73374e-22
-5.75921e-22
-5.78117e-22
-5.8007e-22
-5.81892e-22
-5.83713e-22
-5.85672e-22
-5.87806e-22
-5.90182e-22
-5.9279e-22
-5.95589e-22
-5.98524e-22
-6.01543e-22
-6.04541e-22
-6.07409e-22
-6.1004e-22
-6.12334e-22
-6.14147e-22
-6.15375e-22
-6.15858e-22
-6.15422e-22
-6.1391e-22
-6.11067e-22
-6.06635e-22
-6.00243e-22
-5.91533e-22
-5.80137e-22
-5.65899e-22
-5.49083e-22
-5.30567e-22
-5.12102e-22
-4.96036e-22
-4.84696e-22
-4.79714e-22
-4.81571e-22
-4.89836e-22
-5.03483e-22
-5.21185e-22
-5.4127e-22
-5.62003e-22
-5.81816e-22
-5.99579e-22
-6.14657e-22
-6.26865e-22
-6.36361e-22
-6.43461e-22
-6.48577e-22
-6.52125e-22
-6.54527e-22
-6.5616e-22
-6.57338e-22
-6.58333e-22
-6.5932e-22
-6.60464e-22
-6.61812e-22
-6.63386e-22
-6.65127e-22
-6.66894e-22
-6.68531e-22
-6.69814e-22
-6.70479e-22
-6.70266e-22
-6.68882e-22
-6.66072e-22
-6.61676e-22
-6.55714e-22
-6.48478e-22
-6.40607e-22
-6.32963e-22
-6.26544e-22
-6.22077e-22
-6.1977e-22
-6.19203e-22
-6.19603e-22
-6.20021e-22
-6.19888e-22
-6.18897e-22
-6.17187e-22
-6.15094e-22
-6.13051e-22
-6.11388e-22
-6.10326e-22
-6.09866e-22
-6.09837e-22
-6.10033e-22
-6.10177e-22
-6.09984e-22
-6.09225e-22
-6.07829e-22
-6.05898e-22
-6.0383e-22
-6.02229e-22
-6.01873e-22
-6.03424e-22
-6.07308e-22
-6.13518e-22
-6.21597e-22
-6.30752e-22
-6.40147e-22
-6.48997e-22
-6.56771e-22
-6.63114e-22
-6.67924e-22
-6.71201e-22
-6.73088e-22
-6.73739e-22
-6.73356e-22
-6.72147e-22
-6.70341e-22
-6.68137e-22
-6.6574e-22
-6.63328e-22
-6.61066e-22
-6.59038e-22
-6.57316e-22
-6.55887e-22
-6.54565e-22
-6.53093e-22
-6.51078e-22
-6.48022e-22
-6.4338e-22
-6.36638e-22
-6.2748e-22
-6.1615e-22
-6.03692e-22
-5.92104e-22
-5.83949e-22
-5.81287e-22
-5.84694e-22
-5.92865e-22
-6.03404e-22
-6.13954e-22
-6.22886e-22
-6.29456e-22
-6.3351e-22
-6.35202e-22
-6.34815e-22
-6.32554e-22
-6.28687e-22
-6.23484e-22
-6.17325e-22
-6.10687e-22
-6.0413e-22
-5.98226e-22
-5.93458e-22
-5.90084e-22
-5.8811e-22
-5.87331e-22
-5.87393e-22
-5.87923e-22
-5.88627e-22
-5.89363e-22
-5.901e-22
-5.90901e-22
-5.91902e-22
-5.93216e-22
-5.94944e-22
-5.97095e-22
-5.99648e-22
-6.02527e-22
-6.05622e-22
-6.08765e-22
-6.11858e-22
-6.14784e-22
-6.17458e-22
-6.19819e-22
-6.21864e-22
-6.23603e-22
-6.25028e-22
-6.26156e-22
-6.27002e-22
-6.27576e-22
-6.27889e-22
-6.27934e-22
-6.27665e-22
-6.27061e-22
-6.26004e-22
-6.2443e-22
-6.22239e-22
-6.19351e-22
-6.15715e-22
-6.11312e-22
-6.06212e-22
-6.00579e-22
-5.94696e-22
-5.88884e-22
-5.836e-22
-5.79214e-22
-5.76025e-22
-5.74175e-22
-5.7351e-22
-5.73708e-22
-5.74133e-22
-5.74038e-22
-5.72559e-22
-5.68855e-22
-5.62263e-22
-5.52538e-22
-5.40147e-22
-5.26662e-22
-5.14681e-22
-5.07301e-22
-5.06677e-22
-5.1293e-22
-5.24221e-22
-5.37708e-22
-5.50884e-22
-5.62266e-22
-5.7129e-22
-5.78036e-22
-5.82846e-22
-5.86142e-22
-5.8827e-22
-5.89558e-22
-5.90182e-22
-5.90278e-22
-5.8996e-22
-5.89276e-22
-5.88289e-22
-5.87018e-22
-5.85476e-22
-5.83664e-22
-5.81638e-22
-5.7938e-22
-5.76894e-22
-5.74215e-22
-5.71333e-22
-5.68283e-22
-5.6513e-22
-5.61862e-22
-5.58581e-22
-5.55372e-22
-5.52291e-22
-5.49436e-22
-5.46863e-22
-5.44627e-22
-5.42753e-22
-5.41194e-22
-5.39897e-22
-5.38803e-22
-5.37805e-22
-5.36859e-22
-5.35871e-22
-5.34845e-22
-5.33812e-22
-5.32866e-22
-5.3204e-22
-5.31429e-22
-5.31069e-22
-5.31003e-22
-5.31186e-22
-5.31533e-22
-5.31901e-22
-5.32188e-22
-5.32213e-22
-5.31891e-22
-5.31154e-22
-5.29938e-22
-5.28229e-22
-5.26118e-22
-5.23714e-22
-5.21195e-22
-5.18809e-22
-5.1681e-22
-5.15442e-22
-5.14863e-22
-5.15058e-22
-5.15899e-22
-5.1714e-22
-5.18382e-22
-5.19231e-22
-5.19303e-22
-5.18298e-22
-5.16078e-22
-5.12617e-22
-5.0802e-22
-5.02524e-22
-4.9654e-22
-4.90553e-22
-4.85017e-22
-4.80291e-22
-4.76566e-22
-4.73839e-22
-4.71902e-22
-4.70437e-22
-4.69063e-22
-4.67457e-22
-4.65428e-22
-4.62988e-22
-4.60386e-22
-4.58116e-22
-4.5684e-22
-4.57103e-22
-4.59255e-22
-4.632e-22
-4.68439e-22
-4.74224e-22
-4.79837e-22
-4.84731e-22
-4.88587e-22
-4.91344e-22
-4.93112e-22
-4.94106e-22
-4.94548e-22
-4.94625e-22
-4.9449e-22
-4.94235e-22
-4.93896e-22
-4.93469e-22
-4.92903e-22
-4.92093e-22
-4.90912e-22
-4.89198e-22
-4.86886e-22
-4.8392e-22
-4.80341e-22
-4.76315e-22
-4.72048e-22
-4.67808e-22
-4.63882e-22
-4.60477e-22
-4.57714e-22
-4.55613e-22
-4.54108e-22
-4.53125e-22
-4.52633e-22
-4.52759e-22
-4.53647e-22
-4.55616e-22
-4.58867e-22
-4.635e-22
-4.69473e-22
-4.76558e-22
-4.84387e-22
-4.92515e-22
-5.00509e-22
-5.07995e-22
-5.14694e-22
-5.20401e-22
-5.24984e-22
-5.28401e-22
-5.30617e-22
-5.31622e-22
-5.31425e-22
-5.30076e-22
-5.27634e-22
-5.24227e-22
-5.20043e-22
-5.1524e-22
-5.10114e-22
-5.04876e-22
-4.99732e-22
-4.9479e-22
-4.90145e-22
-4.85808e-22
-4.81865e-22
-4.78424e-22
-4.75642e-22
-4.73686e-22
-4.72684e-22
-4.72817e-22
-4.74197e-22
-4.76969e-22
-4.81164e-22
-4.86709e-22
-4.93196e-22
-4.99919e-22
-5.06067e-22
-5.10903e-22
-5.14039e-22
-5.15572e-22
-5.16016e-22
-5.16168e-22
-5.1676e-22
-5.18276e-22
-5.20764e-22
-5.23956e-22
-5.27438e-22
-5.30918e-22
-5.34177e-22
-5.37208e-22
-5.40031e-22
-5.42627e-22
-5.44889e-22
-5.46593e-22
-5.4749e-22
-5.47433e-22
-5.46495e-22
-5.45011e-22
-5.43625e-22
-5.43138e-22
-5.44378e-22
-5.47861e-22
-5.53749e-22
-5.61682e-22
-5.70972e-22
-5.80809e-22
-5.90449e-22
-5.99307e-22
-6.07062e-22
-6.13603e-22
-6.18993e-22
-6.2331e-22
-6.2673e-22
-6.29353e-22
-6.3129e-22
-6.32549e-22
-6.33085e-22
-6.32795e-22
-6.31532e-22
-6.29167e-22
-6.25589e-22
-6.20782e-22
-6.14859e-22
-6.08102e-22
-6.0098e-22
-5.93975e-22
-5.8749e-22
-5.81712e-22
-5.76439e-22
-5.7117e-22
-5.65249e-22
-5.58171e-22
-5.49788e-22
-5.40569e-22
-5.31637e-22
-5.24601e-22
-5.21018e-22
-5.2178e-22
-5.26754e-22
-5.34767e-22
-5.44099e-22
-5.53208e-22
-5.60975e-22
-5.66929e-22
-5.71113e-22
-5.73863e-22
-5.75727e-22
-5.77207e-22
-5.78723e-22
-5.80568e-22
-5.82812e-22
-5.85424e-22
-5.88303e-22
-5.91232e-22
-5.94023e-22
-5.96541e-22
-5.98624e-22
-6.00257e-22
-6.01404e-22
-6.02068e-22
-6.02251e-22
-6.01945e-22
-6.01187e-22
-5.9999e-22
-5.98341e-22
-5.96205e-22
-5.93576e-22
-5.90424e-22
-5.86702e-22
-5.82395e-22
-5.7751e-22
-5.7208e-22
-5.66191e-22
-5.60003e-22
-5.53762e-22
-5.47784e-22
-5.42434e-22
-5.38108e-22
-5.35196e-22
-5.33924e-22
-5.34378e-22
-5.36422e-22
-5.39778e-22
-5.44002e-22
-5.48554e-22
-5.52914e-22
-5.56542e-22
-5.59023e-22
-5.59963e-22
-5.59152e-22
-5.56471e-22
-5.5205e-22
-5.46258e-22
-5.39916e-22
-5.34115e-22
-5.30058e-22
-5.28694e-22
-5.30377e-22
-5.34722e-22
-5.40801e-22
-5.47481e-22
-5.53715e-22
-5.58796e-22
-5.62426e-22
-5.64517e-22
-5.65208e-22
-5.6471e-22
-5.63289e-22
-5.61253e-22
-5.58888e-22
-5.56467e-22
-5.54188e-22
-5.52253e-22
-5.50705e-22
-5.49552e-22
-5.48721e-22
-5.48092e-22
-5.47509e-22
-5.46836e-22
-5.46013e-22
-5.45056e-22
-5.44073e-22
-5.43237e-22
-5.42746e-22
-5.42778e-22
-5.43444e-22
-5.44775e-22
-5.4668e-22
-5.49029e-22
-5.51704e-22
-5.54634e-22
-5.57793e-22
-5.6118e-22
-5.64819e-22
-5.6869e-22
-5.72669e-22
-5.76662e-22
-5.8044e-22
-5.83791e-22
-5.86564e-22
-5.88525e-22
-5.89563e-22
-5.89539e-22
-5.88438e-22
-5.86268e-22
-5.83101e-22
-5.79137e-22
-5.7463e-22
-5.6993e-22
-5.65418e-22
-5.61555e-22
-5.5866e-22
-5.56944e-22
-5.5643e-22
-5.57042e-22
-5.58502e-22
-5.60546e-22
-5.62857e-22
-5.65186e-22
-5.67304e-22
-5.69023e-22
-5.70228e-22
-5.7089e-22
-5.71047e-22
-5.70856e-22
-5.70531e-22
-5.70326e-22
-5.7051e-22
-5.71273e-22
-5.72581e-22
-5.74286e-22
-5.76056e-22
-5.77531e-22
-5.78339e-22
-5.7821e-22
-5.77077e-22
-5.75043e-22
-5.72439e-22
-5.69679e-22
-5.67198e-22
-5.65332e-22
-5.64249e-22
-5.63951e-22
-5.64322e-22
-5.65083e-22
-5.65935e-22
-5.66601e-22
-5.66761e-22
-5.66162e-22
-5.64662e-22
-5.62311e-22
-5.59326e-22
-5.56118e-22
-5.53198e-22
-5.51032e-22
-5.49911e-22
-5.49943e-22
-5.5105e-22
-5.53107e-22
-5.55974e-22
-5.59516e-22
-5.63682e-22
-5.68367e-22
-5.73427e-22
-5.78647e-22
-5.83827e-22
-5.88771e-22
-5.93281e-22
-5.97259e-22
-6.00592e-22
-6.03248e-22
-6.05186e-22
-6.06433e-22
-6.06973e-22
-6.06835e-22
-6.06064e-22
-6.04685e-22
-6.02708e-22
-6.00225e-22
-5.9732e-22
-5.94121e-22
-5.90772e-22
-5.87481e-22
-5.8448e-22
-5.82015e-22
-5.80332e-22
-5.79648e-22
-5.80093e-22
-5.8173e-22
-5.84496e-22
-5.88254e-22
-5.92777e-22
-5.97756e-22
-6.02866e-22
-6.07761e-22
-6.12115e-22
-6.15583e-22
-6.17823e-22
-6.1846e-22
-6.17121e-22
-6.1346e-22
-6.0715e-22
-5.98167e-22
-5.86876e-22
-5.74327e-22
-5.62169e-22
-5.52453e-22
-5.46861e-22
-5.4599e-22
-5.49173e-22
-5.54922e-22
-5.61611e-22
-5.68127e-22
-5.73937e-22
-5.78972e-22
-5.83404e-22
-5.87452e-22
-5.91285e-22
-5.95066e-22
-5.98907e-22
-6.02866e-22
-6.06928e-22
-6.11012e-22
-6.14924e-22
-6.18448e-22
-6.21373e-22
-6.23558e-22
-6.2499e-22
-6.25724e-22
-6.25855e-22
-6.25559e-22
-6.24959e-22
-6.24111e-22
-6.22983e-22
-6.21428e-22
-6.19344e-22
-6.16626e-22
-6.13367e-22
-6.09829e-22
-6.06562e-22
-6.04146e-22
-6.02917e-22
-6.02811e-22
-6.03347e-22
-6.0371e-22
-6.03198e-22
-6.01596e-22
-5.99308e-22
-5.97233e-22
-5.96396e-22
-5.97438e-22
-6.00375e-22
-6.04576e-22
-6.09154e-22
-6.13262e-22
-6.1638e-22
-6.18399e-22
-6.19473e-22
-6.19934e-22
-6.20139e-22
-6.20454e-22
-6.21141e-22
-6.22365e-22
-6.2419e-22
-6.26585e-22
-6.29378e-22
-6.32321e-22
-6.35063e-22
-6.37209e-22
-6.38368e-22
-6.3816e-22
-6.36294e-22
-6.32699e-22
-6.27532e-22
-6.21325e-22
-6.14842e-22
-6.09104e-22
-6.05118e-22
-6.037e-22
-6.05314e-22
-6.09999e-22
-6.17428e-22
-6.26942e-22
-6.37758e-22
-6.49003e-22
-6.59853e-22
-6.69626e-22
-6.7778e-22
-6.83945e-22
-6.8781e-22
-6.8918e-22
-6.87875e-22
-6.83762e-22
-6.76874e-22
-6.67387e-22
-6.55765e-22
-6.42773e-22
-6.29365e-22
-6.16387e-22
-6.04303e-22
-5.93002e-22
-5.81958e-22
-5.70578e-22
-5.58601e-22
-5.46302e-22
-5.34555e-22
-5.24615e-22
-5.1791e-22
-5.15604e-22
-5.18351e-22
-5.26029e-22
-5.37857e-22
-5.5251e-22
-5.684e-22
-5.84069e-22
-5.98293e-22
-6.10209e-22
-6.1927e-22
-6.25197e-22
-6.27806e-22
-6.26857e-22
-6.22031e-22
-6.12888e-22
-5.99274e-22
-5.81581e-22
-5.6142e-22
-5.41636e-22
-5.25634e-22
-5.15907e-22
-5.12648e-22
-5.14092e-22
-5.17682e-22
-5.21483e-22
-5.24472e-22
-5.26328e-22
-5.27072e-22
-5.26905e-22
-5.2615e-22
-5.25243e-22
-5.24542e-22
-5.24311e-22
-5.24695e-22
-5.25739e-22
-5.2766e-22
-5.30823e-22
-5.35757e-22
-5.42784e-22
-5.51746e-22
-5.61905e-22
-5.72216e-22
-5.81643e-22
-5.89473e-22
-5.95402e-22
-5.99399e-22
-6.01646e-22
-6.02415e-22
-6.01996e-22
-6.00676e-22
-5.98679e-22
-5.96172e-22
-5.93323e-22
-5.90261e-22
-5.871e-22
-5.83924e-22
-5.80842e-22
-5.77935e-22
-5.75281e-22
-5.72941e-22
-5.70924e-22
-5.69241e-22
-5.67861e-22
-5.66751e-22
-5.65846e-22
-5.65064e-22
-5.64332e-22
-5.636e-22
-5.62787e-22
-5.61892e-22
-5.60899e-22
-5.59831e-22
-5.5876e-22
-5.57731e-22
-5.56818e-22
-5.56052e-22
-5.55509e-22
-5.55225e-22
-5.55215e-22
-5.55492e-22
-5.56033e-22
-5.56819e-22
-5.57811e-22
-5.58945e-22
-5.60165e-22
-5.61379e-22
-5.62496e-22
-5.63431e-22
-5.64109e-22
-5.64505e-22
-5.64537e-22
-5.64196e-22
-5.63475e-22
-5.62372e-22
-5.60926e-22
-5.59202e-22
-5.57287e-22
-5.55253e-22
-5.53203e-22
-5.51228e-22
-5.49449e-22
-5.47981e-22
-5.46907e-22
-5.46331e-22
-5.46306e-22
-5.46867e-22
-5.48002e-22
-5.49679e-22
-5.51833e-22
-5.54386e-22
-5.57242e-22
-5.60305e-22
-5.63498e-22
-5.66738e-22
-5.69982e-22
-5.73169e-22
-5.76274e-22
-5.79271e-22
-5.82153e-22
-5.84928e-22
-5.87594e-22
-5.9012e-22
-5.92518e-22
-5.94701e-22
-5.96644e-22
-5.98262e-22
-5.9945e-22
-6.00015e-22
-5.99789e-22
-5.98585e-22
-5.96169e-22
-5.92333e-22
-5.86929e-22
-5.79903e-22
-5.71423e-22
-5.61797e-22
-5.51602e-22
-5.41539e-22
-5.32386e-22
-5.24901e-22
-5.19746e-22
-5.17408e-22
-5.18239e-22
-5.22213e-22
-5.28968e-22
-5.37853e-22
-5.47925e-22
-5.58348e-22
-5.68332e-22
-5.77349e-22
-5.85035e-22
-5.91307e-22
-5.96229e-22
-5.99876e-22
-6.02481e-22
-6.04193e-22
-6.05223e-22
-6.05739e-22
-6.05847e-22
-6.05677e-22
-6.05265e-22
-6.04648e-22
-6.03777e-22
-6.02627e-22
-6.01096e-22
-5.99124e-22
-5.9664e-22
-5.936e-22
-5.90038e-22
-5.86017e-22
-5.81674e-22
-5.77203e-22
-5.72787e-22
-5.68654e-22
-5.64988e-22
-5.61952e-22
-5.59745e-22
-5.58528e-22
-5.58428e-22
-5.59483e-22
-5.61547e-22
-5.6435e-22
-5.67502e-22
-5.70539e-22
-5.73104e-22
-5.74973e-22
-5.76124e-22
-5.76826e-22
-5.77583e-22
-5.79005e-22
-5.81681e-22
-5.85932e-22
-5.9176e-22
-5.98776e-22
-6.06424e-22
-6.14105e-22
-6.21301e-22
-6.27713e-22
-6.33182e-22
-6.37723e-22
-6.41439e-22
-6.44401e-22
-6.4677e-22
-6.4866e-22
-6.50169e-22
-6.51381e-22
-6.52324e-22
-6.53058e-22
-6.53624e-22
-6.54009e-22
-6.54285e-22
-6.5444e-22
-6.54506e-22
-6.54499e-22
-6.54429e-22
-6.54343e-22
-6.54229e-22
-6.54129e-22
-6.54036e-22
-6.53968e-22
-6.53897e-22
-6.53751e-22
-6.53428e-22
-6.52826e-22
-6.51778e-22
-6.50134e-22
-6.4777e-22
-6.44529e-22
-6.40348e-22
-6.35199e-22
-6.29212e-22
-6.225e-22
-6.15364e-22
-6.08201e-22
-6.01547e-22
-5.96076e-22
-5.92478e-22
-5.91395e-22
-5.93137e-22
-5.97642e-22
-6.04431e-22
-6.12883e-22
-6.22316e-22
-6.32147e-22
-6.4185e-22
-6.50946e-22
-6.59045e-22
-6.65801e-22
-6.71048e-22
-6.74831e-22
-6.77299e-22
-6.78728e-22
-6.79374e-22
-6.79391e-22
-6.78762e-22
-6.77361e-22
-6.74886e-22
-6.70989e-22
-6.65485e-22
-6.58379e-22
-6.49995e-22
-6.41142e-22
-6.32981e-22
-6.26685e-22
-6.23026e-22
-6.2195e-22
-6.22626e-22
-6.23852e-22
-6.24486e-22
-6.24036e-22
-6.22651e-22
-6.20934e-22
-6.19664e-22
-6.19292e-22
-6.19841e-22
-6.21023e-22
-6.22697e-22
-6.25097e-22
-6.28747e-22
-6.34184e-22
-6.41445e-22
-6.50004e-22
-6.58885e-22
-6.67152e-22
-6.74238e-22
-6.80089e-22
-6.84981e-22
-6.89366e-22
-6.93439e-22
-6.97122e-22
-6.99968e-22
-7.01455e-22
-7.01192e-22
-6.99361e-22
-6.96918e-22
-6.95479e-22
-6.96783e-22
-7.01906e-22
-7.1049e-22
-7.20908e-22
-7.30949e-22
-7.38564e-22
-7.42279e-22
-7.41317e-22
-7.35482e-22
-7.25145e-22
-7.11089e-22
-6.94622e-22
-6.77505e-22
-6.61727e-22
-6.49221e-22
-6.41545e-22
-6.39546e-22
-6.43237e-22
-6.51847e-22
-6.6382e-22
-6.77298e-22
-6.9048e-22
-7.02208e-22
-7.12273e-22
-7.21342e-22
-7.30616e-22
-7.41177e-22
-7.53343e-22
-7.66444e-22
-7.78998e-22
-7.89381e-22
-7.9627e-22
-7.98911e-22
-7.9711e-22
-7.91079e-22
-7.81326e-22
-7.68571e-22
-7.53718e-22
-7.379e-22
-7.22459e-22
-7.08832e-22
-6.98474e-22
-6.92584e-22
-6.91944e-22
-6.96708e-22
-7.06338e-22
-7.19731e-22
-7.35425e-22
-7.51971e-22
-7.68136e-22
-7.83082e-22
-7.96423e-22
-8.08032e-22
-8.17989e-22
-8.264e-22
-8.33282e-22
-8.38593e-22
-8.42231e-22
-8.44008e-22
-8.43795e-22
-8.41489e-22
-8.37101e-22
-8.30689e-22
-8.22332e-22
-8.12158e-22
-8.00323e-22
-7.87061e-22
-7.7287e-22
-7.58582e-22
-7.45379e-22
-7.34663e-22
-7.2761e-22
-7.24917e-22
-7.26537e-22
-7.31813e-22
-7.39723e-22
-7.49397e-22
-7.60107e-22
-7.71366e-22
-7.82889e-22
-7.94471e-22
-8.0584e-22
-8.1664e-22
-8.26523e-22
-8.34996e-22
-8.41696e-22
-8.46373e-22
-8.48891e-22
-8.49382e-22
-8.48108e-22
-8.45578e-22
-8.42374e-22
-8.39203e-22
-8.36779e-22
-8.35757e-22
-8.36615e-22
-8.39556e-22
-8.44462e-22
-8.509e-22
-8.58195e-22
-8.65632e-22
-8.72438e-22
-8.78065e-22
-8.82111e-22
-8.84378e-22
-8.84798e-22
-8.83431e-22
-8.80468e-22
-8.76131e-22
-8.70748e-22
-8.64656e-22
-8.58302e-22
-8.52059e-22
-8.46336e-22
-8.41478e-22
-8.37741e-22
-8.35292e-22
-8.3418e-22
-8.34383e-22
-8.35791e-22
-8.38186e-22
-8.41283e-22
-8.44801e-22
-8.48424e-22
-8.51868e-22
-8.54885e-22
-8.57358e-22
-8.59279e-22
-8.60713e-22
-8.6177e-22
-8.62618e-22
-8.63315e-22
-8.6387e-22
-8.6414e-22
-8.63906e-22
-8.62949e-22
-8.61078e-22
-8.58277e-22
-8.54766e-22
-8.51073e-22
-8.47886e-22
-8.45957e-22
-8.4589e-22
-8.47804e-22
-8.51329e-22
-8.55785e-22
-8.60299e-22
-8.64009e-22
-8.66261e-22
-8.66606e-22
-8.64775e-22
-8.60648e-22
-8.54156e-22
-8.45376e-22
-8.34533e-22
-8.22075e-22
-8.08808e-22
-7.95893e-22
-7.84816e-22
-7.77126e-22
-7.74083e-22
-7.76225e-22
-7.83218e-22
-7.93872e-22
-8.06545e-22
-8.19573e-22
-8.31559e-22
-8.41609e-22
-8.49231e-22
-8.54301e-22
-8.56941e-22
-8.57443e-22
-8.56232e-22
-8.53803e-22
-8.50751e-22
-8.4758e-22
-8.44738e-22
-8.42426e-22
-8.40727e-22
-8.39456e-22
-8.3835e-22
-8.37063e-22
-8.35343e-22
-8.32976e-22
-8.29894e-22
-8.26121e-22
-8.21727e-22
-8.16749e-22
-8.11246e-22
-8.05267e-22
-7.98813e-22
-7.91888e-22
-7.84583e-22
-7.77151e-22
-7.70036e-22
-7.63764e-22
-7.58883e-22
-7.5572e-22
-7.54241e-22
-7.5408e-22
-7.54729e-22
-7.55682e-22
-7.5659e-22
-7.5739e-22
-7.58112e-22
-7.58914e-22
-7.59954e-22
-7.61338e-22
-7.63074e-22
-7.65135e-22
-7.6735e-22
-7.6944e-22
-7.71026e-22
-7.71594e-22
-7.70618e-22
-7.67583e-22
-7.62237e-22
-7.54813e-22
-7.46275e-22
-7.38355e-22
-7.33168e-22
-7.32173e-22
-7.35426e-22
-7.41293e-22
-7.4706e-22
-7.49992e-22
-7.48032e-22
-7.40215e-22
-7.26906e-22
-7.10206e-22
-6.93932e-22
-6.82693e-22
-6.79732e-22
-6.851e-22
-6.95816e-22
-7.07949e-22
-7.18525e-22
-7.262e-22
-7.30953e-22
-7.33443e-22
-7.34538e-22
-7.34934e-22
-7.34977e-22
-7.34649e-22
-7.33496e-22
-7.3067e-22
-7.25022e-22
-7.15234e-22
-7.00235e-22
-6.79992e-22
-6.56539e-22
-6.34695e-22
-6.20797e-22
-6.19107e-22
-6.28606e-22
-6.43824e-22
-6.58538e-22
-6.68725e-22
-6.72936e-22
-6.714e-22
-6.64999e-22
-6.54691e-22
-6.41244e-22
-6.25333e-22
-6.0766e-22
-5.89287e-22
-5.71937e-22
-5.57882e-22
-5.49614e-22
-5.48902e-22
-5.56113e-22
-5.70087e-22
-5.88506e-22
-6.08897e-22
-6.29173e-22
-6.47991e-22
-6.64592e-22
-6.78768e-22
-6.90484e-22
-6.99832e-22
-7.06872e-22
-7.11616e-22
-7.14044e-22
-7.14049e-22
-7.11516e-22
-7.0642e-22
-6.99063e-22
-6.90228e-22
-6.81328e-22
-6.74244e-22
-6.70757e-22
-6.71776e-22
-6.76813e-22
-6.84251e-22
-6.91993e-22
-6.98233e-22
-7.01829e-22
-7.02356e-22
-6.99878e-22
-6.94839e-22
-6.87916e-22
-6.79893e-22
-6.71501e-22
-6.63353e-22
-6.55771e-22
-6.48872e-22
-6.42615e-22
-6.36975e-22
-6.32084e-22
-6.28134e-22
-6.25468e-22
-6.2439e-22
-6.25073e-22
-6.27481e-22
-6.31384e-22
-6.36356e-22
-6.41916e-22
-6.47645e-22
-6.53179e-22
-6.58284e-22
-6.62779e-22
-6.66497e-22
-6.6929e-22
-6.70965e-22
-6.71373e-22
-6.70353e-22
-6.67903e-22
-6.64123e-22
-6.59282e-22
-6.53863e-22
-6.48474e-22
-6.43853e-22
-6.40732e-22
-6.39675e-22
-6.40959e-22
-6.44414e-22
-6.49532e-22
-6.55639e-22
-6.61958e-22
-6.67818e-22
-6.72695e-22
-6.76214e-22
-6.78128e-22
-6.78242e-22
-6.76454e-22
-6.72713e-22
-6.66992e-22
-6.59437e-22
-6.50335e-22
-6.40297e-22
-6.30125e-22
-6.20905e-22
-6.1373e-22
-6.09503e-22
-6.08595e-22
-6.10831e-22
-6.15392e-22
-6.21167e-22
-6.26909e-22
-6.31582e-22
-6.34398e-22
-6.34863e-22
-6.32732e-22
-6.28073e-22
-6.21225e-22
-6.12929e-22
-6.04315e-22
-5.96844e-22
-5.91999e-22
-5.90865e-22
-5.93708e-22
-5.99883e-22
-6.08182e-22
-6.17247e-22
-6.2598e-22
-6.3365e-22
-6.39865e-22
-6.44542e-22
-6.47736e-22
-6.49582e-22
-6.50223e-22
-6.49789e-22
-6.48433e-22
-6.46225e-22
-6.43322e-22
-6.39887e-22
-6.36028e-22
-6.31913e-22
-6.27778e-22
-6.23805e-22
-6.20155e-22
-6.16946e-22
-6.1419e-22
-6.11827e-22
-6.0963e-22
-6.07392e-22
-6.04849e-22
-6.01825e-22
-5.98189e-22
-5.93958e-22
-5.89201e-22
-5.84149e-22
-5.79087e-22
-5.7437e-22
-5.70365e-22
-5.67413e-22
-5.65764e-22
-5.65576e-22
-5.66916e-22
-5.69766e-22
-5.73945e-22
-5.792e-22
-5.85212e-22
-5.91575e-22
-5.97825e-22
-6.03649e-22
-6.08769e-22
-6.12997e-22
-6.16305e-22
-6.18643e-22
-6.20089e-22
-6.20664e-22
-6.20403e-22
-6.19298e-22
-6.17256e-22
-6.14149e-22
-6.09802e-22
-6.04044e-22
-5.96724e-22
-5.87927e-22
-5.78054e-22
-5.67936e-22
-5.58793e-22
-5.52071e-22
-5.48912e-22
-5.49679e-22
-5.53888e-22
-5.60327e-22
-5.67633e-22
-5.74715e-22
-5.80838e-22
-5.85759e-22
-5.89454e-22
-5.92076e-22
-5.93786e-22
-5.94793e-22
-5.95252e-22
-5.95258e-22
-5.94901e-22
-5.94242e-22
-5.93342e-22
-5.92191e-22
-5.9084e-22
-5.89361e-22
-5.8778e-22
-5.86154e-22
-5.84588e-22
-5.83174e-22
-5.82013e-22
-5.81202e-22
-5.80818e-22
-5.80908e-22
-5.81521e-22
-5.82627e-22
-5.84203e-22
-5.86167e-22
-5.88481e-22
-5.91049e-22
-5.93778e-22
-5.96564e-22
-5.99328e-22
-6.02026e-22
-6.04594e-22
-6.06968e-22
-6.09102e-22
-6.10903e-22
-6.12331e-22
-6.13266e-22
-6.13595e-22
-6.1318e-22
-6.11868e-22
-6.09512e-22
-6.06049e-22
-6.01511e-22
-5.96063e-22
-5.90028e-22
-5.83826e-22
-5.77899e-22
-5.72587e-22
-5.68003e-22
-5.64294e-22
-5.61767e-22
-5.60994e-22
-5.62758e-22
-5.6762e-22
-5.75403e-22
-5.85152e-22
-5.95453e-22
-6.04878e-22
-6.12396e-22
-6.17514e-22
-6.20177e-22
-6.20606e-22
-6.19301e-22
-6.16739e-22
-6.13535e-22
-6.10173e-22
-6.07142e-22
-6.04808e-22
-6.0341e-22
-6.03015e-22
-6.0358e-22
-6.04906e-22
-6.06683e-22
-6.0851e-22
-6.10046e-22
-6.10863e-22
-6.10611e-22
-6.08929e-22
-6.05561e-22
-6.00279e-22
-5.93082e-22
-5.84311e-22
-5.74818e-22
-5.66189e-22
-5.60423e-22
-5.59504e-22
-5.64348e-22
-5.74397e-22
-5.87839e-22
-6.02376e-22
-6.16037e-22
-6.27505e-22
-6.36147e-22
-6.41678e-22
-6.4386e-22
-6.42278e-22
-6.36323e-22
-6.25073e-22
-6.07858e-22
-5.84972e-22
-5.59019e-22
-5.3572e-22
-5.22297e-22
-5.23197e-22
-5.36696e-22
-5.56295e-22
-5.75237e-22
-5.89541e-22
-5.98201e-22
-6.01982e-22
-6.02417e-22
-6.01175e-22
-5.997e-22
-5.9914e-22
-6.00127e-22
-6.02838e-22
-6.07114e-22
-6.1251e-22
-6.18566e-22
-6.2478e-22
-6.30791e-22
-6.36239e-22
-6.40916e-22
-6.44636e-22
-6.47263e-22
-6.48641e-22
-6.4861e-22
-6.46974e-22
-6.43536e-22
-6.38079e-22
-6.30525e-22
-6.21054e-22
-6.10269e-22
-5.99267e-22
-5.89565e-22
-5.82646e-22
-5.79311e-22
-5.79276e-22
-5.8119e-22
-5.83183e-22
-5.83483e-22
-5.81021e-22
-5.75689e-22
-5.68491e-22
-5.6148e-22
-5.57162e-22
-5.57511e-22
-5.63076e-22
-5.72768e-22
-5.84489e-22
-5.96178e-22
-6.06395e-22
-6.14478e-22
-6.20348e-22
-6.24224e-22
-6.26509e-22
-6.27619e-22
-6.2794e-22
-6.27774e-22
-6.27429e-22
-6.27046e-22
-6.268e-22
-6.26753e-22
-6.26946e-22
-6.27344e-22
-6.27912e-22
-6.28591e-22
-6.29325e-22
-6.30092e-22
-6.3091e-22
-6.31799e-22
-6.32843e-22
-6.34063e-22
-6.35531e-22
-6.37138e-22
-6.38827e-22
-6.40316e-22
-6.41365e-22
-6.41674e-22
-6.40933e-22
-6.38911e-22
-6.3556e-22
-6.3099e-22
-6.25584e-22
-6.19979e-22
-6.14951e-22
-6.11258e-22
-6.09365e-22
-6.09418e-22
-6.11044e-22
-6.13654e-22
-6.16588e-22
-6.19262e-22
-6.21252e-22
-6.22331e-22
-6.2241e-22
-6.21472e-22
-6.19454e-22
-6.16362e-22
-6.1226e-22
-6.07371e-22
-6.02203e-22
-5.97554e-22
-5.94423e-22
-5.93705e-22
-5.95902e-22
-6.00908e-22
-6.08007e-22
-6.16218e-22
-6.24533e-22
-6.32254e-22
-6.38971e-22
-6.44569e-22
-6.49114e-22
-6.52769e-22
-6.55723e-22
-6.58129e-22
-6.60105e-22
-6.61658e-22
-6.62779e-22
-6.63295e-22
-6.63039e-22
-6.61768e-22
-6.59244e-22
-6.55347e-22
-6.50063e-22
-6.43624e-22
-6.36567e-22
-6.29728e-22
-6.24022e-22
-6.20348e-22
-6.19314e-22
-6.21143e-22
-6.25558e-22
-6.31699e-22
-6.38018e-22
-6.42459e-22
-6.42639e-22
-6.36515e-22
-6.23355e-22
-6.04752e-22
-5.85571e-22
-5.72676e-22
-5.71435e-22
-5.82157e-22
-6.00383e-22
-6.20293e-22
-6.37686e-22
-6.50512e-22
-6.5828e-22
-6.61409e-22
-6.6086e-22
-6.57991e-22
-6.54337e-22
-6.51317e-22
-6.49845e-22
-6.50101e-22
-6.51643e-22
-6.5364e-22
-6.5526e-22
-6.55945e-22
-6.5548e-22
-6.53938e-22
-6.51607e-22
-6.48921e-22
-6.46281e-22
-6.44087e-22
-6.42666e-22
-6.42132e-22
-6.42563e-22
-6.43851e-22
-6.45776e-22
-6.48048e-22
-6.50283e-22
-6.52026e-22
-6.52767e-22
-6.51939e-22
-6.49136e-22
-6.44051e-22
-6.36872e-22
-6.28498e-22
-6.20623e-22
-6.15413e-22
-6.14828e-22
-6.19596e-22
-6.28903e-22
-6.40859e-22
-6.533e-22
-6.64561e-22
-6.73569e-22
-6.79904e-22
-6.83499e-22
-6.84398e-22
-6.82672e-22
-6.78349e-22
-6.71497e-22
-6.62093e-22
-6.50323e-22
-6.36506e-22
-6.21296e-22
-6.05723e-22
-5.91078e-22
-5.78727e-22
-5.69633e-22
-5.63986e-22
-5.61059e-22
-5.59627e-22
-5.58746e-22
-5.58342e-22
-5.59475e-22
-5.63677e-22
-5.71956e-22
-5.84053e-22
-5.98567e-22
-6.13629e-22
-6.27681e-22
-6.39706e-22
-6.4929e-22
-6.56394e-22
-6.61187e-22
-6.63972e-22
-6.65096e-22
-6.64885e-22
-6.63687e-22
-6.61837e-22
-6.59604e-22
-6.57233e-22
-6.54984e-22
-6.5299e-22
-6.51329e-22
-6.50014e-22
-6.48986e-22
-6.48097e-22
-6.47128e-22
-6.45914e-22
-6.44229e-22
-6.41929e-22
-6.3889e-22
-6.3504e-22
-6.30382e-22
-6.2496e-22
-6.18859e-22
-6.12219e-22
-6.05275e-22
-5.98392e-22
-5.91979e-22
-5.86498e-22
-5.82342e-22
-5.7974e-22
-5.78737e-22
-5.79184e-22
-5.80809e-22
-5.83333e-22
-5.86448e-22
-5.8997e-22
-5.93702e-22
-5.97528e-22
-6.01284e-22
-6.04796e-22
-6.0786e-22
-6.10329e-22
-6.12009e-22
-6.12842e-22
-6.12795e-22
-6.11918e-22
-6.10368e-22
-6.08408e-22
-6.06226e-22
-6.04156e-22
-6.02457e-22
-6.0135e-22
-6.00962e-22
-6.01365e-22
-6.02519e-22
-6.04345e-22
-6.0668e-22
-6.09376e-22
-6.12258e-22
-6.15192e-22
-6.18064e-22
-6.2079e-22
-6.23318e-22
-6.25625e-22
-6.27649e-22
-6.29409e-22
-6.30836e-22
-6.31912e-22
-6.32593e-22
-6.32799e-22
-6.32473e-22
-6.31594e-22
-6.30112e-22
-6.28015e-22
-6.25326e-22
-6.22193e-22
-6.18825e-22
-6.15442e-22
-6.12407e-22
-6.10022e-22
-6.08544e-22
-6.08139e-22
-6.08787e-22
-6.10328e-22
-6.12491e-22
-6.14919e-22
-6.17185e-22
-6.18893e-22
-6.19684e-22
-6.19243e-22
-6.17364e-22
-6.13983e-22
-6.09261e-22
-6.03619e-22
-5.97687e-22
-5.92288e-22
-5.88159e-22
-5.85824e-22
-5.85314e-22
-5.86248e-22
-5.87988e-22
-5.89829e-22
-5.91256e-22
-5.92112e-22
-5.92602e-22
-5.93226e-22
-5.94623e-22
-5.97348e-22
-6.01739e-22
-6.07796e-22
-6.15205e-22
-6.23431e-22
-6.31839e-22
-6.39847e-22
-6.46989e-22
-6.5294e-22
-6.57515e-22
-6.60673e-22
-6.62435e-22
-6.62852e-22
-6.62005e-22
