           0           0           0
    0.064633           0           0
    0.129266           0           0
    0.193899           0           0
    0.258532           0           0
    0.323165           0           0
    0.387798           0           0
    0.452431           0           0
    0.517064           0           0
    0.581697           0           0
     0.64633           0           0
    0.710963           0           0
    0.775596           0           0
     0.84023  0.00024546 6.45329e-05
    0.904863     0.23414  0.00601374
    0.969496     3.34015   0.0467681
     1.03413     7.96086   0.0864283
     1.09876      8.7038   0.0802846
     1.16339     7.24444   0.0670208
     1.22803     5.72376   0.0522307
     1.29266     4.57579   0.0446642
     1.35729     3.81044   0.0384702
     1.42193     3.32414   0.0358971
     1.48656     2.99373   0.0327807
     1.55119     2.77183   0.0308497
     1.61583     2.66607    0.032994
     1.68046     2.61706   0.0337333
     1.74509     2.61989   0.0339065
     1.80973     2.66101   0.0361529
     1.87436     2.75944   0.0393995
     1.93899     2.83558   0.0414642
     2.00362     2.91884   0.0414974
     2.06826     2.92957   0.0426854
     2.13289     2.87788   0.0427456
     2.19752     2.78101   0.0415418
     2.26216     2.65211   0.0387842
     2.32679     2.51407   0.0372021
     2.39142     2.39107   0.0354589
     2.45606     2.28247   0.0335541
     2.52069     2.18254   0.0317084
     2.58532     2.11134   0.0309039
     2.64995     2.05608   0.0301654
     2.71459     2.01171   0.0296533
     2.77922     1.97189   0.0289599
     2.84385      1.9441   0.0297415
     2.90849      1.9149   0.0290985
     2.97312     1.87523   0.0282162
     3.03775     1.83731   0.0269043
     3.10239     1.79361   0.0261178
     3.16702     1.74706   0.0255513
     3.23165     1.70326   0.0249076
     3.29629      1.6511   0.0234794
     3.36092     1.60079   0.0223648
     3.42555     1.55883   0.0211561
     3.49018     1.51521   0.0204405
     3.55482     1.47429   0.0195594
     3.61945     1.43134   0.0186951
     3.68408     1.40004   0.0179507
     3.74872     1.37013   0.0172045
     3.81335     1.34766   0.0164603
     3.87798     1.31898   0.0155083
     3.94262       1.291   0.0153631
     4.00725     1.26349   0.0146571
     4.07188     1.23285   0.0135306
     4.13651      1.2064   0.0130609
     4.20115     1.18321   0.0120682
     4.26578     1.16103   0.0118715
     4.33041     1.13611   0.0113383
     4.39505     1.11259   0.0101834
     4.45968     1.09415  0.00993025
     4.52431     1.07656   0.0093388
     4.58895     1.05909  0.00892156
     4.65358     1.04115  0.00823369
     4.71821     1.02429   0.0079395
     4.78285     1.00956  0.00761742
     4.84748    0.992711  0.00748931
     4.91211    0.978987  0.00694164
     4.97674    0.969038  0.00657575
     5.04138    0.955791   0.0062638
     5.10601    0.943453  0.00580704
     5.17064    0.934013   0.0058413
     5.23528    0.924259   0.0059391
     5.29991    0.912982  0.00550399
     5.36454    0.900155  0.00544554
     5.42918    0.890983  0.00539723
     5.49381    0.884554  0.00542541
     5.55844    0.877686  0.00525574
     5.62307    0.868869  0.00528448
     5.68771    0.862263  0.00504319
     5.75234    0.858829  0.00524642
     5.81697    0.852398  0.00531156
     5.88161    0.847132  0.00531232
     5.94624    0.841537  0.00525336
     6.01087    0.837958  0.00511298
     6.07551    0.831535  0.00533258
     6.14014    0.828014  0.00536281
     6.20477    0.824057  0.00575256
      6.2694    0.820596  0.00544494
     6.33404    0.819336   0.0058429
     6.39867    0.815506  0.00584492
