-1382.49
-1382.91
-1383.6
-1384.58
-1385.84
-1387.39
-1389.22
-1391.34
-1393.75
-1396.45
-1399.45
-1402.76
-1406.36
-1410.39
-1414.83
-1420.02
-1425.54
-1431.93
-1438.36
-1445.47
-1452.65
-1460.29
-1468.95
-1477.7
-1487.16
-1496.21
-1505.57
-1515.47
-1526.23
-1537.54
-1549.22
-1561.28
-1573.53
-1586.5
-1599.99
-1614.33
-1629.03
-1644.1
-1659.77
-1675.65
-1691.95
-1709.33
-1727.59
-1746.15
-1765.35
-1785.1
-1806.37
-1828.04
-1851.09
-1874.4
-1898.32
-1923.61
-1949.78
-1977.28
-2005.12
-2034.58
-2065.4
-2097.1
-2129.93
-2164.24
-2199.58
-2235.67
-2274.02
-2313.65
-2355.23
-2398.49
-2442.87
-2489.16
-2537.2
-2586.94
-2638.34
-2691.54
-2746.92
-2804.64
-2864.01
-2926.13
-2989.49
-3055.88
-3124.19
-3194.57
-3267.32
-3342.16
-3419.27
-3499.05
-3580.7
-3664.48
-3750.26
-3837.59
-3926.67
-4017.65
-4109.24
-4202.03
-4294.61
-4385.87
-4476.23
-4563.55
-4646.55
-4723.75
-4793
-4852.02
-4898.01
-4927.22
-4936.19
-4920.06
-4874.41
-4794.6
-4675.72
-4514.95
-4308.32
-4054.74
-3755.07
-3410.22
-3021.56
-2588.39
-2107.06
-1568.41
-958.498
-261.601
534.281
1430.88
2410.15
3427.13
4409.2
5259.19
5879.76
6196.31
6183.86
5873.55
5343.36
4696.42
4037.66
3455.13
3001.59
2690.31
2501.18
2401.33
2369.48
2410.5
2555.47
2837.71
3272.11
3836.13
4470.48
5093.18
5619.24
5979.02
6127.42
6043.25
5724.95
5186.4
4456.82
3577.1
2595.15
1557.83
508.532
-513.441
-1470.47
-2329.15
-3060.92
-3644.29
-4067.27
-4326.63
-4425.67
-4374.84
-4189.98
-3892.53
-3508.43
-3065.08
-2592.56
-2117.55
-1661.66
-1243.8
-883.281
-604.601
-438.789
-418.169
-562.998
-868.441
-1299.76
-1799.37
-2302.38
-2751.45
-3108.58
-3355.22
-3488.47
-3519
-3465
-3350.43
-3200.93
-3043.06
-2902.56
-2803.11
-2762.82
-2793.47
-2899.22
-3076.51
-3314.2
-3595.4
-3900.56
-4208.77
-4501.28
-4762.85
-4980.6
-5145.52
-5253.27
-5300.9
-5287.91
-5213.95
-5079.21
-4882.15
-4620.64
-4292
-3893.96
-3429.92
-2910.67
-2358.62
-1809.81
-1311.37
-912.919
-655.057
-557.587
-614.122
-791.68
-1038.16
-1294.2
-1503.13
-1618.99
-1619.09
-1511.01
-1340.07
-1187.41
-1149.64
-1303.71
-1672.76
-2213.22
-2834.89
-3434.78
-3927.56
-4259.41
-4409.75
-4385.38
-4217.58
-3960.88
-3688.86
-3478.83
-3392.63
-3454.57
-3637.76
-3876.24
-4087.2
-4202.77
-4196.7
-4055.13
-3796.4
-3464.07
-3117.07
-2815.27
-2602.07
-2497.4
-2494.97
-2574.87
-2711.84
-2883.49
-3072.94
-3265.52
-3448.02
-3607.45
-3734.65
-3823.4
-3872.7
-3885.13
-3868.13
-3828.56
-3774.45
-3708.83
-3631.68
-3536.24
-3411.91
-3244.91
-3021.57
-2729.42
-2364.45
-1929.6
-1440.35
-922.175
-413.677
41.617
396.475
610.924
660.667
541.18
270.856
-116.555
-579.369
-1077.32
-1577.06
-2057.29
-2504.96
-2915.32
-3287.84
-3625.32
-3932.57
-4214.14
-4475.51
-4721.17
-4955.97
-5183.62
-5406.21
-5624.1
-5834.89
-6033.31
-6211.65
-6358.13
-6458.29
-6495.34
-6450.12
-6305.43
-6046.58
-5669.2
-5181.83
-4613.37
-4015.07
-3451.79
-2993.15
-2697.63
-2601.41
-2717.29
-3035.69
-3523.87
-4123.25
-4759.15
-5349.98
-5821.73
-6117.7
-6198.7
-6044.36
-5646.02
-5008.36
-4146.37
-3092.97
-1901.53
-651.753
553.93
1600.28
2374.83
2787.67
2788.96
2380.88
1623.8
617.045
-525.206
-1703.57
-2845.35
-3905.51
-4859.26
-5696.84
-6413.22
-7010.42
-7491.91
-7864.63
-8136.77
-8319.22
-8422.8
-8459.15
-8440.05
-8379.42
-8291.15
-8190.36
-8090.68
-8006.46
-7948.96
-7926.88
-7944.59
-8002.45
-8096.33
-8220.32
-8365.8
-8525.03
-8689.3
-8850.8
-9003.37
-9142.06
-9262.78
-9361.88
-9435.53
-9481.4
-9495.16
-9474.33
-9415.28
-9313.2
-9164.67
-8964.35
-8707.13
-8388
-8001.41
-7540.97
-7001.46
-6377.59
-5664.01
-4855.55
-3947.62
-2936.5
-1820.15
-609.825
650.837
1861.54
2850.91
3412.11
3393.47
2798
1797
642.348
-441.705
-1315.29
-1920.04
-2254.07
-2345.78
-2241.17
-1999.58
-1694.06
-1408.15
-1225.22
-1211.72
-1400.67
-1782.06
-2308.69
-2915.12
-3533.39
-4111.54
-4614.6
-5025.77
-5341.11
-5567.05
-5714.32
-5791.91
-5803.88
-5745.78
-5599.94
-5337.67
-4923.82
-4326.31
-3532.69
-2571.01
-1530.19
-564.795
136.647
417.156
220.488
-387.891
-1255.5
-2210.28
-3111.22
-3868.22
-4438.87
-4817.71
-5021.52
-5081.1
-5037.33
-4940.42
-4846.5
-4810.3
-4876.27
-5064.87
-5368.17
-5752.51
-6170.43
-6573.58
-6925.33
-7202.09
-7395.15
-7505.6
-7541.26
-7512.88
-7433.62
-7315.95
-7169.95
-7004.85
-6826.49
-6636.97
-6436.36
-6220.99
-5983.98
-5717.02
-5409.79
-5052.56
-4637.42
-4159.63
-3622.32
-3037.55
-2431.76
-1842.84
-1315.16
-890.113
-593.254
-425.591
-368.741
-391.73
-461.078
-550.528
-640.569
-725.349
-796.9
-859.816
-929.707
-1029.84
-1182.4
-1398.57
-1672.16
-1982.47
-2301.48
-2604.09
-2872.58
-3100.74
-3288.15
-3439.26
-3556.62
-3643.6
-3699.85
-3725.97
-3724.43
-3704.92
-3685.31
-3692.91
-3758.9
-3912.39
-4170.21
-4532.05
-4979.61
-5480.05
-5996.79
-6496.31
-6953.51
-7352.79
-7687.46
-7956.44
-8163.26
-8312.76
-8410.8
-8462.92
-8474.98
-8451.75
-8397.95
-8317.7
-8214.74
-8093.12
-7957.35
-7810.6
-7656.22
-7497.25
-7334.88
-7170.76
-7003.99
-6833.07
-6656.5
-6472.07
-6279.8
-6079.77
-5874.7
-5667.69
-5463.78
-5266.63
-5078.93
-4901.66
-4734.35
-4574.76
-4421.44
-4273.09
-4128.35
-3986.7
-3848.22
-3708.9
-3565.06
-3411.3
-3239.32
-3042.05
-2813.56
-2550.36
-2252.39
-1927.03
-1588.81
-1262.33
-978.305
-771.96
-673.646
-704.04
-870.02
-1165.73
-1576.03
-2079.24
-2651.92
-3268.22
-3904.25
-4536.3
-5145.58
-5716.53
-6240.3
-6711.9
-7130.09
-7495.97
-7812.64
-8082.75
-8309.22
-8495.39
-8643.3
-8754.76
-8830.44
-8871.32
-8877.57
-8848.56
-8783.64
-8682.21
-8542.92
-8364.26
-8143.25
-7877.14
-7561.5
-7188.14
-6749.17
-6232.23
-5624.34
-4915.72
-4104.38
-3205.7
-2258.47
-1328.16
-497.487
160.033
610.281
876.17
1028.92
1152.14
1301.8
1476.3
1611.41
1607.94
1377.97
891.168
188.398
-644.803
-1521.77
-2383.63
-3205.47
-3988.1
-4735.13
-5448.26
-6122.95
-6747.64
-7309.68
-7797.64
-8203.95
-8524.55
-8758.56
-8908.22
-8975.24
-8963.04
-8874.23
-8712.03
-8479.18
-8178.79
-7815.99
-7397.67
-6933.82
-6438.44
-5930.7
-5432.44
-4964.19
-4546
-4188.96
-3893.86
-3651.86
-3446.4
-3257.47
-3066.54
-2857.2
-2620.98
-2353.86
-2053.23
-1715.06
-1329.76
-881.8
-362.553
208.311
756.994
1149.79
1231.73
903.113
186.026
-782.174
-1818.18
-2768.12
-3545.05
-4123.17
-4521.74
-4783.65
-4963.4
-5112.79
-5273.97
-5470.68
-5706.98
-5970.74
-6239.8
-6490.54
-6702.55
-6863.86
-6969.82
-7021.38
-7024.55
-6988.42
-6922.42
-6835.43
-6734.77
-6626.01
-6511.58
-6392.04
-6266.71
-6135.55
-5998.13
-5859.48
-5726.29
-5609.93
-5525.32
-5485.82
-5503.32
-5582.76
-5722.44
-5912.34
-6137.31
-6378.84
-6616.98
-6836.96
-7024.23
-7169.54
-7267.54
-7317.92
-7324
-7292.59
-7234.5
-7161.64
-7089.86
-7031.59
-6997.77
-6995.94
-7025.83
-7082.94
-7154.79
-7223.78
-7265.92
-7254.1
-7157.11
-6941.04
-6565.63
-6000.87
-5226.79
-4249.81
-3122.87
-1961.72
-941.37
-249.848
-12.3063
-233.075
-804.377
-1570.61
-2393.32
-3183.83
-3898.48
-4523.73
-5059.51
-5509.95
-5881.94
-6181.62
-6415.44
-6590.95
-6716.62
-6799.58
-6847.33
-6864.41
-6854.75
-6820.89
-6763.73
-6684.51
-6586.54
-6472.62
-6348.12
-6221.74
-6101.32
-5996.6
-5917.7
-5874.61
-5873.68
-5920.79
-6017.22
-6161.03
-6344.14
-6553.73
-6773.78
-6984.21
-7162.94
-7289.27
-7343.78
-7313.06
-7187.87
-6965.84
-6650.68
-6247.87
-5761.99
-5189.55
-4521.01
-3755.52
-2927.51
-2137.72
-1554.64
-1358.07
-1638.35
-2331.66
-3253.2
-4194.93
-5007.55
-5623.18
-6036.6
-6275.1
-6376.5
-6376.89
-6307.65
-6193.74
-6056.6
-5915.7
-5788.63
-5690.85
-5635.32
-5630.1
-5679.31
-5781.95
-5933.86
-6128.37
-6357.13
-6612.39
-6886.42
-7173
-7466.06
-7760.76
-8050.29
-8330.07
-8594.4
-8839.66
-9059.69
-9251.37
-9411.22
-9535.28
-9620.53
-9664.17
-9662.89
-9614.43
-9514.99
-9360.55
-9146.23
-8866.13
-8512.21
-8072.96
-7533.83
-6874.95
-6072.03
-5099.61
-3939.08
-2588.72
-1088.68
460.999
1890.51
2987.34
3554.69
3494.41
2851.92
1795.09
540.062
-724.678
-1876.08
-2858.79
-3664.56
-4311.86
-4826.98
-5236.71
-5562.98
-5824.25
-6036.09
-6210.16
-6357.68
-6486.97
-6601.19
-6698.65
-6771.26
-6802.9
-6772.31
-6658.01
-6442.8
-6121.58
-5708.25
-5239.85
-4773.07
-4371.94
-4086.24
-3935.11
-3897.67
-3931.91
-3991.79
-4050.21
-4106.02
-4181.67
-4308.22
-4511.89
-4801.04
-5164.33
-5571.51
-5984.64
-6365.9
-6683.17
-6913.34
-7042.9
-7065.56
-6981.38
-6793.54
-6510.81
-6144.86
-5712.19
-5233.07
-4732.93
-4241.45
-3788.89
-3403.18
-3107.36
-2914
-2825.45
-2832.51
-2916.87
-3056.71
-3228.1
-3410.74
-3589.93
-3757.2
-3908.69
-4046.5
-4174.32
-4295.31
-4412.62
-4525.09
-4629.42
-4717.16
-4773.68
-4783.08
-4728.76
-4596.87
-4382.44
-4089.69
-3737.01
-3356.68
-2989.33
-2677.98
-2457.53
-2347.03
-2345.46
-2432.63
-2577.3
-2743.62
-2898.28
-3012.93
-3065.3
-3039.18
-2923.71
-2714.06
-2414.33
-2036.35
-1604.2
-1153.84
-734.828
-405.581
-226.104
-248.16
-502.876
-990.339
-1675.64
-2498.13
-3383.47
-4259.2
-5066.01
-5761.61
-6323.01
-6740.68
-7016.41
-7157.96
-7176.83
-7088.12
-6906.82
-6649.45
-6333.13
-5974.82
-5591.54
-5198.89
-4810.84
-4438.99
-4093.8
-3780.42
-3503.49
-3263.49
-3060.18
-2892.24
-2757.76
-2659.23
-2602.25
-2595.5
-2653.79
-2790.32
-3016.12
-3335.1
-3739.47
-4212.68
-4730.4
-5267.22
-5799.92
-6309.91
-6785.85
-7222.45
-7618.23
-7975.62
-8298.34
-8589.76
-8854.11
-9093.23
-9309.38
-9502.01
-9669.38
-9810.13
-9920.22
-9993.48
-10025.1
-10005.3
-9924.81
-9771.35
-9533
-9199.1
-8763.16
-8231.11
-7626.31
-6995.82
-6413.63
-5960.95
-5705.16
-5671.66
-5829.19
-6103.18
-6401.66
-6641.71
-6764.17
-6735.71
-6543.17
-6187.17
-5678.45
-5038.02
-4299.34
-3513.75
-2753.78
-2109.09
-1670.36
-1500.4
-1610.97
-1956.52
-2451.44
-3001
-3525.74
-3970.87
-4307.79
-4523.76
-4616.09
-4586.04
-4433.31
-4156.08
-3749.58
-3207.01
-2517.49
-1669.73
-655.633
517.411
1810.06
3130.44
4322.41
5187.84
5550.8
5330.94
4579.59
3445.66
2105.06
709.534
-633.453
-1860.06
-2938.04
-3858.66
-4625.29
-5250.05
-5748.52
-6137.65
-6431.55
-6644.58
-6788.42
-6873.27
-6907.35
-6897.85
-6851.41
-6773.4
-6670.27
-6546.9
-6409.16
-6263.57
-6116.06
-5972.81
-5840.5
-5723.61
-5627.23
-5554.6
-5506.7
-5483.94
-5484.29
-5504.12
-5539.72
-5586.72
-5638.99
-5692.6
-5742.3
-5782.42
-5807.54
-5810.66
-5783.86
-5717.11
-5598.9
-5414.06
-5148.42
-4787.41
-4322.35
-3756.5
-3116.15
-2459
-1872.02
-1454.88
-1289.38
-1401.54
-1750.38
-2246.76
-2787.15
-3286.66
-3691.76
-3977.9
-4142.17
-4195.03
-4152.57
-4034.35
-3861.78
-3655.3
-3436.08
-3222.62
-3029.05
-2862.28
-2722.54
-2600.25
-2479.42
-2339.78
-2160.45
-1924.49
-1625.86
-1272.23
-891.567
-533.107
-254.959
-107.573
-117.885
-277.428
-549.052
-883.939
-1239.34
-1586.63
-1909.8
-2197.78
-2439.36
-2620.58
-2728.04
-2752.43
-2693.26
-2559.49
-2369.34
-2148.95
-1927.86
-1732.93
-1585.03
-1495.51
-1463.83
-1477.12
-1514.98
-1551.69
-1563
-1529.87
-1439.78
-1291.08
-1088.44
-845.929
-581.448
-315.968
-69.8117
141.375
306.68
417.438
463.528
430.217
296.78
40.5389
-352.625
-881.329
-1523.09
-2239.33
-2984.74
-3715.02
-4393.82
-4996.06
-5504.93
-5910.96
-6210.05
-6400.3
-6480.53
-6452.06
-6315.93
-6075.73
-5738.45
-5314.65
-4819.99
-4275.66
-3704.98
-3129.75
-2564.31
-2007.4
-1437.38
-814.722
-91.9687
763.256
1740.18
2758.02
3657.51
4229.08
4285.38
3744.08
2670.18
1237.8
-346.118
-1908.09
-3332.44
-4562.32
-5579.83
-6392.66
-7020.5
-7486.29
-7814.74
-8026.41
-8138.29
-8164.86
-8117.27
-8003.52
-7829.59
-7600.62
-7320.22
-6992.24
-6620.73
-6210.76
-5767.78
-5299.45
-4814.48
-4321.46
-3830.5
-3351.1
-2893.03
-2465.23
-2073.16
-1720.86
-1405.78
-1119.44
-845.482
-560.618
-242.28
126.636
554.535
1036.93
1558.63
2099.19
2634.58
3135.3
3563.26
3867.92
3991.03
3883.03
3523.99
2943.37
2215.57
1440.46
718.758
130.458
-274.173
-476.132
-483.472
-328.94
-64.7064
239.646
504.243
648.898
610.49
356.254
-106.881
-734.377
-1459.42
-2212.35
-2933.96
-3583.24
-4138.3
-4593.36
-4953.06
-5229.32
-5435.04
-5585.94
-5694.46
-5768.58
-5811.86
-5821.66
-5787.91
-5693.71
-5517.44
-5233.26
-4820.22
-4272.17
-3612.04
-2909.14
-2282.23
-1875.34
-1804.55
-2099.83
-2691.3
-3445.16
-4223.6
-4927.88
-5508.16
-5955.58
-6281.16
-6506.85
-6656.93
-6753.24
-6812.4
-6847.55
-6866.95
-6874.4
-6868.74
-6844.54
-6793.44
-6701.18
-6553.03
-6329.88
-6015.19
-5593.99
-5058.99
-4416.24
-3694.99
-2951.64
-2268.65
-1734.62
-1414.57
-1319.64
-1399.82
-1568.39
-1742.56
-1880.4
-2000.7
-2167.88
-2464.15
-2944.21
-3609.59
-4405.01
-5246.62
-6053.07
-6764.49
-7350.56
-7802.11
-8123.17
-8324.92
-8419.44
-8418.26
-8329.92
-8164.27
-7928.88
-7632.89
-7286.33
-6901.93
-6495.25
-6084.24
-5685.46
-5314.41
-4979.53
-4682.41
-4410.86
-4141.33
-3840.7
-3469.93
-2995.88
-2407.89
-1739.39
-1083.32
-584.17
-388.585
-572.53
-1095.55
-1820.72
-2584.34
-3255.43
-3760.04
-4070.43
-4186.69
-4118.95
-3878.25
-3473.38
-2913.81
-2210.68
-1384.81
-471.941
466.008
1339.48
2039.89
2470.03
2584.76
2408.11
2020.76
1520.67
987.159
471.175
3.67162
-391.927
-693.927
-882.459
-950.531
-915.698
-829.21
-778.154
-864.171
-1166.57
-1709.44
-2446.69
-3285.62
-4125.05
-4885.25
-5519.55
-6011.36
-6363.46
-6588.25
-6699.87
-6711.84
-6633.48
-6470.3
-6225.75
-5901.12
-5498.97
-5023.36
-4485.02
-3900.76
-3296.14
-2704.9
-2168.26
-1729.63
-1427.78
-1291.97
-1333.16
-1543.59
-1898.02
-2359.34
-2889.47
-3456.84
-4040.17
-4629.51
-5222.31
-5816.44
-6407.89
-6986.64
-7540.59
-8054.73
-8515.34
-8912.98
-9240
-9493.12
-9671.3
-9773.92
-9801.61
-9753.21
-9627.87
-9422.42
-9132.99
-8755.51
-8288.03
-7730
-7088.09
-6376.23
-5617.12
-4844.5
-4097.69
-3418.21
-2839.54
-2377.26
-2024.26
-1752.1
-1514.9
-1262.12
-946.823
-535.997
-15.3132
608.673
1308.8
2039.23
2739.63
3341.63
3778.88
3995.84
3958.23
3658.26
3115.71
2373.33
1488.2
520.911
-472.607
-1445.37
-2364.09
-3206.14
-3958.71
-4617.67
-5184.87
-5663.31
-6059.19
-6378.75
-6627.93
-6812.03
-6934.69
-6997.77
-7001.43
-6945.13
-6826
-6640.92
-6385.08
-6055.68
-5650.12
-5169.2
-4619.58
-4013.25
-3369.18
-2712.29
-2072.76
-1483.71
-975.588
-575.1
-300.198
-156.448
-133.613
-206.919
-334.299
-469.003
-560.268
-571.034
-487.646
-332.487
-172.776
-107.026
-235.892
-618.867
-1244.43
-2037.13
-2890.69
-3707.38
-4420.15
-4993.52
-5415.85
-5687.63
-5814.26
-5798.8
-5642.9
-5345.26
-4905.99
-4329.2
-3630.12
-2842.35
-2022.94
-1251.85
-620.22
-209.704
-63.8497
-174.63
-487.095
-919.02
-1387.42
-1825.42
-2190.44
-2463.19
-2643.28
-2743.31
-2784.71
-2793.02
-2795.47
-2817.03
-2877.24
-2988.3
-3154.96
-3374.02
-3636.26
-3929.98
-4241.73
-4560.35
-4876.69
-5183.56
-5476.08
-5752.11
-6009.72
-6248.61
-6469.87
-6673.87
-6861.75
-7034.87
-7194.22
-7340.16
-7472.5
-7589.59
-7687.91
-7762.99
-7809.47
-7820.69
-7790.22
-7710.85
-7577.73
-7388
-7142.58
-6844.91
-6504.23
-6134
-5749.91
-5370.3
-5009.57
-4676.97
-4370.08
-4070.22
-3747.69
-3367.84
-2909.21
-2389.44
-1883.5
-1520.74
-1439.81
-1721.24
-2336.65
-3164.5
-4052.43
-4876.73
-5565.48
-6094.78
-6467.87
-6698.5
-6800.45
-6786.26
-6663.27
-6435.23
-6105.4
-5675.94
-5152.81
-4544.54
-3868.84
-3153.6
-2443.06
-1797.5
-1287.11
-979.488
-915.111
-1091.17
-1456.04
-1923.62
-2400.73
-2801.66
-3063.77
-3145.97
-3024.16
-2690.52
-2152.55
-1435.87
-586.857
328.366
1229.53
2032.7
2663.88
3068.3
3214.68
3097.77
2736.78
2170.97
1453.52
645.22
-195.295
-1018.31
-1784.04
-2463.41
-3035.31
-3485.51
-3806.03
-3991.9
-4043.84
-3968.32
-3777.48
-3493.36
-3148.03
-2783.17
-2448.46
-2195.1
-2066.08
-2088.81
-2267.59
-2583.53
-3004.31
-3489.25
-4003.33
-4522.21
-5032.48
-5531.59
-6021.31
-6504.89
-6980.4
-7443.61
-7885.86
-8298.37
-8671.39
-8997.88
-9273.07
-9494.59
-9662.33
-9776.54
-9839.4
-9852.47
-9818.34
-9737.55
-9612.4
-9443.19
-9230.46
-8974
-8673.41
-8328.29
-7938.73
-7504.34
-7026.15
-6504.82
-5941.94
-5341.97
-4709.05
-4051.71
-3379.98
-2708.82
-2056.83
-1448.51
-912.597
-479.437
-178.157
-32.0001
-50.4265
-225.308
-530.915
-927.127
-1368.86
-1813.79
-2231.15
-2606.07
-2939.37
-3246.05
-3546.65
-3858.35
-4191.38
-4543.85
-4903.38
-5250.88
-5566.13
-5833.87
-6045.85
-6200.07
-6300.92
-6355.69
-6373.59
-6364.62
-6336.69
-6295.37
-6244.16
-6183.28
-6108.26
-6011.76
-5881.38
-5701.45
-5455.63
-5126.88
-4702.78
-4180.39
-3569.63
-2899.1
-2211.4
-1557.65
-978.729
-491.279
-76.0766
310.718
715.335
1155.02
1593.81
1939.92
2072.82
1902.51
1420.68
714.351
-76.5452
-814.578
-1405.75
-1803.91
-2001.8
-2016.42
-1877.8
-1627
-1316.74
-1011.83
-782.753
-693.622
-784.472
-1062.01
-1502.91
-2058.05
-2660.48
-3229.23
-3675.86
-3919.97
-3908.33
-3638.76
-3181.34
-2680.03
-2316.24
-2237.79
-2488.84
-2996.12
-3622.54
-4240.41
-4775.17
-5203.8
-5539.12
-5805.9
-6026.24
-6213.05
-6369.46
-6491.17
-6568.06
-6588.46
-6540.75
-6414.59
-6202.33
-5900.8
-5512.12
-5049.76
-4537.28
-4012.36
-3525.23
-3129.64
-2874.06
-2786.41
-2865.94
-3087.14
-3405.38
-3771
-4139.95
-4479.98
-4770.91
-5001.13
-5165.87
-5265.19
-5301.44
-5277.61
-5198.91
-5072.1
-4907.86
-4722.5
-4536.55
-4377.15
-4270.03
-4236.04
-4280.1
-4390.86
-4540.08
-4688.64
-4795
-4824.8
-4756.65
-4585.43
-4326.3
-4009.95
-3679.38
-3380.96
-3150.32
-3007.96
-2954.37
-2980.29
-3073.6
-3226.2
-3436.22
-3702.2
-4017.86
-4369.61
-4736.7
-5097.93
-5432.17
-5725.27
-5968.98
-6161.33
-6303.41
-6399.13
-6453.71
-6471.6
-6457.1
-6412.95
-6340.72
-6240.8
-6112.27
-5952.63
-5758.88
-5527.13
-5251.55
-4925.73
-4542.48
-4094.09
-3573.67
-2976.05
-2301.17
-1554.94
-755.087
71.0167
883.981
1641.62
2309.54
2869.45
3324.61
3696.62
4015.06
4301.99
4565.75
4796.34
4966.79
5043.63
4990.67
4778.35
4383.39
3791.8
3001.52
2025.24
898.096
-326.422
-1580.91
-2796.91
-3916.9
-4900.9
-5727.44
-6392.43
-6900.96
-7264.74
-7498.75
-7617.91
-7639.16
-7577.58
-7448.64
-7268.14
-7051.09
-6813.81
-6572.71
-6344.17
-6143.75
-5984.24
-5875.89
-5822.69
-5822.93
-5867.97
-5943.92
-6034.15
-6121.17
-6190.35
-6230.95
-6237.99
-6210.58
-6152.23
-6071.54
-5978.06
-5882.22
-5792.23
-5712.63
-5643.8
-5580.97
-5515.98
-5439.66
-5343.58
-5221.07
-5069.97
-4893.9
-4699.67
-4497.55
-4298.39
-4112.15
-3945.94
-3801.9
-3678.59
-3570.97
-3470.27
-3367.63
-3254.86
-3124.74
-2972.32
-2792.96
-2584.71
-2345.41
-2073.04
-1766.23
-1423.01
-1042.6
-628.402
-188.803
257.598
678.79
1030.26
1258.09
1308.8
1148.06
770.68
210.213
-472.767
-1205.7
-1919.31
-2559.11
-3088.68
-3486.13
-3741.28
-3851.72
-3818.56
-3647.36
-3345.5
-2927.08
-2411.76
-1831.96
-1234.08
-676.564
-228.137
48.1926
109.348
-54.0999
-413.832
-914.062
-1487.54
-2073.72
-2626.92
-3120.4
-3542.46
-3892.7
-4177.18
-4405.53
-4589.38
-4741
-4874.49
-5002.04
-5136.3
-5288.04
-5464.32
-5668.19
-5900.16
-6156.72
-6430.39
-6715.01
-7001.63
-7283.66
-7555.02
-7811.18
-8047.44
-8262.16
-8452.69
-8616.99
-8753.29
-8860.69
-8936.91
-8980.11
-8989
-8960.46
-8894.78
-8790.75
-8649.62
-8473.68
-8265.72
-8032.15
-7779.34
-7514.97
-7247.11
-6983.36
-6729.02
-6487.09
-6257.23
-6035.27
-5812.57
-5576.62
-5311.65
-5000.42
-4624.71
-4170.13
-3627.05
-2992.07
-2272.46
-1482.9
-649.17
196.49
1015.75
1771.14
2431.54
2982
3432.29
3817.32
4192.25
4609.49
5092.95
5606.81
6036.85
6210.29
5967.69
5251.69
4149.47
2846.46
1534.08
346.392
-659.09
-1481.37
-2148.77
-2696.18
-3148.81
-3519.18
-3809.35
-4019.19
-4157.1
-4247.93
-4332.44
-4457.45
-4660.76
-4956.53
-5328
-5735.32
-6129.16
-6461.49
-6695.61
-6808.23
-6785.66
-6622.72
-6319.07
-5880.25
-5322.67
-4683.16
-4026.58
-3447.43
-3052.28
-2923.06
-3080.52
-3469.7
-3983.81
-4508.06
-4953.74
-5271.47
-5447.35
-5490.47
-5421.15
-5263.19
-5036.6
-4752.99
-4412.92
-4005.19
-3507.35
-2890.62
-2131.54
-1227.98
-217.769
804.598
1691.22
2273.68
2426.72
2116.49
1407.59
424.319
-696.744
-1837.92
-2908.39
-3847.95
-4617.8
-5200.53
-5594.37
-5807.95
-5858.44
-5766.58
-5556.62
-5253.98
-4886.08
-4483.13
-4075.33
-3696.27
-3376.54
-3142.97
-3011.04
-2982.94
-3044.51
-3169.87
-3326.53
-3484.09
-3616.93
-3710.36
-3759.96
-3771.36
-3758.44
-3739.63
-3731.99
-3751.76
-3810.53
-3912.94
-4059.74
-4247.44
-4471.51
-4724.37
-4997.26
-5280.55
-5563.76
-5835.56
-6086.02
-6304.77
-6485.3
-6621.95
-6713.23
-6758.62
-6759.79
-6718.24
-6635.93
-6511.64
-6344.54
-6128.92
-5860.03
-5534.56
-5151.25
-4719.73
-4258.35
-3796.64
-3370.35
-3014.12
-2751.2
-2588.17
-2510.86
-2492.57
-2502.43
-2511.36
-2501.23
-2465.47
-2413.94
-2369.2
-2364.25
-2432.8
-2598.53
-2867.62
-3225.24
-3640.85
-4079.14
-4508.79
-4908.03
-5264.85
-5577.16
-5849.34
-6088.27
-6302.12
-6497.72
-6679.85
-6850.87
-7008.82
-7147.51
-7258.11
-7327.37
-7340.85
-7282.83
-7141.82
-6911.73
-6597.02
-6214.12
-5792.73
-5372.61
-4995.51
-4695.62
-4492.8
-4392.17
-4386.96
-4466.98
-4622.21
-4841.09
-5109.7
-5410.55
-5723.78
-6030.01
-6313.24
-6561.93
-6769.18
-6929.92
-7040.35
-7096.44
-7095.81
-7036.21
-6918.05
-6744.99
-6523.99
-6265.24
-5981.51
-5686.87
-5394.26
-5112.44
-4844.17
-4586.78
-4330.14
-4061
-3764.09
-3428.46
-3047.47
-2622.84
-2163.9
-1689.2
-1222.22
-787.84
-403.866
-74.6182
210.259
470.846
722.821
963.54
1167.7
1296.63
1317.7
1225.6
1039.89
793.526
511.727
202.154
-141.085
-529.317
-972.7
-1477.29
-2038.49
-2645.44
-3275.04
-3895.9
-4469.92
-4959.27
-5332.42
-5566.06
-5649.62
-5583.85
-5379.51
-5056.22
-4642.46
-4172.81
-3684.92
-3219.56
-2813.51
-2495.79
-2283.77
-2177.72
-2158.04
-2188.69
-2223.77
-2217.86
-2134.28
-1954.15
-1676.99
-1321.94
-926.053
-539.054
-218.78
-21.8143
6.08894
-160.191
-519.838
-1046.66
-1693.86
-2402.31
-3112.08
-3770.57
-4336.51
-4787.07
-5112.58
-5319.1
-5422.59
-5445.14
-5411.65
-5342.28
-5251.89
-5147.95
-5031.76
-4899.81
-4751.33
-4590.35
-4430.45
-4293.87
-4208.29
-4202.58
-4298.35
-4500.45
-4799.23
-5169.94
-5578.76
-5991.55
-6377.54
-6713.32
-6986.13
-7189.35
-7325.72
-7403.17
-7434.7
-7434.22
-7417.41
-7395.78
-7376.08
-7358.18
-7333.73
-7286.12
-7194.78
-7035.71
-6788.12
-6442.28
-6001.34
-5493.22
-4966.8
-4486.33
-4116.78
-3902.21
-3853.82
-3948.28
-4140.72
-4383.7
-4641.71
-4895.49
-5138.15
-5369.53
-5588.31
-5789.17
-5962.12
-6094.69
-6179.31
-6214.31
-6208.6
-6177.74
-6142.1
-6117.29
-6110.85
-6117.51
-6122.98
-6108.65
-6058.32
-5961.41
-5815.59
-5624.35
-5395.5
-5137
-4854.86
-4552.71
-4231.81
-3892.96
-3537.71
-3169.1
-2790.64
-2407.22
-2023.88
-1646.93
-1286.14
-957.055
-678.699
-476.005
-373.498
-392.278
-543.357
-826.871
-1226.32
-1711.7
-2238.64
-2749.57
-3176.86
-3445.15
-3480.03
-3218.8
-2640.92
-1807.61
-899.266
-201.81
6.92757
-379.692
-1226.28
-2254.57
-3207.4
-3940.31
-4419.92
-4681.21
-4784.55
-4790.47
-4746.64
-4683.91
-4614.99
-4539.99
-4448.66
-4326.95
-4160.82
-3939.01
-3657.03
-3316.15
-2928.37
-2516.79
-2120.02
-1791.94
-1589.1
-1553.03
-1690.78
-1965.42
-2309.21
-2649.94
-2934.74
-3144.48
-3287.58
-3386.28
-3459.18
-3509.83
-3526.66
-3493.68
-3400.15
-3247.99
-3052.6
-2838.1
-2628.49
-2439.92
-2276.21
-2130.63
-1990.14
-1842.6
-1681.19
-1509.46
-1341.04
-1195.76
-1099.32
-1074.93
-1143.83
-1319.29
-1602.65
-1976.39
-2404.32
-2833.63
-3210.86
-3493.44
-3662.01
-3718.83
-3682.68
-3572.03
-3391.73
-3124.16
-2738.19
-2204.47
-1518.24
-715.439
122.023
881.477
1449.32
1745.27
1745.14
1482.98
1029.61
464.606
-144.803
-755.865
-1346.62
-1912.27
-2455.39
-2984.19
-3505.79
-4025.11
-4544.76
-5063.78
-5578.36
-6081.93
-6565.82
-7020.73
-7437.67
-7807.35
-8123.95
-8381.74
-8577.52
-8707.46
-8767.97
-8752.54
-8655.37
-8466.8
-8174.24
-7764.94
-7226.04
-6549.84
-5738.6
-4816.07
-3832.37
-2869.39
-2030.92
-1418.28
-1100.54
-1093.6
-1359.43
-1826.39
-2416.85
-3066.16
-3731.01
-4387.12
-5023.81
-5638.04
-6229.83
-6796.91
-7333.13
-7828.43
-8267.9
-8632.84
-8904.47
-9061.39
-9083.84
-8951.1
-8643.19
-8143.17
-7438.34
-6526.26
-5425.39
-4183.67
-2887.37
-1657.26
-632.145
67.9581
380.254
317.504
-35.9312
-557.306
-1122.79
-1633.79
-2026.17
-2267.1
-2344.29
-2255.72
-2002.2
-1584.91
-1003.98
-260.512
634.546
1653.83
2738.83
3788.95
4663.52
5202.53
5274.59
4824.42
3897.96
2621.75
1158.61
-337.802
-1750.81
-3007.29
-4073.11
-4942.8
-5627.76
-6151.39
-6543.14
-6832.45
-7047.07
-7211.22
-7343.83
-7456.37
-7555.58
-7640.99
-7707.49
-7748.45
-7755.94
-7720.89
-7635.38
-7493.75
-7292.12
-7028.94
-6705.11
-6321.57
-5882.69
-5390.81
-4849.75
-4261.09
-3627.3
-2949.56
-2231.64
-1477.87
-697.047
98.4592
890.039
1655.28
2365.54
2990.11
3497.59
3862.8
4070.7
4120.32
4025.94
3811.93
3507.85
3140.73
2730.59
2285.72
1800.26
1254.19
621.502
-121.479
-979.044
-1933.12
-2942.1
-3955.09
-4922.6
-5808.42
-6590.01
-7258.33
-7814.7
-8266.09
-8620.67
-8886.77
-9072.2
-9183.19
-9224.46
-9200.23
-9114.06
-8969.61
-8772.09
-8528.37
-8247.72
-7942.43
-7626.83
-7317.03
-7027.79
-6774.75
-6569.53
-6419.7
-6328.26
-6292.58
-6305.87
-6354.75
-6423.04
-6491.82
-6540.27
-6547.26
-6494.6
-6364.24
-6140.22
-5806.41
