-5.27525e-23
-5.27685e-23
-5.27952e-23
-5.28327e-23
-5.2881e-23
-5.29402e-23
-5.30103e-23
-5.30915e-23
-5.31838e-23
-5.32875e-23
-5.34025e-23
-5.35292e-23
-5.36675e-23
-5.38217e-23
-5.3992e-23
-5.41907e-23
-5.44023e-23
-5.4647e-23
-5.48936e-23
-5.5166e-23
-5.54408e-23
-5.5734e-23
-5.60657e-23
-5.64009e-23
-5.67636e-23
-5.71107e-23
-5.747e-23
-5.78498e-23
-5.82624e-23
-5.86965e-23
-5.91449e-23
-5.96081e-23
-6.00786e-23
-6.05766e-23
-6.10951e-23
-6.16464e-23
-6.22116e-23
-6.27914e-23
-6.33944e-23
-6.40056e-23
-6.46338e-23
-6.53034e-23
-6.60075e-23
-6.67236e-23
-6.74646e-23
-6.82275e-23
-6.90492e-23
-6.98874e-23
-7.07789e-23
-7.16818e-23
-7.26069e-23
-7.35852e-23
-7.45947e-23
-7.56564e-23
-7.67448e-23
-7.78889e-23
-7.90866e-23
-8.03205e-23
-8.16e-23
-8.29351e-23
-8.43201e-23
-8.57378e-23
-8.72376e-23
-8.87986e-23
-9.04309e-23
-9.21252e-23
-9.38922e-23
-9.5727e-23
-9.76364e-23
-9.96234e-23
-1.01675e-22
-1.03811e-22
-1.06039e-22
-1.08369e-22
-1.10789e-22
-1.1332e-22
-1.15926e-22
-1.18661e-22
-1.21503e-22
-1.24443e-22
-1.27509e-22
-1.30695e-22
-1.34008e-22
-1.37456e-22
-1.41037e-22
-1.44761e-22
-1.48623e-22
-1.52638e-22
-1.5679e-22
-1.61121e-22
-1.65604e-22
-1.70263e-22
-1.75075e-22
-1.80041e-22
-1.85175e-22
-1.90451e-22
-1.9587e-22
-2.01412e-22
-2.07072e-22
-2.12822e-22
-2.18534e-22
-2.24258e-22
-2.29965e-22
-2.35588e-22
-2.41068e-22
-2.46348e-22
-2.51335e-22
-2.55997e-22
-2.60258e-22
-2.64047e-22
-2.67365e-22
-2.70169e-22
-2.72479e-22
-2.7425e-22
-2.7541e-22
-2.75843e-22
-2.7533e-22
-2.73605e-22
-2.704e-22
-2.65517e-22
-2.59019e-22
-2.51266e-22
-2.43119e-22
-2.35821e-22
-2.30912e-22
-2.29753e-22
-2.33179e-22
-2.41161e-22
-2.52837e-22
-2.6673e-22
-2.81162e-22
-2.94653e-22
-3.06103e-22
-3.15069e-22
-3.21734e-22
-3.26667e-22
-3.30421e-22
-3.33215e-22
-3.34808e-22
-3.34635e-22
-3.32288e-22
-3.27716e-22
-3.21469e-22
-3.14595e-22
-3.08256e-22
-3.0348e-22
-3.00931e-22
-3.00854e-22
-3.03267e-22
-3.08049e-22
-3.14897e-22
-3.23801e-22
-3.34302e-22
-3.45885e-22
-3.58032e-22
-3.70258e-22
-3.82157e-22
-3.93356e-22
-4.03517e-22
-4.1231e-22
-4.19446e-22
-4.24733e-22
-4.28094e-22
-4.29513e-22
-4.29085e-22
-4.26977e-22
-4.23411e-22
-4.18646e-22
-4.13028e-22
-4.06868e-22
-4.00552e-22
-3.94382e-22
-3.88659e-22
-3.83729e-22
-3.7998e-22
-3.77934e-22
-3.78069e-22
-3.80631e-22
-3.8557e-22
-3.92373e-22
-4.00179e-22
-4.08059e-22
-4.15174e-22
-4.20935e-22
-4.25063e-22
-4.27473e-22
-4.28302e-22
-4.27725e-22
-4.26057e-22
-4.2364e-22
-4.20777e-22
-4.17901e-22
-4.15385e-22
-4.13549e-22
-4.12672e-22
-4.12966e-22
-4.14476e-22
-4.17131e-22
-4.20728e-22
-4.25017e-22
-4.29698e-22
-4.34465e-22
-4.39082e-22
-4.43319e-22
-4.47013e-22
-4.50086e-22
-4.52498e-22
-4.54234e-22
-4.55302e-22
-4.55735e-22
-4.5557e-22
-4.5482e-22
-4.53458e-22
-4.51434e-22
-4.48652e-22
-4.45001e-22
-4.40417e-22
-4.34911e-22
-4.287e-22
-4.22131e-22
-4.1582e-22
-4.10535e-22
-4.07039e-22
-4.05945e-22
-4.07451e-22
-4.1138e-22
-4.17111e-22
-4.23789e-22
-4.3047e-22
-4.36241e-22
-4.40415e-22
-4.42528e-22
-4.42508e-22
-4.40696e-22
-4.3794e-22
-4.35474e-22
-4.34589e-22
-4.36218e-22
-4.40523e-22
-4.4682e-22
-4.53876e-22
-4.60393e-22
-4.65308e-22
-4.67996e-22
-4.68273e-22
-4.66326e-22
-4.62695e-22
-4.58218e-22
-4.54001e-22
-4.51171e-22
-4.50609e-22
-4.5259e-22
-4.56675e-22
-4.61872e-22
-4.66982e-22
-4.70896e-22
-4.72876e-22
-4.7271e-22
-4.70694e-22
-4.67592e-22
-4.64489e-22
-4.62445e-22
-4.62208e-22
-4.63891e-22
-4.67083e-22
-4.70947e-22
-4.74678e-22
-4.77677e-22
-4.798e-22
-4.81071e-22
-4.81797e-22
-4.82332e-22
-4.82914e-22
-4.83731e-22
-4.8485e-22
-4.86244e-22
-4.87903e-22
-4.89816e-22
-4.91959e-22
-4.94248e-22
-4.96626e-22
-4.9892e-22
-5.00934e-22
-5.02366e-22
-5.02958e-22
-5.02489e-22
-5.00763e-22
-4.97708e-22
-4.93365e-22
-4.87904e-22
-4.81678e-22
-4.75199e-22
-4.69099e-22
-4.64102e-22
-4.6095e-22
-4.60164e-22
-4.62006e-22
-4.66378e-22
-4.72838e-22
-4.80699e-22
-4.89242e-22
-4.97762e-22
-5.05811e-22
-5.13067e-22
-5.19391e-22
-5.24824e-22
-5.29405e-22
-5.33279e-22
-5.36578e-22
-5.39447e-22
-5.41972e-22
-5.44254e-22
-5.46337e-22
-5.48237e-22
-5.4997e-22
-5.51501e-22
-5.52724e-22
-5.5354e-22
-5.53797e-22
-5.53316e-22
-5.51885e-22
-5.49259e-22
-5.45269e-22
-5.39768e-22
-5.32799e-22
-5.24701e-22
-5.16071e-22
-5.07771e-22
-5.00827e-22
-4.96149e-22
-4.94356e-22
-4.95806e-22
-5.00566e-22
-5.08383e-22
-5.1872e-22
-5.30644e-22
-5.42955e-22
-5.54498e-22
-5.64259e-22
-5.71461e-22
-5.75634e-22
-5.76432e-22
-5.73554e-22
-5.66779e-22
-5.55901e-22
-5.40887e-22
-5.2207e-22
-5.00419e-22
-4.77818e-22
-4.56924e-22
-4.40735e-22
-4.31674e-22
-4.3063e-22
-4.36782e-22
-4.47945e-22
-4.61536e-22
-4.75357e-22
-4.87982e-22
-4.98823e-22
-5.07865e-22
-5.15391e-22
-5.21813e-22
-5.27439e-22
-5.32501e-22
-5.37068e-22
-5.41117e-22
-5.44585e-22
-5.47371e-22
-5.49474e-22
-5.50843e-22
-5.51532e-22
-5.51573e-22
-5.51088e-22
-5.5015e-22
-5.48861e-22
-5.47321e-22
-5.45627e-22
-5.43887e-22
-5.42195e-22
-5.40673e-22
-5.39401e-22
-5.38463e-22
-5.37937e-22
-5.37892e-22
-5.38379e-22
-5.39371e-22
-5.40847e-22
-5.42731e-22
-5.44945e-22
-5.47385e-22
-5.49901e-22
-5.52409e-22
-5.54731e-22
-5.56734e-22
-5.58263e-22
-5.59195e-22
-5.59346e-22
-5.58594e-22
-5.56784e-22
-5.53815e-22
-5.49559e-22
-5.43977e-22
-5.36998e-22
-5.28572e-22
-5.18593e-22
-5.06848e-22
-4.93244e-22
-4.78102e-22
-4.62756e-22
-4.49894e-22
-4.43027e-22
-4.44788e-22
-4.55073e-22
-4.70896e-22
-4.88049e-22
-5.02961e-22
-5.13568e-22
-5.19178e-22
-5.19945e-22
-5.16468e-22
-5.09613e-22
-5.00496e-22
-4.90476e-22
-4.81058e-22
-4.73739e-22
-4.69593e-22
-4.69101e-22
-4.7204e-22
-4.77778e-22
-4.85443e-22
-4.94195e-22
-5.03304e-22
-5.12283e-22
-5.20726e-22
-5.28412e-22
-5.35105e-22
-5.40762e-22
-5.45298e-22
-5.48713e-22
-5.51022e-22
-5.52139e-22
-5.51992e-22
-5.50523e-22
-5.47576e-22
-5.43005e-22
-5.36664e-22
-5.28428e-22
-5.18283e-22
-5.06362e-22
-4.92916e-22
-4.78313e-22
-4.63088e-22
-4.48012e-22
-4.34347e-22
-4.23868e-22
-4.18639e-22
-4.20064e-22
-4.28021e-22
-4.40755e-22
-4.55677e-22
-4.70425e-22
-4.8348e-22
-4.94191e-22
-5.02515e-22
-5.08653e-22
-5.12961e-22
-5.15762e-22
-5.17323e-22
-5.17866e-22
-5.17494e-22
-5.16318e-22
-5.1444e-22
-5.11871e-22
-5.08707e-22
-5.04984e-22
-5.00744e-22
-4.96072e-22
-4.91006e-22
-4.8555e-22
-4.79688e-22
-4.73353e-22
-4.66449e-22
-4.59097e-22
-4.51544e-22
-4.4441e-22
-4.38487e-22
-4.34638e-22
-4.33338e-22
-4.34603e-22
-4.37907e-22
-4.42441e-22
-4.47399e-22
-4.52288e-22
-4.56941e-22
-4.61457e-22
-4.66e-22
-4.70653e-22
-4.75328e-22
-4.79725e-22
-4.8348e-22
-4.86236e-22
-4.87722e-22
-4.87759e-22
-4.8636e-22
-4.83702e-22
-4.80156e-22
-4.76169e-22
-4.72207e-22
-4.68687e-22
-4.65762e-22
-4.63354e-22
-4.61165e-22
-4.58864e-22
-4.56178e-22
-4.53058e-22
-4.49764e-22
-4.46805e-22
-4.44749e-22
-4.44073e-22
-4.44966e-22
-4.47218e-22
-4.50458e-22
-4.54131e-22
-4.57753e-22
-4.60953e-22
-4.6354e-22
-4.65417e-22
-4.66566e-22
-4.66993e-22
-4.66703e-22
-4.65656e-22
-4.63784e-22
-4.60957e-22
-4.57054e-22
-4.5201e-22
-4.45895e-22
-4.39058e-22
-4.32245e-22
-4.26457e-22
-4.22827e-22
-4.22174e-22
-4.24731e-22
-4.29909e-22
-4.36623e-22
-4.43634e-22
-4.49859e-22
-4.54591e-22
-4.57399e-22
-4.58054e-22
-4.56542e-22
-4.52938e-22
-4.47394e-22
-4.40231e-22
-4.319e-22
-4.23026e-22
-4.14373e-22
-4.06784e-22
-4.0098e-22
-3.97423e-22
-3.96262e-22
-3.97312e-22
-4.00142e-22
-4.04261e-22
-4.09296e-22
-4.15017e-22
-4.21366e-22
-4.28411e-22
-4.36114e-22
-4.44338e-22
-4.52761e-22
-4.60963e-22
-4.68509e-22
-4.75065e-22
-4.80385e-22
-4.84309e-22
-4.86732e-22
-4.87627e-22
-4.87037e-22
-4.85049e-22
-4.81905e-22
-4.7798e-22
-4.73938e-22
-4.70595e-22
-4.68844e-22
-4.69398e-22
-4.72554e-22
-4.781e-22
-4.85384e-22
-4.93564e-22
-5.01718e-22
-5.09215e-22
-5.1562e-22
-5.20693e-22
-5.24401e-22
-5.26781e-22
-5.28012e-22
-5.28275e-22
-5.27816e-22
-5.26941e-22
-5.25901e-22
-5.24928e-22
-5.24149e-22
-5.23597e-22
-5.23162e-22
-5.2267e-22
-5.21914e-22
-5.20572e-22
-5.18287e-22
-5.14641e-22
-5.09132e-22
-5.01342e-22
-4.91406e-22
-4.80508e-22
-4.71365e-22
-4.67642e-22
-4.72141e-22
-4.84655e-22
-5.01528e-22
-5.17493e-22
-5.27946e-22
-5.30146e-22
-5.23311e-22
-5.08452e-22
-4.88404e-22
-4.67848e-22
-4.5271e-22
-4.48306e-22
-4.56786e-22
-4.76091e-22
-5.01517e-22
-5.2819e-22
-5.52726e-22
-5.73497e-22
-5.90103e-22
-6.02769e-22
-6.11986e-22
-6.18331e-22
-6.22285e-22
-6.2429e-22
-6.2474e-22
-6.2395e-22
-6.22258e-22
-6.19939e-22
-6.17273e-22
-6.14525e-22
-6.11952e-22
-6.09776e-22
-6.08113e-22
-6.07066e-22
-6.06661e-22
-6.06838e-22
-6.07466e-22
-6.08369e-22
-6.09387e-22
-6.10326e-22
-6.10955e-22
-6.10947e-22
-6.09958e-22
-6.07454e-22
-6.0277e-22
-5.95116e-22
-5.83745e-22
-5.68354e-22
-5.49716e-22
-5.30463e-22
-5.15038e-22
-5.0811e-22
-5.11877e-22
-5.24645e-22
-5.41986e-22
-5.59508e-22
-5.74536e-22
-5.86164e-22
-5.94504e-22
-5.99928e-22
-6.02687e-22
-6.02674e-22
-5.99459e-22
-5.9245e-22
-5.81172e-22
-5.65791e-22
-5.47629e-22
-5.2972e-22
-5.16627e-22
-5.12714e-22
-5.19882e-22
-5.36433e-22
-5.5813e-22
-5.80488e-22
-6.00267e-22
-6.15693e-22
-6.25912e-22
-6.30417e-22
-6.28684e-22
-6.20133e-22
-6.0443e-22
-5.82414e-22
-5.57335e-22
-5.35414e-22
-5.23785e-22
-5.25989e-22
-5.39142e-22
-5.56286e-22
-5.70939e-22
-5.79722e-22
-5.82142e-22
-5.79355e-22
-5.73257e-22
-5.6591e-22
-5.5929e-22
-5.54995e-22
-5.54059e-22
-5.56804e-22
-5.62917e-22
-5.71631e-22
-5.81967e-22
-5.92916e-22
-6.03656e-22
-6.13567e-22
-6.22242e-22
-6.29473e-22
-6.35218e-22
-6.3944e-22
-6.42227e-22
-6.43639e-22
-6.43741e-22
-6.42558e-22
-6.40082e-22
-6.36268e-22
-6.3108e-22
-6.24435e-22
-6.16298e-22
-6.06713e-22
-5.95859e-22
-5.84145e-22
-5.72229e-22
-5.61063e-22
-5.51657e-22
-5.44972e-22
-5.41618e-22
-5.41694e-22
-5.44846e-22
-5.50375e-22
-5.57435e-22
-5.65245e-22
-5.73137e-22
-5.80635e-22
-5.87417e-22
-5.93305e-22
-5.98226e-22
-6.02184e-22
-6.05231e-22
-6.07401e-22
-6.08721e-22
-6.0923e-22
-6.08954e-22
-6.07845e-22
-6.05848e-22
-6.02886e-22
-5.98848e-22
-5.93618e-22
-5.87034e-22
-5.78985e-22
-5.69358e-22
-5.58089e-22
-5.4532e-22
-5.31333e-22
-5.16905e-22
-5.03214e-22
-4.9183e-22
-4.84426e-22
-4.82109e-22
-4.84939e-22
-4.91803e-22
-5.00878e-22
-5.10356e-22
-5.18845e-22
-5.25585e-22
-5.30412e-22
-5.33491e-22
-5.35271e-22
-5.36293e-22
-5.37092e-22
-5.38087e-22
-5.39509e-22
-5.4137e-22
-5.43421e-22
-5.45329e-22
-5.46828e-22
-5.47826e-22
-5.4848e-22
-5.49101e-22
-5.50032e-22
-5.51474e-22
-5.53443e-22
-5.55747e-22
-5.58149e-22
-5.60456e-22
-5.62627e-22
-5.64706e-22
-5.66839e-22
-5.69112e-22
-5.7158e-22
-5.74246e-22
-5.76963e-22
-5.79575e-22
-5.81882e-22
-5.83685e-22
-5.84807e-22
-5.85127e-22
-5.84619e-22
-5.83314e-22
-5.81401e-22
-5.79127e-22
-5.76816e-22
-5.74879e-22
-5.73654e-22
-5.73362e-22
-5.74063e-22
-5.75649e-22
-5.77841e-22
-5.80345e-22
-5.82837e-22
-5.85065e-22
-5.86876e-22
-5.88201e-22
-5.89088e-22
-5.89671e-22
-5.90093e-22
-5.90589e-22
-5.91314e-22
-5.92445e-22
-5.94073e-22
-5.96243e-22
-5.98908e-22
-6.01994e-22
-6.05347e-22
-6.08787e-22
-6.12131e-22
-6.15208e-22
-6.17878e-22
-6.20041e-22
-6.21649e-22
-6.22745e-22
-6.23331e-22
-6.23526e-22
-6.23461e-22
-6.23249e-22
-6.22992e-22
-6.22723e-22
-6.22429e-22
-6.21972e-22
-6.21114e-22
-6.19429e-22
-6.16413e-22
-6.11661e-22
-6.05115e-22
-5.97334e-22
-5.8972e-22
-5.84434e-22
-5.8356e-22
-5.88142e-22
-5.97483e-22
-6.09564e-22
-6.21958e-22
-6.32784e-22
-6.40997e-22
-6.4635e-22
-6.49114e-22
-6.49841e-22
-6.49199e-22
-6.47845e-22
-6.46403e-22
-6.45319e-22
-6.4476e-22
-6.44672e-22
-6.44727e-22
-6.44397e-22
-6.43142e-22
-6.40461e-22
-6.36032e-22
-6.2985e-22
-6.22172e-22
-6.13699e-22
-6.05502e-22
-5.98744e-22
-5.94281e-22
-5.9209e-22
-5.91386e-22
-5.91201e-22
-5.91127e-22
-5.9179e-22
-5.94462e-22
-6.00183e-22
-6.09097e-22
-6.20221e-22
-6.31991e-22
-6.42894e-22
-6.51934e-22
-6.58655e-22
-6.63081e-22
-6.65527e-22
-6.66358e-22
-6.65993e-22
-6.6481e-22
-6.63058e-22
-6.61042e-22
-6.58909e-22
-6.56793e-22
-6.5478e-22
-6.52914e-22
-6.51198e-22
-6.49673e-22
-6.48308e-22
-6.47072e-22
-6.45936e-22
-6.44838e-22
-6.43726e-22
-6.42524e-22
-6.41168e-22
-6.39612e-22
-6.37859e-22
-6.35856e-22
-6.33627e-22
-6.31189e-22
-6.28574e-22
-6.25824e-22
-6.22969e-22
-6.20074e-22
-6.17162e-22
-6.14309e-22
-6.11499e-22
-6.08795e-22
-6.062e-22
-6.03721e-22
-6.01366e-22
-5.99144e-22
-5.97046e-22
-5.95053e-22
-5.93202e-22
-5.91523e-22
-5.9003e-22
-5.88732e-22
-5.87716e-22
-5.8697e-22
-5.8653e-22
-5.86441e-22
-5.86686e-22
-5.87156e-22
-5.87794e-22
-5.88383e-22
-5.88694e-22
-5.88414e-22
-5.87062e-22
-5.84117e-22
-5.78897e-22
-5.7065e-22
-5.58681e-22
-5.42578e-22
-5.22591e-22
-5.00048e-22
-4.77461e-22
-4.5811e-22
-4.44937e-22
-4.39564e-22
-4.42106e-22
-4.51809e-22
-4.67348e-22
-4.86986e-22
-5.08558e-22
-5.29891e-22
-5.49173e-22
-5.65238e-22
-5.7762e-22
-5.86297e-22
-5.91549e-22
-5.93779e-22
-5.93427e-22
-5.90903e-22
-5.86649e-22
-5.81073e-22
-5.74626e-22
-5.67848e-22
-5.61335e-22
-5.55727e-22
-5.51523e-22
-5.49115e-22
-5.48651e-22
-5.50035e-22
-5.52972e-22
-5.57041e-22
-5.61836e-22
-5.66998e-22
-5.72269e-22
-5.77459e-22
-5.82437e-22
-5.87149e-22
-5.91511e-22
-5.95493e-22
-5.99059e-22
-6.0224e-22
-6.0503e-22
-6.07491e-22
-6.09636e-22
-6.11506e-22
-6.1314e-22
-6.14519e-22
-6.15661e-22
-6.16504e-22
-6.16981e-22
-6.1703e-22
-6.16555e-22
-6.15482e-22
-6.13773e-22
-6.11502e-22
-6.08864e-22
-6.0614e-22
-6.03757e-22
-6.02122e-22
-6.01505e-22
-6.01944e-22
-6.03187e-22
-6.04828e-22
-6.06254e-22
-6.06942e-22
-6.06547e-22
-6.04866e-22
-6.0195e-22
-5.98023e-22
-5.93386e-22
-5.88406e-22
-5.83411e-22
-5.78677e-22
-5.74365e-22
-5.70499e-22
-5.67069e-22
-5.63979e-22
-5.61239e-22
-5.59008e-22
-5.57478e-22
-5.56957e-22
-5.57734e-22
-5.59992e-22
-5.63881e-22
-5.69342e-22
-5.76315e-22
-5.84616e-22
-5.9391e-22
-6.03603e-22
-6.12997e-22
-6.21248e-22
-6.27566e-22
-6.31259e-22
-6.31898e-22
-6.29329e-22
-6.24007e-22
-6.17016e-22
-6.102e-22
-6.05746e-22
-6.05428e-22
-6.09773e-22
-6.1772e-22
-6.27172e-22
-6.35948e-22
-6.42266e-22
-6.45133e-22
-6.44098e-22
-6.39069e-22
-6.30172e-22
-6.17691e-22
-6.02216e-22
-5.84799e-22
-5.67298e-22
-5.52251e-22
-5.42451e-22
-5.39824e-22
-5.4459e-22
-5.55055e-22
-5.68565e-22
-5.82592e-22
-5.95297e-22
-6.0579e-22
-6.13776e-22
-6.19402e-22
-6.22862e-22
-6.2446e-22
-6.24413e-22
-6.22975e-22
-6.20362e-22
-6.16765e-22
-6.1238e-22
-6.07398e-22
-6.02053e-22
-5.96579e-22
-5.91307e-22
-5.86607e-22
-5.82843e-22
-5.80423e-22
-5.79622e-22
-5.80525e-22
-5.83038e-22
-5.86897e-22
-5.91651e-22
-5.96732e-22
-6.01573e-22
-6.05656e-22
-6.08514e-22
-6.09843e-22
-6.09468e-22
-6.07443e-22
-6.03974e-22
-5.99569e-22
-5.94845e-22
-5.90576e-22
-5.87386e-22
-5.85695e-22
-5.85565e-22
-5.86736e-22
-5.88672e-22
-5.90831e-22
-5.92786e-22
-5.94157e-22
-5.94777e-22
-5.94529e-22
-5.9342e-22
-5.91422e-22
-5.88563e-22
-5.84874e-22
-5.80353e-22
-5.75058e-22
-5.69026e-22
-5.62403e-22
-5.55415e-22
-5.48386e-22
-5.41806e-22
-5.36201e-22
-5.32091e-22
-5.29985e-22
-5.301e-22
-5.32512e-22
-5.36956e-22
-5.42916e-22
-5.49804e-22
-5.56961e-22
-5.63782e-22
-5.69789e-22
-5.7459e-22
-5.77956e-22
-5.79716e-22
-5.79867e-22
