2.92945e-21
2.92945e-21
2.92945e-21
2.92945e-21
2.92945e-21
2.92945e-21
2.92945e-21
2.92944e-21
2.92944e-21
2.92944e-21
2.92944e-21
2.92944e-21
2.92944e-21
2.92943e-21
2.92943e-21
2.9294e-21
2.92938e-21
2.92933e-21
2.9293e-21
2.92925e-21
2.92922e-21
2.92918e-21
2.92912e-21
2.92907e-21
2.92901e-21
2.92899e-21
2.92896e-21
2.92893e-21
2.92889e-21
2.92884e-21
2.92879e-21
2.92875e-21
2.92872e-21
2.92868e-21
2.92865e-21
2.9286e-21
2.92856e-21
2.92852e-21
2.92849e-21
2.92847e-21
2.92846e-21
2.92843e-21
2.9284e-21
2.92838e-21
2.92837e-21
2.92836e-21
2.92832e-21
2.92831e-21
2.92827e-21
2.92825e-21
2.91744e-21
2.91742e-21
2.91741e-21
2.91739e-21
2.91738e-21
2.91736e-21
2.91733e-21
2.91731e-21
2.9173e-21
2.91728e-21
2.91727e-21
2.91728e-21
2.91727e-21
2.91725e-21
2.91723e-21
2.91721e-21
2.91719e-21
2.91717e-21
2.91715e-21
2.91713e-21
2.91713e-21
2.91712e-21
2.91711e-21
2.91709e-21
2.91708e-21
2.91705e-21
2.91704e-21
2.91702e-21
2.91699e-21
2.91699e-21
2.91697e-21
2.91696e-21
2.91694e-21
2.91693e-21
2.91691e-21
2.9169e-21
2.91688e-21
2.91687e-21
2.91687e-21
2.91685e-21
2.91683e-21
2.9168e-21
2.91677e-21
2.91676e-21
2.91673e-21
2.91672e-21
2.9167e-21
2.9167e-21
2.91669e-21
2.91669e-21
2.79905e-21
2.79905e-21
2.79905e-21
2.79906e-21
2.79907e-21
2.79909e-21
2.79913e-21
2.79915e-21
2.79918e-21
2.79923e-21
2.79927e-21
2.79933e-21
2.79937e-21
2.79942e-21
2.79949e-21
2.79957e-21
2.79967e-21
2.7998e-21
2.79995e-21
2.80013e-21
2.80027e-21
2.80036e-21
2.80034e-21
2.80019e-21
2.79988e-21
2.79947e-21
2.799e-21
2.79857e-21
2.79823e-21
2.79806e-21
2.79807e-21
2.7982e-21
2.79843e-21
2.79869e-21
2.79891e-21
2.79906e-21
2.79916e-21
2.79927e-21
2.79941e-21
2.79962e-21
2.79984e-21
2.80005e-21
2.80018e-21
2.80018e-21
2.80007e-21
2.79987e-21
2.79961e-21
2.79936e-21
2.79911e-21
2.79886e-21
2.60743e-21
2.60726e-21
2.60714e-21
2.60707e-21
2.60702e-21
2.60702e-21
2.60707e-21
2.60716e-21
2.60728e-21
2.60742e-21
2.60759e-21
2.60779e-21
2.60798e-21
2.60818e-21
2.60836e-21
2.60852e-21
2.60865e-21
2.60876e-21
2.60882e-21
2.60887e-21
2.60887e-21
2.60883e-21
2.60876e-21
2.60865e-21
2.60853e-21
2.60834e-21
2.6081e-21
2.60787e-21
2.60765e-21
2.60749e-21
2.60743e-21
2.60745e-21
2.60755e-21
2.60771e-21
2.60788e-21
2.60806e-21
2.6082e-21
2.60834e-21
2.60843e-21
2.60847e-21
2.60851e-21
2.60849e-21
2.60843e-21
2.60835e-21
2.60825e-21
2.60812e-21
2.60799e-21
2.60786e-21
2.60777e-21
2.60772e-21
2.60769e-21
2.60771e-21
2.60774e-21
2.60779e-21
2.60786e-21
2.60792e-21
2.60799e-21
2.60804e-21
2.6081e-21
2.60817e-21
2.60823e-21
2.60829e-21
2.60836e-21
2.60842e-21
2.6085e-21
2.60859e-21
2.60868e-21
2.60878e-21
2.60882e-21
2.60884e-21
2.60879e-21
2.60867e-21
2.60847e-21
2.60821e-21
2.60796e-21
2.60773e-21
2.60758e-21
2.60753e-21
2.60756e-21
2.60769e-21
2.60786e-21
2.60808e-21
2.60827e-21
2.60841e-21
2.60845e-21
2.60836e-21
2.60815e-21
2.60789e-21
2.60764e-21
2.60749e-21
2.60747e-21
2.60758e-21
2.60777e-21
2.60801e-21
2.60825e-21
2.60844e-21
2.60856e-21
2.60859e-21
2.60851e-21
2.60833e-21
2.60808e-21
2.60783e-21
2.60766e-21
2.60761e-21
2.60767e-21
2.60782e-21
2.60804e-21
2.60825e-21
2.60842e-21
2.60849e-21
2.60844e-21
2.60829e-21
2.60809e-21
2.60792e-21
2.60781e-21
2.60779e-21
2.60784e-21
2.60794e-21
2.60801e-21
2.60809e-21
2.60814e-21
2.60814e-21
2.60814e-21
2.60811e-21
2.60807e-21
2.60805e-21
2.60804e-21
2.60802e-21
2.60799e-21
2.60799e-21
2.60799e-21
2.60801e-21
2.60802e-21
2.60808e-21
2.60818e-21
2.60829e-21
2.60843e-21
2.60857e-21
2.60869e-21
2.60879e-21
2.60884e-21
2.60883e-21
2.60876e-21
2.60863e-21
2.60841e-21
2.60816e-21
2.6079e-21
2.60767e-21
2.60749e-21
2.60739e-21
2.60734e-21
2.60737e-21
2.60743e-21
2.60751e-21
2.60761e-21
2.60768e-21
2.60776e-21
2.60783e-21
2.60788e-21
2.60791e-21
2.60795e-21
2.60797e-21
2.60799e-21
2.60803e-21
2.60806e-21
2.60807e-21
2.6081e-21
2.60815e-21
2.60822e-21
2.60831e-21
2.60841e-21
2.60855e-21
2.6087e-21
2.60885e-21
2.60901e-21
2.6091e-21
2.60911e-21
2.60905e-21
2.60887e-21
2.6086e-21
2.60829e-21
2.60796e-21
2.60763e-21
2.60735e-21
2.60713e-21
2.60701e-21
2.60704e-21
2.60717e-21
2.60738e-21
2.60768e-21
2.60799e-21
2.60833e-21
2.60871e-21
2.60911e-21
2.60952e-21
2.60992e-21
2.61026e-21
2.61049e-21
2.61047e-21
2.61016e-21
2.60956e-21
2.60875e-21
2.60797e-21
2.60734e-21
2.60696e-21
2.60683e-21
2.60687e-21
2.60703e-21
2.60722e-21
2.60738e-21
2.60752e-21
2.60762e-21
2.60769e-21
2.60775e-21
2.6078e-21
2.60786e-21
2.60792e-21
2.608e-21
2.60807e-21
2.60814e-21
2.6082e-21
2.60828e-21
2.60833e-21
2.60838e-21
2.60841e-21
2.60844e-21
2.60845e-21
2.60846e-21
2.60846e-21
2.60843e-21
2.60838e-21
2.60834e-21
2.6083e-21
2.60826e-21
2.60819e-21
2.60813e-21
2.60808e-21
2.60805e-21
2.60803e-21
2.60802e-21
2.60803e-21
2.60802e-21
2.60804e-21
2.60807e-21
2.60813e-21
2.60819e-21
2.60828e-21
2.60838e-21
2.6085e-21
2.60861e-21
2.60874e-21
2.60887e-21
2.60901e-21
2.60917e-21
2.60933e-21
2.60952e-21
2.6097e-21
2.6098e-21
2.60972e-21
2.60932e-21
2.60859e-21
2.60767e-21
2.60691e-21
2.60654e-21
2.6066e-21
2.60694e-21
2.60742e-21
2.60793e-21
2.6084e-21
2.60879e-21
2.60909e-21
2.60926e-21
2.60928e-21
2.60916e-21
2.60889e-21
2.60854e-21
2.60816e-21
2.60784e-21
2.6076e-21
2.60743e-21
2.60735e-21
2.60735e-21
2.60739e-21
2.60746e-21
2.60752e-21
2.60763e-21
2.60773e-21
2.60785e-21
2.60796e-21
2.60805e-21
2.60815e-21
2.60829e-21
2.60842e-21
2.60858e-21
2.60875e-21
2.60893e-21
2.60912e-21
2.60933e-21
2.6095e-21
2.60964e-21
2.60975e-21
2.60979e-21
2.60974e-21
2.60952e-21
2.60912e-21
2.60851e-21
2.60781e-21
2.60721e-21
2.60684e-21
2.60674e-21
2.60685e-21
2.60706e-21
2.6073e-21
2.60751e-21
2.60772e-21
2.60789e-21
2.60803e-21
2.60815e-21
2.60824e-21
2.60833e-21
2.60842e-21
2.60849e-21
2.60856e-21
2.60861e-21
2.60865e-21
2.6087e-21
2.60874e-21
2.60878e-21
2.60883e-21
2.60887e-21
2.6089e-21
2.60896e-21
2.60898e-21
2.60898e-21
2.6089e-21
2.60874e-21
2.60847e-21
2.60819e-21
2.60795e-21
2.60779e-21
2.6077e-21
2.60768e-21
2.6077e-21
2.60772e-21
2.60773e-21
2.60773e-21
2.60772e-21
2.60771e-21
2.60775e-21
2.60785e-21
2.60797e-21
2.60809e-21
2.60822e-21
2.60835e-21
2.60846e-21
2.60853e-21
2.60856e-21
2.60856e-21
2.6085e-21
2.60843e-21
2.60838e-21
2.60838e-21
2.6084e-21
2.60844e-21
2.60848e-21
2.60848e-21
2.60842e-21
2.60831e-21
2.60815e-21
2.60799e-21
2.60788e-21
2.6078e-21
2.60777e-21
2.60778e-21
2.60783e-21
2.6079e-21
2.60797e-21
2.60805e-21
2.60812e-21
2.6082e-21
2.60828e-21
2.60836e-21
2.60846e-21
2.60857e-21
2.60868e-21
2.60877e-21
2.60883e-21
2.60878e-21
2.60861e-21
2.60834e-21
2.60803e-21
2.6077e-21
2.60747e-21
2.60737e-21
2.60739e-21
2.60751e-21
2.60768e-21
2.60787e-21
2.60809e-21
2.60831e-21
2.60851e-21
2.6087e-21
2.60884e-21
2.60893e-21
2.60895e-21
2.6089e-21
2.60876e-21
2.60854e-21
2.60829e-21
2.60805e-21
2.60784e-21
2.60768e-21
2.60757e-21
2.60748e-21
2.6074e-21
2.60734e-21
2.60728e-21
2.60723e-21
2.6072e-21
2.60719e-21
2.60723e-21
2.60732e-21
2.60744e-21
2.60757e-21
2.6077e-21
2.60785e-21
2.608e-21
2.60815e-21
2.60828e-21
2.60837e-21
2.60843e-21
2.60841e-21
2.60831e-21
2.60811e-21
2.60785e-21
2.60758e-21
2.60736e-21
2.60723e-21
2.60717e-21
2.60721e-21
2.60731e-21
2.60742e-21
2.60756e-21
2.6077e-21
2.60784e-21
2.60795e-21
2.60804e-21
2.60812e-21
2.60815e-21
2.60817e-21
2.60815e-21
2.60814e-21
2.60812e-21
2.60813e-21
2.60816e-21
2.6082e-21
2.60827e-21
2.6084e-21
2.60855e-21
2.60874e-21
2.60898e-21
2.60917e-21
2.60919e-21
2.60888e-21
2.60819e-21
2.60732e-21
2.60662e-21
2.60641e-21
2.60674e-21
2.60745e-21
2.60834e-21
2.60924e-21
2.60996e-21
2.61029e-21
2.61007e-21
2.60927e-21
2.60803e-21
2.60676e-21
2.60586e-21
2.60548e-21
2.60553e-21
2.60584e-21
2.60625e-21
2.60666e-21
2.60704e-21
2.60738e-21
2.60764e-21
2.60786e-21
2.60803e-21
2.60817e-21
2.60829e-21
2.60838e-21
2.60843e-21
2.60845e-21
2.60845e-21
2.60842e-21
2.60835e-21
2.60829e-21
2.60824e-21
2.60819e-21
2.60813e-21
2.60809e-21
2.60808e-21
2.60809e-21
2.6081e-21
2.60813e-21
2.60822e-21
2.60834e-21
2.60852e-21
2.60878e-21
2.60913e-21
2.60953e-21
2.60992e-21
2.61016e-21
2.61005e-21
2.60944e-21
2.60842e-21
2.60738e-21
2.60665e-21
2.60641e-21
2.60655e-21
2.60687e-21
2.60722e-21
2.60753e-21
2.60783e-21
2.6081e-21
2.60838e-21
2.60871e-21
2.60911e-21
2.60956e-21
2.60993e-21
2.61009e-21
2.60989e-21
2.60919e-21
2.60813e-21
2.60704e-21
2.60626e-21
2.60595e-21
2.60606e-21
2.60643e-21
2.60692e-21
2.60745e-21
2.60804e-21
2.60869e-21
2.6094e-21
2.61012e-21
2.61065e-21
2.61073e-21
2.61008e-21
2.6088e-21
2.60742e-21
2.60661e-21
2.60654e-21
2.607e-21
2.60766e-21
2.60826e-21
2.6087e-21
2.60894e-21
2.60899e-21
2.60885e-21
2.60856e-21
2.60819e-21
2.60781e-21
2.6075e-21
2.60728e-21
2.60716e-21
2.60715e-21
2.6072e-21
2.60731e-21
2.60744e-21
2.60759e-21
2.60773e-21
2.60788e-21
2.60803e-21
2.60817e-21
2.6083e-21
2.60842e-21
2.60855e-21
2.60869e-21
2.60883e-21
2.60898e-21
2.60914e-21
2.60928e-21
2.60941e-21
2.60948e-21
2.60948e-21
2.60935e-21
2.60913e-21
2.60883e-21
2.60848e-21
2.60817e-21
2.6079e-21
2.6077e-21
2.60759e-21
2.60755e-21
2.60757e-21
2.60763e-21
2.60771e-21
2.60781e-21
2.60791e-21
2.60801e-21
2.6081e-21
2.60817e-21
2.60826e-21
2.60836e-21
2.60843e-21
2.60851e-21
2.6086e-21
2.6087e-21
2.60882e-21
2.60894e-21
2.60909e-21
2.60925e-21
2.6094e-21
2.60957e-21
2.60969e-21
2.6098e-21
2.6098e-21
2.60965e-21
2.60934e-21
2.60888e-21
2.60835e-21
2.60786e-21
2.60752e-21
2.6074e-21
2.60742e-21
2.60755e-21
2.60774e-21
2.60792e-21
2.60809e-21
2.6082e-21
2.60825e-21
2.60825e-21
2.60821e-21
2.60816e-21
2.60812e-21
2.60811e-21
2.60814e-21
2.60819e-21
2.60824e-21
2.60825e-21
2.60823e-21
2.60819e-21
2.60815e-21
2.6081e-21
2.60808e-21
2.60807e-21
2.60809e-21
2.6081e-21
2.60811e-21
2.60808e-21
2.60806e-21
2.60805e-21
2.60802e-21
2.60803e-21
2.60805e-21
2.60809e-21
2.60815e-21
2.60822e-21
2.6083e-21
2.60838e-21
2.60847e-21
2.60851e-21
2.60853e-21
2.60853e-21
2.60848e-21
2.6084e-21
2.60829e-21
2.6082e-21
2.60811e-21
2.60808e-21
2.60807e-21
2.60808e-21
2.6081e-21
2.60813e-21
2.60817e-21
2.60821e-21
2.60824e-21
2.60826e-21
2.60824e-21
2.60822e-21
2.60816e-21
2.60811e-21
2.60805e-21
2.60801e-21
2.60798e-21
2.60796e-21
2.60796e-21
2.60797e-21
2.60799e-21
2.60803e-21
2.60807e-21
2.60814e-21
2.60817e-21
2.60823e-21
2.60828e-21
2.60829e-21
2.60829e-21
2.60827e-21
2.60827e-21
2.60829e-21
2.60833e-21
2.60838e-21
2.60848e-21
2.60864e-21
2.60884e-21
2.60901e-21
2.60906e-21
2.60895e-21
2.60861e-21
2.60809e-21
2.60754e-21
2.60715e-21
2.60699e-21
2.60707e-21
2.6073e-21
2.60758e-21
2.60786e-21
2.6081e-21
2.60828e-21
2.60838e-21
2.60844e-21
2.60844e-21
2.60838e-21
2.60832e-21
2.60827e-21
2.60827e-21
2.60834e-21
2.60845e-21
2.60861e-21
2.60881e-21
2.60897e-21
2.60909e-21
2.60913e-21
2.60904e-21
2.60885e-21
2.6086e-21
2.6084e-21
2.60831e-21
2.60827e-21
2.60824e-21
2.60812e-21
2.60785e-21
2.60753e-21
2.60724e-21
2.6071e-21
2.60711e-21
2.60725e-21
2.60745e-21
2.60768e-21
2.60793e-21
2.60812e-21
2.60828e-21
2.60838e-21
2.60843e-21
2.60849e-21
2.6085e-21
2.6085e-21
2.60849e-21
2.60847e-21
2.60845e-21
2.60844e-21
2.60842e-21
2.6084e-21
2.6084e-21
2.6084e-21
2.6084e-21
2.6084e-21
2.60841e-21
2.60843e-21
2.60846e-21
2.60847e-21
2.60849e-21
2.60851e-21
2.60853e-21
2.60854e-21
2.60854e-21
2.60855e-21
2.60855e-21
2.60856e-21
2.60854e-21
2.60854e-21
2.60852e-21
2.60851e-21
2.6085e-21
2.60848e-21
2.60846e-21
2.60844e-21
2.60845e-21
2.60844e-21
2.60842e-21
2.6084e-21
2.60838e-21
2.60834e-21
2.60831e-21
2.6083e-21
2.60826e-21
2.6082e-21
2.60817e-21
2.60814e-21
2.60814e-21
2.60819e-21
2.60825e-21
2.6084e-21
2.60859e-21
2.60885e-21
2.6092e-21
2.6096e-21
2.61002e-21
2.61037e-21
2.61052e-21
2.61038e-21
2.60991e-21
2.6092e-21
2.60839e-21
2.60763e-21
2.60696e-21
2.60645e-21
2.60612e-21
2.60604e-21
2.60615e-21
2.60642e-21
2.60678e-21
2.60714e-21
2.60749e-21
2.60781e-21
2.6081e-21
2.60834e-21
2.60856e-21
2.60871e-21
2.60882e-21
2.60888e-21
2.6089e-21
2.60885e-21
2.60872e-21
2.60855e-21
2.60837e-21
2.60818e-21
2.60801e-21
2.60786e-21
2.60777e-21
2.60771e-21
2.60769e-21
2.60769e-21
2.60771e-21
2.60775e-21
2.60777e-21
2.6078e-21
2.60783e-21
2.60788e-21
2.60791e-21
2.60795e-21
2.60798e-21
2.60801e-21
2.60803e-21
2.60804e-21
2.60807e-21
2.60809e-21
2.60811e-21
2.60816e-21
2.60821e-21
2.60826e-21
2.60832e-21
2.60838e-21
2.60842e-21
2.60843e-21
2.60842e-21
2.60836e-21
2.60825e-21
2.60814e-21
2.60805e-21
2.60802e-21
2.608e-21
2.60804e-21
2.60814e-21
2.60825e-21
2.60839e-21
2.60852e-21
2.6086e-21
2.60865e-21
2.60866e-21
2.60865e-21
2.60863e-21
2.60859e-21
2.60855e-21
2.6085e-21
2.60847e-21
2.60845e-21
2.60838e-21
2.6083e-21
2.60818e-21
2.60803e-21
2.60788e-21
2.60769e-21
2.60752e-21
2.60738e-21
2.60727e-21
2.60719e-21
2.60719e-21
2.60726e-21
2.60741e-21
2.60763e-21
2.60791e-21
2.60822e-21
2.60854e-21
2.60877e-21
2.60887e-21
2.60875e-21
2.60842e-21
2.60797e-21
2.60752e-21
2.60724e-21
2.60721e-21
2.60735e-21
2.60765e-21
2.60801e-21
2.6084e-21
2.6088e-21
2.60918e-21
2.60953e-21
2.60977e-21
2.6099e-21
2.60979e-21
2.60942e-21
2.60878e-21
2.60803e-21
2.60732e-21
2.60687e-21
2.6067e-21
2.60672e-21
2.6069e-21
2.60713e-21
2.60739e-21
2.60761e-21
2.60782e-21
2.60798e-21
2.60814e-21
2.60827e-21
2.60838e-21
2.60847e-21
2.60854e-21
2.6086e-21
2.60863e-21
2.60863e-21
2.6086e-21
2.60853e-21
2.60844e-21
2.6083e-21
2.60812e-21
2.60794e-21
2.6078e-21
2.60769e-21
2.60762e-21
2.60762e-21
2.60768e-21
2.60778e-21
2.60792e-21
2.60808e-21
2.60825e-21
2.6084e-21
2.60854e-21
2.6086e-21
2.60862e-21
2.60854e-21
2.60841e-21
2.60826e-21
2.60812e-21
2.60799e-21
2.60795e-21
2.60797e-21
2.608e-21
2.60807e-21
2.60814e-21
2.60823e-21
2.6083e-21
2.60839e-21
2.60849e-21
2.60857e-21
2.60866e-21
2.60873e-21
2.6088e-21
2.60885e-21
2.60887e-21
2.60887e-21
2.6088e-21
2.60866e-21
2.60849e-21
2.60826e-21
2.60805e-21
2.60783e-21
2.60763e-21
2.60751e-21
2.60745e-21
2.60745e-21
2.60751e-21
2.60761e-21
2.60776e-21
2.6079e-21
2.60807e-21
2.60822e-21
