2.81554e+06
2.81555e+06
2.81558e+06
2.81561e+06
2.81565e+06
2.81571e+06
2.81577e+06
2.81584e+06
2.81593e+06
2.81602e+06
2.81613e+06
2.81624e+06
2.81637e+06
2.8165e+06
2.81665e+06
2.81681e+06
2.81698e+06
2.81716e+06
2.81736e+06
2.81757e+06
2.81779e+06
2.81802e+06
2.81827e+06
2.81853e+06
2.81881e+06
2.8191e+06
2.81941e+06
2.81973e+06
2.82006e+06
2.82042e+06
2.82079e+06
2.82117e+06
2.82158e+06
2.822e+06
2.82244e+06
2.8229e+06
2.82338e+06
2.82388e+06
2.8244e+06
2.82495e+06
2.82551e+06
2.8261e+06
2.82672e+06
2.82736e+06
2.82803e+06
2.82872e+06
2.82944e+06
2.8302e+06
2.83098e+06
2.83179e+06
2.82243e+06
2.82331e+06
2.82422e+06
2.82518e+06
2.82617e+06
2.8272e+06
2.82828e+06
2.82939e+06
2.83056e+06
2.83177e+06
2.83303e+06
2.83434e+06
2.83571e+06
2.83713e+06
2.83861e+06
2.84015e+06
2.84175e+06
2.84342e+06
2.84516e+06
2.84697e+06
2.84885e+06
2.85081e+06
2.85285e+06
2.85497e+06
2.85719e+06
2.85949e+06
2.86188e+06
2.86437e+06
2.86697e+06
2.86967e+06
2.87248e+06
2.8754e+06
2.87844e+06
2.8816e+06
2.88489e+06
2.88831e+06
2.89186e+06
2.89555e+06
2.89938e+06
2.90336e+06
2.90749e+06
2.91177e+06
2.9162e+06
2.92078e+06
2.92551e+06
2.93039e+06
2.93541e+06
2.94056e+06
2.94583e+06
2.95119e+06
2.84543e+06
2.8508e+06
2.85617e+06
2.86149e+06
2.86671e+06
2.87177e+06
2.87662e+06
2.88118e+06
2.88541e+06
2.88926e+06
2.89271e+06
2.89574e+06
2.89832e+06
2.90046e+06
2.90208e+06
2.90308e+06
2.90327e+06
2.90242e+06
2.90027e+06
2.89666e+06
2.89158e+06
2.88533e+06
2.87859e+06
2.87245e+06
2.86824e+06
2.8672e+06
2.87013e+06
2.87708e+06
2.88736e+06
2.89972e+06
2.9127e+06
2.92493e+06
2.93544e+06
2.94378e+06
2.95004e+06
2.9547e+06
2.95829e+06
2.96104e+06
2.96277e+06
2.96301e+06
2.96132e+06
2.95763e+06
2.95237e+06
2.94639e+06
2.94075e+06
2.93638e+06
2.93389e+06
2.93357e+06
2.93542e+06
2.93935e+06
2.76381e+06
2.77128e+06
2.78018e+06
2.7901e+06
2.80056e+06
2.81118e+06
2.82161e+06
2.83152e+06
2.84059e+06
2.84852e+06
2.85504e+06
2.85998e+06
2.86325e+06
2.86483e+06
2.86479e+06
2.86327e+06
2.86046e+06
2.85659e+06
2.85194e+06
2.8468e+06
2.84147e+06
2.8362e+06
2.83123e+06
2.82682e+06
2.82327e+06
2.82096e+06
2.82034e+06
2.82173e+06
2.82521e+06
2.83048e+06
2.83692e+06
2.84371e+06
2.8501e+06
2.85549e+06
2.85954e+06
2.86211e+06
2.86325e+06
2.86312e+06
2.86197e+06
2.86007e+06
2.85776e+06
2.85537e+06
2.85325e+06
2.85169e+06
2.85096e+06
2.85122e+06
2.85254e+06
2.85484e+06
2.85798e+06
2.86174e+06
2.86584e+06
2.87002e+06
2.87406e+06
2.87777e+06
2.88102e+06
2.88372e+06
2.88585e+06
2.8874e+06
2.88838e+06
2.88884e+06
2.88879e+06
2.88824e+06
2.88717e+06
2.88551e+06
2.88316e+06
2.88004e+06
2.87609e+06
2.87132e+06
2.86593e+06
2.86029e+06
2.85496e+06
2.85062e+06
2.84791e+06
2.84729e+06
2.8489e+06
2.85251e+06
2.85757e+06
2.86337e+06
2.8691e+06
2.87404e+06
2.8776e+06
2.87939e+06
2.87931e+06
2.87764e+06
2.87509e+06
2.87269e+06
2.87161e+06
2.87271e+06
2.8762e+06
2.88154e+06
2.8877e+06
2.89348e+06
2.89793e+06
2.90047e+06
2.90088e+06
2.8993e+06
2.89619e+06
2.89227e+06
2.8885e+06
2.88587e+06
2.88516e+06
2.88666e+06
2.89002e+06
2.8944e+06
2.89873e+06
2.90202e+06
2.90364e+06
2.90338e+06
2.90153e+06
2.8988e+06
2.89616e+06
2.89457e+06
2.89463e+06
2.89641e+06
2.89947e+06
2.90309e+06
2.90661e+06
2.90962e+06
2.91202e+06
2.91394e+06
2.9156e+06
2.91722e+06
2.9189e+06
2.92063e+06
2.92237e+06
2.92404e+06
2.9256e+06
2.92703e+06
2.92838e+06
2.92968e+06
2.93094e+06
2.93213e+06
2.93315e+06
2.93382e+06
2.93396e+06
2.93333e+06
2.93176e+06
2.92912e+06
2.92536e+06
2.92061e+06
2.91513e+06
2.90936e+06
2.90391e+06
2.89947e+06
2.89672e+06
2.8962e+06
2.89815e+06
2.90246e+06
2.90872e+06
2.91628e+06
2.92444e+06
2.93258e+06
2.94022e+06
2.94707e+06
2.953e+06
2.95799e+06
2.9621e+06
2.96545e+06
2.96816e+06
2.97035e+06
2.97216e+06
2.97369e+06
2.97504e+06
2.97626e+06
2.97742e+06
2.97852e+06
2.97956e+06
2.98049e+06
2.98124e+06
2.98169e+06
2.98168e+06
2.98102e+06
2.97949e+06
2.97688e+06
2.97303e+06
2.96787e+06
2.96153e+06
2.95439e+06
2.94709e+06
2.94048e+06
2.93549e+06
2.93292e+06
2.93333e+06
2.93693e+06
2.94351e+06
2.95243e+06
2.96265e+06
2.97294e+06
2.98207e+06
2.98901e+06
2.99298e+06
2.99343e+06
2.99003e+06
2.98258e+06
2.97116e+06
2.95623e+06
2.93882e+06
2.92066e+06
2.90407e+06
2.89151e+06
2.88489e+06
2.88489e+06
2.89072e+06
2.9005e+06
2.912e+06
2.92329e+06
2.93318e+06
2.94117e+06
2.94729e+06
2.95189e+06
2.95543e+06
2.95832e+06
2.96089e+06
2.9633e+06
2.9656e+06
2.96773e+06
2.96958e+06
2.97105e+06
2.97204e+06
2.97251e+06
2.97245e+06
2.97189e+06
2.97089e+06
2.96952e+06
2.96789e+06
2.96609e+06
2.96425e+06
2.9625e+06
2.96094e+06
2.95969e+06
2.95886e+06
2.95851e+06
2.95869e+06
2.9594e+06
2.96062e+06
2.96228e+06
2.96431e+06
2.9666e+06
2.96906e+06
2.97158e+06
2.97407e+06
2.97642e+06
2.97855e+06
2.98036e+06
2.98173e+06
2.98254e+06
2.98266e+06
2.98191e+06
2.98009e+06
2.977e+06
2.97236e+06
2.96593e+06
2.9574e+06
2.94654e+06
2.93323e+06
2.9178e+06
2.90137e+06
2.88629e+06
2.87593e+06
2.87344e+06
2.87988e+06
2.89341e+06
2.91034e+06
2.92702e+06
2.94113e+06
2.95174e+06
2.95881e+06
2.96267e+06
2.96371e+06
2.96223e+06
2.95845e+06
2.95258e+06
2.94493e+06
2.93602e+06
2.92666e+06
2.91796e+06
2.91114e+06
2.90727e+06
2.90695e+06
2.91013e+06
2.91618e+06
2.92413e+06
2.93295e+06
2.94176e+06
2.94994e+06
2.95712e+06
2.9631e+06
2.96782e+06
2.97127e+06
2.97348e+06
2.97446e+06
2.9742e+06
2.97266e+06
2.96977e+06
2.96545e+06
2.95964e+06
2.95232e+06
2.94352e+06
2.93335e+06
2.92195e+06
2.90957e+06
2.89663e+06
2.88396e+06
2.87303e+06
2.8658e+06
2.86407e+06
2.86843e+06
2.8778e+06
2.88989e+06
2.90222e+06
2.91302e+06
2.92136e+06
2.92706e+06
2.93032e+06
2.93154e+06
2.93117e+06
2.92968e+06
2.92754e+06
2.92524e+06
2.92316e+06
2.92165e+06
2.92083e+06
2.9207e+06
2.92102e+06
2.92144e+06
2.92155e+06
2.9209e+06
2.91914e+06
2.91601e+06
2.91142e+06
2.90551e+06
2.89873e+06
2.89185e+06
2.88591e+06
2.88194e+06
2.88067e+06
2.88223e+06
2.88611e+06
2.89139e+06
2.897e+06
2.9021e+06
2.9061e+06
2.90875e+06
2.91002e+06
2.91007e+06
2.90915e+06
2.9076e+06
2.90571e+06
2.90374e+06
2.90184e+06
2.90004e+06
2.89831e+06
2.89659e+06
2.89489e+06
2.89334e+06
2.89217e+06
2.89167e+06
2.89204e+06
2.89332e+06
2.89536e+06
2.89784e+06
2.90039e+06
2.90262e+06
2.90426e+06
2.90512e+06
2.9051e+06
2.90417e+06
2.90234e+06
2.89964e+06
2.89617e+06
2.89207e+06
2.88756e+06
2.88296e+06
2.87866e+06
2.87505e+06
2.87242e+06
2.87089e+06
2.87031e+06
2.87029e+06
2.87019e+06
2.86931e+06
2.86702e+06
2.863e+06
2.8575e+06
2.85153e+06
2.84672e+06
2.84491e+06
2.84728e+06
2.85381e+06
2.86327e+06
2.87391e+06
2.88412e+06
2.89288e+06
2.89971e+06
2.90456e+06
2.90755e+06
2.90889e+06
2.90874e+06
2.90723e+06
2.90446e+06
2.90052e+06
2.8955e+06
2.88958e+06
2.88301e+06
2.87616e+06
2.86949e+06
2.86354e+06
2.85877e+06
2.85557e+06
2.85408e+06
2.85424e+06
2.85576e+06
2.85822e+06
2.86114e+06
2.86404e+06
2.86655e+06
2.86845e+06
2.86975e+06
2.87062e+06
2.8714e+06
2.87243e+06
2.87388e+06
2.87574e+06
2.87772e+06
2.87946e+06
2.88069e+06
2.88138e+06
2.88183e+06
2.88263e+06
2.88442e+06
2.88771e+06
2.89254e+06
2.89856e+06
2.90508e+06
2.91132e+06
2.91666e+06
2.92071e+06
2.92336e+06
2.92473e+06
2.92514e+06
2.92497e+06
2.92466e+06
2.92458e+06
2.92499e+06
2.92597e+06
2.92749e+06
2.92939e+06
2.93148e+06
2.93356e+06
2.93548e+06
2.93712e+06
2.93842e+06
2.93939e+06
2.94008e+06
2.94063e+06
2.94123e+06
2.94207e+06
2.94326e+06
2.94468e+06
2.94597e+06
2.94646e+06
2.94534e+06
2.9419e+06
2.9358e+06
2.9275e+06
2.91836e+06
2.91058e+06
2.90655e+06
2.90803e+06
2.91532e+06
2.9272e+06
2.94149e+06
2.95588e+06
2.96849e+06
2.978e+06
2.98355e+06
2.98457e+06
2.9808e+06
2.97243e+06
2.96044e+06
2.94685e+06
2.93473e+06
2.92743e+06
2.92724e+06
2.93423e+06
2.94622e+06
2.95997e+06
2.97248e+06
2.98178e+06
2.98701e+06
2.98817e+06
2.9859e+06
2.98128e+06
2.97571e+06
2.97069e+06
2.9675e+06
2.96691e+06
2.969e+06
2.97326e+06
2.97886e+06
2.98489e+06
2.99057e+06
2.99536e+06
2.99889e+06
3.00095e+06
3.00144e+06
3.00032e+06
2.99765e+06
2.99353e+06
2.98812e+06
2.98158e+06
2.97399e+06
2.96531e+06
2.95532e+06
2.94378e+06
2.93074e+06
2.91698e+06
2.90435e+06
2.89547e+06
2.89274e+06
2.89698e+06
2.90703e+06
2.9204e+06
2.93448e+06
2.94728e+06
2.95751e+06
2.96433e+06
2.96712e+06
2.96533e+06
2.95862e+06
2.94712e+06
2.93206e+06
2.91634e+06
2.90451e+06
2.90125e+06
2.90871e+06
2.92496e+06
2.94527e+06
2.96487e+06
2.98068e+06
2.99146e+06
2.99719e+06
2.99847e+06
2.99626e+06
2.99186e+06
2.98691e+06
2.98317e+06
2.98207e+06
2.98417e+06
2.98889e+06
2.99474e+06
2.99986e+06
3.00251e+06
3.00129e+06
2.99525e+06
2.98401e+06
2.96804e+06
2.94911e+06
2.93052e+06
2.91631e+06
2.90954e+06
2.91065e+06
2.91752e+06
2.92711e+06
2.93706e+06
2.94629e+06
2.95473e+06
2.96273e+06
2.9707e+06
2.97884e+06
2.98706e+06
2.99502e+06
3.0023e+06
3.00849e+06
3.01327e+06
3.01645e+06
3.01795e+06
3.01775e+06
3.01594e+06
3.01272e+06
3.00845e+06
3.00366e+06
2.99893e+06
2.99476e+06
2.99133e+06
2.98842e+06
2.98553e+06
2.98207e+06
2.97765e+06
2.97217e+06
2.96588e+06
2.9593e+06
2.95309e+06
2.948e+06
2.94478e+06
2.94404e+06
2.94613e+06
2.95096e+06
2.95798e+06
2.96618e+06
2.97441e+06
2.98156e+06
2.9868e+06
2.98968e+06
2.9901e+06
2.9883e+06
2.98475e+06
2.98003e+06
2.97469e+06
2.9691e+06
2.96347e+06
2.95795e+06
2.95283e+06
2.94877e+06
2.94669e+06
2.94745e+06
2.95127e+06
2.95755e+06
2.96501e+06
2.9722e+06
2.97797e+06
2.98166e+06
2.9831e+06
2.98242e+06
2.97998e+06
2.97618e+06
2.97147e+06
2.96623e+06
2.96075e+06
2.95524e+06
2.94975e+06
2.94428e+06
2.9388e+06
2.93334e+06
2.92806e+06
2.92328e+06
2.91946e+06
2.91708e+06
2.91651e+06
2.91784e+06
2.92083e+06
2.92497e+06
2.92966e+06
2.93439e+06
2.93883e+06
2.94286e+06
2.94655e+06
2.95003e+06
2.95342e+06
2.95681e+06
2.96018e+06
2.96351e+06
2.96668e+06
2.96963e+06
2.97224e+06
2.97445e+06
2.97617e+06
2.97734e+06
2.97791e+06
2.97781e+06
2.97703e+06
2.97558e+06
2.97351e+06
2.97095e+06
2.96806e+06
2.96508e+06
2.96223e+06
2.95972e+06
2.95768e+06
2.95613e+06
2.95501e+06
2.95416e+06
2.95343e+06
2.95271e+06
2.95198e+06
2.95131e+06
2.95082e+06
2.95062e+06
2.95076e+06
2.95123e+06
2.95193e+06
2.95272e+06
2.9535e+06
2.95419e+06
2.95477e+06
2.95531e+06
2.95591e+06
2.95671e+06
2.95786e+06
2.95947e+06
2.96161e+06
2.96431e+06
2.96751e+06
2.9711e+06
2.97496e+06
2.97892e+06
2.9828e+06
2.98646e+06
2.98974e+06
2.99256e+06
2.99482e+06
2.99648e+06
2.99749e+06
2.99785e+06
2.99754e+06
2.99658e+06
2.99497e+06
2.99277e+06
2.99002e+06
2.98678e+06
2.98318e+06
2.97932e+06
2.9754e+06
2.97163e+06
2.96828e+06
2.96564e+06
2.96401e+06
2.96364e+06
2.96468e+06
2.96717e+06
2.97096e+06
2.9758e+06
2.98131e+06
2.98705e+06
2.9926e+06
2.99755e+06
3.00159e+06
3.00449e+06
3.00609e+06
3.00636e+06
3.00539e+06
3.00344e+06
3.00095e+06
2.99853e+06
2.99688e+06
2.99665e+06
2.99829e+06
3.00187e+06
3.00709e+06
3.0134e+06
3.02014e+06
3.02671e+06
3.03264e+06
3.03763e+06
3.04148e+06
3.04413e+06
3.04553e+06
3.0457e+06
3.0447e+06
3.0426e+06
3.03951e+06
3.03558e+06
3.03096e+06
3.02585e+06
3.02049e+06
3.01523e+06
3.01046e+06
3.00664e+06
3.00414e+06
3.00312e+06
3.00343e+06
3.00465e+06
3.00624e+06
3.00774e+06
3.00888e+06
3.00965e+06
3.01029e+06
3.01111e+06
3.01245e+06
3.01451e+06
3.01732e+06
3.02071e+06
3.02441e+06
3.02806e+06
3.03139e+06
3.03422e+06
3.0365e+06
3.03832e+06
3.0398e+06
3.04104e+06
3.04211e+06
3.043e+06
3.04365e+06
3.04397e+06
3.04389e+06
3.04342e+06
3.04266e+06
3.04181e+06
3.04113e+06
3.04091e+06
3.04134e+06
3.04247e+06
3.04419e+06
3.04623e+06
3.04825e+06
3.0499e+06
3.05091e+06
3.05112e+06
3.05051e+06
3.04912e+06
3.0471e+06
3.04465e+06
3.04199e+06
3.03933e+06
3.03687e+06
3.03478e+06
3.03317e+06
3.03213e+06
3.03169e+06
3.03183e+06
3.03254e+06
3.03376e+06
3.03546e+06
3.03761e+06
3.0402e+06
3.04322e+06
3.04664e+06
3.05039e+06
3.05437e+06
3.05841e+06
3.06228e+06
3.06571e+06
3.06843e+06
3.07012e+06
3.07053e+06
3.06942e+06
3.06665e+06
3.0622e+06
3.05629e+06
3.04935e+06
3.04215e+06
3.03563e+06
3.03077e+06
3.02831e+06
3.02857e+06
3.03135e+06
3.03609e+06
3.04208e+06
3.04864e+06
3.05521e+06
3.06144e+06
3.06708e+06
3.07195e+06
3.07596e+06
3.07898e+06
3.08093e+06
3.08168e+06
3.08113e+06
3.07916e+06
3.0757e+06
3.07073e+06
3.06437e+06
3.05687e+06
3.04864e+06
3.04019e+06
3.03205e+06
3.02465e+06
3.01826e+06
3.01291e+06
3.00856e+06
3.00518e+06
3.00304e+06
3.00272e+06
3.00497e+06
3.01031e+06
3.01861e+06
3.02896e+06
3.03991e+06
3.04999e+06
3.05805e+06
3.06348e+06
3.06614e+06
3.0663e+06
3.0645e+06
3.06147e+06
3.05804e+06
3.05504e+06
3.05312e+06
3.05263e+06
3.05359e+06
3.05566e+06
3.05832e+06
3.061e+06
3.06316e+06
3.06443e+06
3.06454e+06
3.06336e+06
3.06085e+06
3.05703e+06
3.05196e+06
3.04577e+06
3.03868e+06
3.03099e+06
3.02312e+06
3.01563e+06
3.00915e+06
3.00428e+06
3.00149e+06
3.00097e+06
3.0026e+06
3.00598e+06
3.01051e+06
3.01557e+06
3.02055e+06
3.02494e+06
3.02839e+06
3.03065e+06
3.03166e+06
3.03145e+06
3.03021e+06
3.02821e+06
3.02575e+06
3.02317e+06
3.02072e+06
3.01857e+06
3.01679e+06
3.01533e+06
3.01411e+06
3.01306e+06
3.0121e+06
3.01119e+06
3.01025e+06
3.00916e+06
3.00771e+06
3.00561e+06
3.00256e+06
2.99822e+06
2.99234e+06
2.98481e+06
2.97573e+06
2.96549e+06
2.9548e+06
2.94464e+06
2.93614e+06
2.93032e+06
2.92783e+06
2.92883e+06
2.93289e+06
2.93918e+06
2.94665e+06
2.95426e+06
2.96112e+06
2.96663e+06
2.97048e+06
2.97268e+06
2.97351e+06
2.97345e+06
2.97308e+06
2.97292e+06
2.97337e+06
2.97458e+06
2.97646e+06
2.97878e+06
2.98123e+06
2.98352e+06
2.98545e+06
2.98692e+06
2.98791e+06
2.98845e+06
2.98864e+06
2.98858e+06
2.98835e+06
2.98804e+06
2.98773e+06
2.98746e+06
2.98725e+06
2.98712e+06
2.98704e+06
2.98697e+06
2.98687e+06
2.98665e+06
2.98623e+06
2.98552e+06
2.9844e+06
2.98275e+06
2.98047e+06
2.97744e+06
2.9736e+06
2.96893e+06
2.96352e+06
2.95761e+06
2.95163e+06
2.94615e+06
2.94185e+06
2.93928e+06
2.93873e+06
2.9401e+06
2.94296e+06
2.94669e+06
2.95071e+06
2.95461e+06
2.95818e+06
2.9614e+06
2.96431e+06
2.967e+06
2.96946e+06
2.97168e+06
2.97355e+06
2.97499e+06
2.97594e+06
