4.07568e-21
4.0757e-21
4.07574e-21
4.07579e-21
4.07585e-21
4.07593e-21
4.07602e-21
4.07613e-21
4.07626e-21
4.0764e-21
4.07655e-21
4.07673e-21
4.07691e-21
4.07712e-21
4.07734e-21
4.07757e-21
4.07783e-21
4.0781e-21
4.0784e-21
4.07871e-21
4.07904e-21
4.07939e-21
4.07976e-21
4.08015e-21
4.08056e-21
4.081e-21
4.08145e-21
4.08193e-21
4.08244e-21
4.08296e-21
4.08351e-21
4.08409e-21
4.08469e-21
4.08532e-21
4.08598e-21
4.08667e-21
4.08738e-21
4.08813e-21
4.08891e-21
4.08972e-21
4.09056e-21
4.09144e-21
4.09236e-21
4.09331e-21
4.0943e-21
4.09534e-21
4.09641e-21
4.09753e-21
4.0987e-21
4.09991e-21
4.08639e-21
4.0877e-21
4.08907e-21
4.09049e-21
4.09196e-21
4.0935e-21
4.0951e-21
4.09676e-21
4.09849e-21
4.10029e-21
4.10217e-21
4.10412e-21
4.10615e-21
4.10826e-21
4.11046e-21
4.11275e-21
4.11514e-21
4.11762e-21
4.1202e-21
4.12289e-21
4.12569e-21
4.1286e-21
4.13163e-21
4.13479e-21
4.13807e-21
4.14149e-21
4.14505e-21
4.14875e-21
4.1526e-21
4.15661e-21
4.16078e-21
4.16512e-21
4.16963e-21
4.17432e-21
4.17919e-21
4.18426e-21
4.18952e-21
4.19499e-21
4.20066e-21
4.20655e-21
4.21265e-21
4.21898e-21
4.22552e-21
4.23228e-21
4.23926e-21
4.24645e-21
4.25384e-21
4.26141e-21
4.26914e-21
4.27699e-21
4.12403e-21
4.13185e-21
4.13965e-21
4.14734e-21
4.15486e-21
4.16209e-21
4.16896e-21
4.17537e-21
4.18124e-21
4.18649e-21
4.19108e-21
4.19499e-21
4.19821e-21
4.2007e-21
4.20238e-21
4.20307e-21
4.2025e-21
4.20031e-21
4.19612e-21
4.18967e-21
4.18097e-21
4.17049e-21
4.15931e-21
4.14912e-21
4.14198e-21
4.13982e-21
4.14386e-21
4.15417e-21
4.16967e-21
4.18843e-21
4.20816e-21
4.22678e-21
4.24275e-21
4.25537e-21
4.26479e-21
4.27175e-21
4.27705e-21
4.28105e-21
4.28345e-21
4.28354e-21
4.28066e-21
4.27469e-21
4.26632e-21
4.25689e-21
4.24801e-21
4.24114e-21
4.23723e-21
4.23671e-21
4.23961e-21
4.24578e-21
3.9925e-21
4.00422e-21
4.01821e-21
4.03378e-21
4.05024e-21
4.06694e-21
4.08335e-21
4.09895e-21
4.11323e-21
4.12572e-21
4.13601e-21
4.14381e-21
4.14897e-21
4.15149e-21
4.15147e-21
4.14912e-21
4.14472e-21
4.13867e-21
4.13138e-21
4.12332e-21
4.11494e-21
4.10667e-21
4.09886e-21
4.09192e-21
4.08632e-21
4.08268e-21
4.08167e-21
4.08379e-21
4.08916e-21
4.09731e-21
4.10725e-21
4.11776e-21
4.12764e-21
4.13598e-21
4.14223e-21
4.14619e-21
4.14793e-21
4.1477e-21
4.14588e-21
4.14291e-21
4.1393e-21
4.13557e-21
4.13226e-21
4.12983e-21
4.1287e-21
4.12911e-21
4.13115e-21
4.13474e-21
4.13964e-21
4.14547e-21
4.15185e-21
4.15836e-21
4.16464e-21
4.1704e-21
4.17543e-21
4.1796e-21
4.18287e-21
4.18521e-21
4.18667e-21
4.18729e-21
4.18711e-21
4.18613e-21
4.18432e-21
4.18158e-21
4.17777e-21
4.17274e-21
4.16641e-21
4.15883e-21
4.15029e-21
4.14138e-21
4.13298e-21
4.12612e-21
4.12182e-21
4.12079e-21
4.12322e-21
4.12876e-21
4.13656e-21
4.1455e-21
4.15436e-21
4.16199e-21
4.16749e-21
4.17025e-21
4.17013e-21
4.16756e-21
4.16363e-21
4.15997e-21
4.15836e-21
4.16012e-21
4.16557e-21
4.17388e-21
4.18341e-21
4.19237e-21
4.19925e-21
4.20315e-21
4.20375e-21
4.20127e-21
4.1964e-21
4.19029e-21
4.18441e-21
4.1803e-21
4.17916e-21
4.18141e-21
4.18653e-21
4.19321e-21
4.19979e-21
4.20475e-21
4.20711e-21
4.20655e-21
4.20354e-21
4.19916e-21
4.19493e-21
4.19231e-21
4.19224e-21
4.19482e-21
4.19936e-21
4.20477e-21
4.21001e-21
4.21447e-21
4.21798e-21
4.22076e-21
4.22314e-21
4.22545e-21
4.22785e-21
4.23034e-21
4.23284e-21
4.23523e-21
4.23744e-21
4.23947e-21
4.24136e-21
4.24318e-21
4.24495e-21
4.2466e-21
4.24797e-21
4.24882e-21
4.24883e-21
4.24767e-21
4.24504e-21
4.24075e-21
4.23476e-21
4.22725e-21
4.21864e-21
4.20963e-21
4.20115e-21
4.19427e-21
4.19006e-21
4.18934e-21
4.19249e-21
4.19934e-21
4.20923e-21
4.22116e-21
4.23403e-21
4.24688e-21
4.25897e-21
4.26984e-21
4.27928e-21
4.28725e-21
4.29386e-21
4.29926e-21
4.30364e-21
4.30722e-21
4.31016e-21
4.31264e-21
4.31481e-21
4.31676e-21
4.31857e-21
4.32027e-21
4.32184e-21
4.32321e-21
4.32426e-21
4.32481e-21
4.32461e-21
4.32338e-21
4.32078e-21
4.31648e-21
4.31024e-21
4.30196e-21
4.29186e-21
4.28052e-21
4.26896e-21
4.2585e-21
4.25056e-21
4.24642e-21
4.24691e-21
4.25236e-21
4.26244e-21
4.27613e-21
4.29183e-21
4.30762e-21
4.3216e-21
4.33215e-21
4.33808e-21
4.33855e-21
4.33301e-21
4.3212e-21
4.30323e-21
4.27984e-21
4.25267e-21
4.22439e-21
4.19862e-21
4.17917e-21
4.16898e-21
4.16909e-21
4.17828e-21
4.19365e-21
4.21171e-21
4.22951e-21
4.24519e-21
4.25797e-21
4.2679e-21
4.2755e-21
4.28147e-21
4.28645e-21
4.29092e-21
4.29514e-21
4.29918e-21
4.30294e-21
4.30626e-21
4.30896e-21
4.31091e-21
4.31202e-21
4.31228e-21
4.31175e-21
4.3105e-21
4.30867e-21
4.30639e-21
4.30385e-21
4.30122e-21
4.29868e-21
4.29644e-21
4.29466e-21
4.2935e-21
4.29307e-21
4.29344e-21
4.29461e-21
4.29655e-21
4.29915e-21
4.3023e-21
4.30583e-21
4.30958e-21
4.3134e-21
4.31714e-21
4.32063e-21
4.32373e-21
4.32629e-21
4.32813e-21
4.32907e-21
4.32888e-21
4.32731e-21
4.32404e-21
4.31875e-21
4.31104e-21
4.30051e-21
4.28674e-21
4.26934e-21
4.24818e-21
4.22378e-21
4.1979e-21
4.17422e-21
4.15794e-21
4.15389e-21
4.16371e-21
4.18452e-21
4.21059e-21
4.23632e-21
4.2581e-21
4.27449e-21
4.28541e-21
4.29137e-21
4.29297e-21
4.29065e-21
4.28478e-21
4.27567e-21
4.26382e-21
4.25004e-21
4.23561e-21
4.22223e-21
4.21182e-21
4.206e-21
4.20572e-21
4.2109e-21
4.22055e-21
4.23314e-21
4.24709e-21
4.26104e-21
4.27402e-21
4.28544e-21
4.29499e-21
4.30255e-21
4.30813e-21
4.31174e-21
4.31341e-21
4.31312e-21
4.31079e-21
4.30633e-21
4.29962e-21
4.29057e-21
4.27914e-21
4.26541e-21
4.24953e-21
4.23177e-21
4.21249e-21
4.19238e-21
4.17275e-21
4.15587e-21
4.14479e-21
4.14226e-21
4.14919e-21
4.16389e-21
4.18279e-21
4.20209e-21
4.21902e-21
4.23217e-21
4.24123e-21
4.24652e-21
4.24863e-21
4.24826e-21
4.24616e-21
4.24304e-21
4.23964e-21
4.23658e-21
4.23437e-21
4.23324e-21
4.23313e-21
4.23372e-21
4.23444e-21
4.23464e-21
4.23367e-21
4.23096e-21
4.22612e-21
4.21901e-21
4.20986e-21
4.19938e-21
4.18877e-21
4.17962e-21
4.17354e-21
4.17166e-21
4.17416e-21
4.18027e-21
4.18852e-21
4.1973e-21
4.20527e-21
4.21155e-21
4.21573e-21
4.21778e-21
4.21792e-21
4.21657e-21
4.21422e-21
4.21135e-21
4.20833e-21
4.20542e-21
4.20267e-21
4.20001e-21
4.19736e-21
4.19476e-21
4.19239e-21
4.19062e-21
4.18989e-21
4.1905e-21
4.19252e-21
4.19571e-21
4.19959e-21
4.20354e-21
4.207e-21
4.20952e-21
4.21082e-21
4.21075e-21
4.20925e-21
4.20634e-21
4.20208e-21
4.19661e-21
4.19015e-21
4.18307e-21
4.17585e-21
4.16911e-21
4.16343e-21
4.15929e-21
4.15685e-21
4.1559e-21
4.1558e-21
4.15561e-21
4.15421e-21
4.15064e-21
4.14443e-21
4.13598e-21
4.12683e-21
4.11956e-21
4.11695e-21
4.12083e-21
4.13115e-21
4.14601e-21
4.16268e-21
4.17869e-21
4.19243e-21
4.20318e-21
4.21083e-21
4.21558e-21
4.21773e-21
4.21753e-21
4.2152e-21
4.21088e-21
4.2047e-21
4.19683e-21
4.18753e-21
4.17722e-21
4.16646e-21
4.156e-21
4.14663e-21
4.13913e-21
4.13405e-21
4.13164e-21
4.13178e-21
4.13405e-21
4.13778e-21
4.14223e-21
4.14665e-21
4.15049e-21
4.1534e-21
4.15538e-21
4.15672e-21
4.15792e-21
4.1595e-21
4.16176e-21
4.16463e-21
4.16769e-21
4.17039e-21
4.1723e-21
4.17338e-21
4.17409e-21
4.17535e-21
4.17817e-21
4.18327e-21
4.19077e-21
4.20008e-21
4.21013e-21
4.21974e-21
4.22793e-21
4.23409e-21
4.23806e-21
4.24004e-21
4.24048e-21
4.24001e-21
4.23931e-21
4.23893e-21
4.23927e-21
4.24048e-21
4.24249e-21
4.24507e-21
4.24792e-21
4.25073e-21
4.25327e-21
4.25536e-21
4.25691e-21
4.25792e-21
4.2585e-21
4.25884e-21
4.25926e-21
4.26004e-21
4.26133e-21
4.26298e-21
4.26441e-21
4.2646e-21
4.2623e-21
4.2564e-21
4.24644e-21
4.2331e-21
4.21853e-21
4.20613e-21
4.19961e-21
4.20165e-21
4.21272e-21
4.2309e-21
4.25281e-21
4.27488e-21
4.29419e-21
4.30871e-21
4.31709e-21
4.31846e-21
4.31241e-21
4.29927e-21
4.28057e-21
4.25947e-21
4.2407e-21
4.22945e-21
4.22925e-21
4.24018e-21
4.25885e-21
4.28023e-21
4.29971e-21
4.31425e-21
4.32248e-21
4.32443e-21
4.32107e-21
4.31409e-21
4.30565e-21
4.29806e-21
4.2933e-21
4.29255e-21
4.29594e-21
4.30268e-21
4.31147e-21
4.32089e-21
4.32977e-21
4.33723e-21
4.34271e-21
4.34587e-21
4.34656e-21
4.34473e-21
4.34045e-21
4.3339e-21
4.32532e-21
4.31495e-21
4.30293e-21
4.2892e-21
4.27344e-21
4.2553e-21
4.23487e-21
4.21339e-21
4.19373e-21
4.17996e-21
4.17576e-21
4.1824e-21
4.19804e-21
4.21883e-21
4.24076e-21
4.26072e-21
4.27672e-21
4.28745e-21
4.29193e-21
4.28933e-21
4.27911e-21
4.26152e-21
4.23847e-21
4.21448e-21
4.1966e-21
4.19203e-21
4.20403e-21
4.22959e-21
4.26139e-21
4.29207e-21
4.31687e-21
4.33389e-21
4.34305e-21
4.34529e-21
4.34209e-21
4.33547e-21
4.32796e-21
4.32228e-21
4.32063e-21
4.32386e-21
4.33106e-21
4.33993e-21
4.34759e-21
4.35135e-21
4.34906e-21
4.33927e-21
4.32139e-21
4.29619e-21
4.26646e-21
4.23729e-21
4.21495e-21
4.20413e-21
4.20552e-21
4.21582e-21
4.23036e-21
4.2455e-21
4.25959e-21
4.27248e-21
4.28474e-21
4.29698e-21
4.3095e-21
4.32213e-21
4.33437e-21
4.34553e-21
4.35499e-21
4.36226e-21
4.36704e-21
4.36919e-21
4.36869e-21
4.36569e-21
4.36049e-21
4.35366e-21
4.34603e-21
4.33852e-21
4.33187e-21
4.32637e-21
4.3217e-21
4.31708e-21
4.31162e-21
4.30469e-21
4.29617e-21
4.28646e-21
4.27635e-21
4.26688e-21
4.25921e-21
4.25449e-21
4.25367e-21
4.25729e-21
4.2652e-21
4.2765e-21
4.28967e-21
4.30288e-21
4.31443e-21
4.32303e-21
4.32795e-21
4.32906e-21
4.32673e-21
4.32169e-21
4.31481e-21
4.30695e-21
4.2987e-21
4.29039e-21
4.28223e-21
4.27471e-21
4.26882e-21
4.26602e-21
4.26759e-21
4.2739e-21
4.28397e-21
4.29583e-21
4.30723e-21
4.3164e-21
4.32232e-21
4.3247e-21
4.32377e-21
4.32005e-21
4.31421e-21
4.30691e-21
4.29874e-21
4.29018e-21
4.28153e-21
4.27289e-21
4.26427e-21
4.25563e-21
4.24702e-21
4.2387e-21
4.23116e-21
4.22513e-21
4.22137e-21
4.22043e-21
4.22245e-21
4.22706e-21
4.23347e-21
4.24075e-21
4.2481e-21
4.25501e-21
4.26131e-21
4.26709e-21
4.27254e-21
4.27786e-21
4.28315e-21
4.28843e-21
4.29361e-21
4.29855e-21
4.30311e-21
4.30715e-21
4.31053e-21
4.31315e-21
4.3149e-21
4.31568e-21
4.31543e-21
4.3141e-21
4.31173e-21
4.30839e-21
4.30429e-21
4.2997e-21
4.29496e-21
4.29044e-21
4.28646e-21
4.28322e-21
4.28078e-21
4.27901e-21
4.27769e-21
4.27657e-21
4.27549e-21
4.27442e-21
4.27347e-21
4.27282e-21
4.27263e-21
4.27299e-21
4.27387e-21
4.27511e-21
4.27651e-21
4.2779e-21
4.27915e-21
4.28025e-21
4.28128e-21
4.28241e-21
4.28386e-21
4.28585e-21
4.28856e-21
4.29209e-21
4.29647e-21
4.30162e-21
4.30738e-21
4.31353e-21
4.3198e-21
4.32595e-21
4.33171e-21
4.33688e-21
4.3413e-21
4.34483e-21
4.34739e-21
4.34893e-21
4.34941e-21
4.34884e-21
4.34723e-21
4.34461e-21
4.34104e-21
4.33659e-21
4.3314e-21
4.32561e-21
4.31945e-21
4.31318e-21
4.30715e-21
4.30177e-21
4.29752e-21
4.29484e-21
4.29413e-21
4.29563e-21
4.29937e-21
4.30515e-21
4.31256e-21
4.32101e-21
4.32983e-21
4.33834e-21
4.34594e-21
4.35212e-21
4.35652e-21
4.35891e-21
4.35924e-21
4.35765e-21
4.35455e-21
4.35061e-21
4.34677e-21
4.34414e-21
4.34372e-21
4.34619e-21
4.35164e-21
4.35963e-21
4.36929e-21
4.37959e-21
4.3896e-21
4.39861e-21
4.40611e-21
4.41184e-21
4.41566e-21
4.41751e-21
4.41744e-21
4.4155e-21
4.41184e-21
4.40663e-21
4.40009e-21
4.39247e-21
4.38409e-21
4.37534e-21
4.36674e-21
4.35892e-21
4.3526e-21
4.34834e-21
4.3464e-21
4.34653e-21
4.3481e-21
4.35027e-21
4.35232e-21
4.35384e-21
4.35483e-21
4.35565e-21
4.35679e-21
4.35876e-21
4.36188e-21
4.36618e-21
4.37142e-21
4.37714e-21
4.38283e-21
4.38803e-21
4.39247e-21
4.3961e-21
4.39901e-21
4.4014e-21
4.40344e-21
4.40522e-21
4.40673e-21
4.40786e-21
4.40847e-21
4.40848e-21
4.40788e-21
4.40684e-21
4.40566e-21
4.40476e-21
4.40455e-21
4.40535e-21
4.40724e-21
4.41003e-21
4.4133e-21
4.41652e-21
4.41915e-21
4.42078e-21
4.42116e-21
4.42023e-21
4.4181e-21
4.41497e-21
4.41116e-21
4.40701e-21
4.40285e-21
4.39899e-21
4.3957e-21
4.39316e-21
4.39149e-21
4.39074e-21
4.39091e-21
4.39194e-21
4.39378e-21
4.39636e-21
4.39964e-21
4.4036e-21
4.40822e-21
4.41344e-21
4.41918e-21
4.42524e-21
4.43137e-21
4.43721e-21
4.44236e-21
4.44635e-21
4.44874e-21
4.44911e-21
4.4471e-21
4.4425e-21
4.4353e-21
4.42581e-21
4.41478e-21
4.40334e-21
4.39299e-21
4.38525e-21
4.38126e-21
4.38151e-21
4.3857e-21
4.39296e-21
4.40218e-21
4.4123e-21
4.42249e-21
4.43215e-21
4.44089e-21
4.44847e-21
4.45469e-21
4.45938e-21
4.46239e-21
4.46354e-21
4.46265e-21
4.45953e-21
4.45408e-21
4.44629e-21
4.43634e-21
4.42463e-21
4.41179e-21
4.39862e-21
4.38595e-21
4.37447e-21
4.36456e-21
4.35631e-21
4.34964e-21
4.34453e-21
4.3414e-21
4.34115e-21
4.34493e-21
4.35354e-21
4.36675e-21
4.38314e-21
4.40048e-21
4.41646e-21
4.42932e-21
4.4381e-21
4.44259e-21
4.44321e-21
4.44077e-21
4.43642e-21
4.43144e-21
4.42711e-21
4.42442e-21
4.42395e-21
4.42568e-21
4.42911e-21
4.43343e-21
4.43773e-21
4.44122e-21
4.44329e-21
4.44355e-21
4.4418e-21
4.43795e-21
4.43204e-21
4.42419e-21
4.41461e-21
4.40363e-21
4.39172e-21
4.37956e-21
4.368e-21
4.35804e-21
4.35061e-21
4.34643e-21
4.34579e-21
4.34851e-21
4.35395e-21
4.36121e-21
4.36929e-21
4.37725e-21
4.38432e-21
4.38991e-21
4.39368e-21
4.39548e-21
4.39541e-21
4.39372e-21
4.39083e-21
4.38723e-21
4.38342e-21
4.3798e-21
4.37663e-21
4.374e-21
4.37185e-21
4.37006e-21
4.3685e-21
4.36707e-21
4.36569e-21
4.36424e-21
4.36252e-21
4.36022e-21
4.35691e-21
4.35208e-21
4.34524e-21
4.33601e-21
4.32422e-21
4.31004e-21
4.29408e-21
4.27747e-21
4.26172e-21
4.2486e-21
4.23966e-21
4.23595e-21
4.23767e-21
4.24417e-21
4.25416e-21
4.26601e-21
4.2781e-21
4.28906e-21
4.29794e-21
4.30427e-21
4.30807e-21
4.30976e-21
4.31008e-21
4.30991e-21
4.31008e-21
4.31117e-21
4.31343e-21
4.31672e-21
4.32066e-21
4.32479e-21
4.32865e-21
4.33193e-21
4.33446e-21
4.33622e-21
4.33727e-21
4.33775e-21
4.33779e-21
4.33754e-21
4.33715e-21
4.33671e-21
4.3363e-21
4.33596e-21
4.33569e-21
4.33547e-21
4.33524e-21
4.33491e-21
4.33438e-21
4.3335e-21
4.33212e-21
4.33009e-21
4.32721e-21
4.32332e-21
4.31826e-21
4.31193e-21
4.3043e-21
4.29553e-21
4.28601e-21
4.27639e-21
4.26759e-21
4.26065e-21
4.25642e-21
4.25536e-21
4.2573e-21
4.26158e-21
4.26724e-21
4.27338e-21
4.27937e-21
4.28487e-21
4.28985e-21
4.29439e-21
4.29858e-21
4.30245e-21
4.30592e-21
4.30888e-21
4.31116e-21
4.31269e-21
