144
144.001
144.002
144.004
144.006
144.009
144.012
144.016
144.021
144.026
144.031
144.037
144.044
144.051
144.059
144.067
144.076
144.086
144.096
144.107
144.119
144.131
144.144
144.158
144.173
144.188
144.204
144.221
144.239
144.257
144.277
144.297
144.319
144.341
144.364
144.388
144.414
144.44
144.468
144.496
144.526
144.557
144.589
144.623
144.658
144.695
144.733
144.772
144.813
144.856
144.379
144.425
144.473
144.524
144.576
144.63
144.686
144.745
144.806
144.87
144.936
145.005
145.077
145.152
145.229
145.31
145.395
145.482
145.574
145.669
145.767
145.87
145.977
146.089
146.205
146.326
146.451
146.582
146.718
146.86
147.007
147.16
147.32
147.485
147.658
147.837
148.023
148.216
148.416
148.624
148.84
149.063
149.295
149.534
149.78
150.034
150.295
150.563
150.836
151.113
145.709
145.985
146.26
146.532
146.798
147.053
147.296
147.522
147.729
147.915
148.077
148.215
148.329
148.417
148.476
148.501
148.481
148.404
148.257
148.029
147.722
147.352
146.958
146.598
146.346
146.27
146.413
146.778
147.325
147.988
148.685
149.343
149.907
150.352
150.685
150.93
151.116
151.257
151.34
151.342
151.24
151.029
150.733
150.402
150.09
149.85
149.714
149.698
149.803
150.022
141.109
141.531
142.032
142.588
143.172
143.762
144.339
144.884
145.381
145.812
146.165
146.43
146.601
146.679
146.668
146.574
146.408
146.183
145.915
145.62
145.314
145.015
144.735
144.492
144.304
144.197
144.191
144.304
144.532
144.853
145.227
145.609
145.957
146.243
146.45
146.575
146.622
146.601
146.525
146.41
146.273
146.134
146.009
145.917
145.87
145.878
145.944
146.066
146.236
146.44
146.665
146.896
147.12
147.327
147.509
147.661
147.78
147.867
147.921
147.945
147.94
147.907
147.844
147.75
147.619
147.447
147.23
146.969
146.671
146.355
146.048
145.787
145.608
145.543
145.604
145.782
146.052
146.372
146.696
146.981
147.191
147.303
147.311
147.231
147.099
146.976
146.923
146.989
147.185
147.482
147.822
148.141
148.388
148.53
148.554
148.47
148.3
148.085
147.878
147.732
147.693
147.777
147.966
148.215
148.464
148.66
148.766
148.769
148.679
148.533
148.381
148.275
148.254
148.327
148.476
148.662
148.844
148.994
149.099
149.164
149.202
149.228
149.256
149.294
149.346
149.413
149.492
149.584
149.686
149.796
149.911
150.023
150.121
150.193
150.226
150.209
150.132
149.991
149.787
149.528
149.23
148.917
148.619
148.371
148.209
148.159
148.235
148.435
148.738
149.113
149.523
149.936
150.327
150.682
150.992
151.258
151.483
151.673
151.835
151.975
152.099
152.21
152.312
152.405
152.49
152.565
152.625
152.667
152.683
152.664
152.6
152.48
152.294
152.036
151.707
151.32
150.904
150.5
150.156
149.917
149.816
149.87
150.084
150.448
150.936
151.506
152.102
152.666
153.148
153.509
153.726
153.781
153.66
153.352
152.847
152.141
151.249
150.215
149.123
148.099
147.288
146.812
146.723
146.99
147.511
148.161
148.83
149.447
149.98
150.424
150.795
151.109
151.385
151.632
151.855
152.053
152.223
152.362
152.466
152.536
152.573
152.578
152.557
152.514
152.454
152.38
152.3
152.216
152.134
152.059
151.996
151.948
151.921
151.916
151.937
151.982
152.051
152.14
152.246
152.363
152.485
152.606
152.719
152.817
152.894
152.942
152.954
152.922
152.84
152.702
152.503
152.24
151.91
151.51
151.036
150.478
149.83
149.104
148.359
147.719
147.352
147.393
147.852
148.599
149.43
150.166
150.702
150.997
151.057
150.908
150.591
150.159
149.676
149.216
148.849
148.632
148.59
148.717
148.982
149.344
149.763
150.203
150.638
151.049
151.423
151.752
152.029
152.254
152.425
152.54
152.599
152.599
152.534
152.4
152.187
151.89
151.501
151.021
150.454
149.812
149.112
148.379
147.648
146.978
146.452
146.17
146.205
146.56
147.158
147.873
148.591
149.231
149.76
150.172
150.478
150.695
150.837
150.918
150.949
150.935
150.883
150.795
150.675
150.524
150.346
150.144
149.92
149.678
149.417
149.136
148.831
148.501
148.147
147.782
147.433
147.14
146.941
146.865
146.914
147.066
147.28
147.519
147.756
147.982
148.2
148.42
148.644
148.869
149.083
149.269
149.408
149.486
149.494
149.433
149.31
149.142
148.951
148.759
148.586
148.442
148.323
148.218
148.108
147.98
147.831
147.672
147.526
147.421
147.381
147.416
147.52
147.672
147.848
148.024
148.181
148.309
148.403
148.462
148.487
148.476
148.43
148.343
148.211
148.028
147.79
147.499
147.172
146.84
146.553
146.364
146.318
146.425
146.664
146.984
147.323
147.63
147.866
148.011
148.053
147.991
147.826
147.568
147.229
146.831
146.403
145.983
145.61
145.319
145.135
145.068
145.108
145.237
145.431
145.669
145.942
146.246
146.583
146.952
147.348
147.754
148.152
148.521
148.843
149.107
149.302
149.426
149.477
149.455
149.366
149.218
149.032
148.836
148.669
148.575
148.589
148.729
148.986
149.332
149.723
150.119
150.486
150.801
151.053
151.238
151.36
151.424
151.442
151.423
151.383
151.333
151.286
151.247
151.22
151.199
151.177
151.142
151.081
150.977
150.808
150.551
150.187
149.716
149.191
148.734
148.521
148.696
149.267
150.072
150.858
151.397
151.547
151.26
150.577
149.625
148.622
147.852
147.58
147.928
148.817
150.026
151.316
152.516
153.539
154.36
154.99
155.452
155.771
155.972
156.078
156.106
156.074
155.996
155.887
155.759
155.626
155.5
155.392
155.309
155.256
155.234
155.24
155.268
155.311
155.36
155.407
155.438
155.442
155.4
155.288
155.075
154.722
154.192
153.468
152.579
151.644
150.87
150.487
150.618
151.199
152.025
152.878
153.619
154.197
154.615
154.891
155.037
155.051
154.911
154.592
154.069
153.344
152.475
151.601
150.935
150.694
150.988
151.75
152.782
153.867
154.84
155.609
156.128
156.373
156.321
155.943
155.219
154.182
152.975
151.885
151.261
151.301
151.897
152.722
153.452
153.908
154.053
153.94
153.657
153.305
152.978
152.757
152.694
152.808
153.088
153.499
153.992
154.52
155.041
155.525
155.95
156.307
156.59
156.802
156.943
157.018
157.03
156.978
156.865
156.688
156.444
156.13
155.745
155.289
154.771
154.209
153.633
153.088
152.623
152.286
152.107
152.096
152.235
152.492
152.828
153.203
153.585
153.95
154.281
154.57
154.813
155.009
155.16
155.269
155.337
155.366
155.356
155.306
155.214
155.076
154.887
154.64
154.33
153.948
153.491
152.955
152.344
151.674
150.977
150.309
149.745
149.365
149.227
149.34
149.656
150.088
150.547
150.963
151.297
151.539
151.696
151.787
151.839
151.877
151.924
151.99
152.078
152.176
152.27
152.345
152.395
152.427
152.457
152.499
152.567
152.66
152.77
152.886
152.998
153.103
153.204
153.306
153.415
153.533
153.661
153.792
153.919
154.033
154.122
154.18
154.199
154.179
154.12
154.03
153.921
153.809
153.713
153.65
153.631
153.66
153.733
153.837
153.957
154.078
154.187
154.276
154.342
154.386
154.416
154.437
154.46
154.494
154.546
154.622
154.724
154.851
154.998
155.159
155.325
155.487
155.637
155.768
155.874
155.955
156.01
156.041
156.052
156.05
156.04
156.027
156.013
156
155.98
155.941
155.864
155.727
155.507
155.199
154.826
154.453
154.181
154.114
154.308
154.74
155.316
155.919
156.452
156.862
157.135
157.28
157.323
157.297
157.235
157.165
157.11
157.08
157.073
157.076
157.063
157.008
156.886
156.682
156.391
156.026
155.619
155.219
154.884
154.656
154.541
154.502
154.491
154.486
154.512
154.628
154.889
155.306
155.836
156.405
156.938
157.384
157.72
157.945
158.073
158.121
158.108
158.053
157.972
157.875
157.772
157.669
157.571
157.48
157.397
157.322
157.255
157.195
157.14
157.087
157.034
156.976
156.912
156.838
156.754
156.658
156.551
156.435
156.309
156.176
156.039
155.899
155.759
155.62
155.484
155.353
155.227
155.107
154.992
154.884
154.782
154.686
154.596
154.514
154.441
154.378
154.326
154.289
154.267
154.261
154.27
154.291
154.32
154.349
154.366
154.356
154.298
154.165
153.925
153.544
152.985
152.228
151.28
150.198
149.101
148.144
147.473
147.175
147.261
147.697
148.423
149.355
150.393
151.429
152.372
153.165
153.781
154.217
154.486
154.608
154.602
154.491
154.293
154.029
153.72
153.394
153.077
152.8
152.589
152.464
152.432
152.491
152.626
152.817
153.046
153.294
153.549
153.801
154.043
154.272
154.484
154.677
154.852
155.007
155.144
155.264
155.369
155.46
155.54
155.608
155.663
155.705
155.731
155.735
155.715
155.666
155.586
155.479
155.352
155.22
155.102
155.018
154.983
154.999
155.058
155.136
155.207
155.245
155.231
155.157
155.022
154.837
154.615
154.375
154.134
153.904
153.694
153.505
153.337
153.187
153.053
152.942
152.864
152.833
152.864
152.966
153.144
153.4
153.729
154.125
154.57
155.038
155.495
155.9
156.216
156.408
156.454
156.345
156.099
155.766
155.432
155.201
155.164
155.352
155.722
156.177
156.608
156.927
157.083
157.052
156.828
156.417
155.831
155.096
154.261
153.411
152.666
152.162
151.999
152.195
152.678
153.322
154.001
154.623
155.141
155.539
155.821
155.998
156.083
156.088
156.025
155.904
155.735
155.527
155.289
155.032
154.768
154.512
154.282
154.096
153.972
153.925
153.96
154.074
154.255
154.482
154.727
154.964
155.165
155.31
155.382
155.372
155.282
155.121
154.911
154.684
154.474
154.314
154.225
154.212
154.262
154.353
154.459
154.555
154.624
154.658
154.65
154.6
154.508
154.374
154.2
153.986
153.734
153.446
153.128
152.792
152.453
152.132
151.854
151.648
151.535
151.53
151.636
151.841
152.123
152.453
152.798
153.131
153.426
153.664
153.834
153.927
153.942
