196.8
196.801
196.803
196.805
196.808
196.812
196.817
196.822
196.828
196.835
196.842
196.851
196.86
196.87
196.88
196.892
196.904
196.917
196.931
196.946
196.962
196.979
196.997
197.016
197.036
197.057
197.079
197.102
197.126
197.152
197.179
197.206
197.235
197.266
197.298
197.331
197.365
197.401
197.439
197.478
197.519
197.561
197.606
197.652
197.699
197.749
197.801
197.855
197.912
197.97
197.318
197.381
197.447
197.515
197.586
197.661
197.738
197.818
197.902
197.989
198.079
198.173
198.271
198.374
198.48
198.59
198.706
198.825
198.95
199.08
199.215
199.356
199.502
199.654
199.813
199.978
200.15
200.329
200.515
200.708
200.909
201.119
201.337
201.563
201.798
202.043
202.297
202.561
202.835
203.119
203.414
203.72
204.036
204.362
204.699
205.046
205.403
205.768
206.142
206.521
199.135
199.513
199.889
200.261
200.623
200.973
201.305
201.614
201.897
202.151
202.372
202.561
202.717
202.837
202.918
202.951
202.924
202.818
202.616
202.304
201.884
201.378
200.839
200.347
200.002
199.897
200.092
200.59
201.339
202.244
203.197
204.096
204.867
205.477
205.932
206.268
206.524
206.717
206.833
206.837
206.698
206.41
206.006
205.55
205.121
204.79
204.601
204.576
204.716
205.014
192.784
193.35
194.025
194.777
195.572
196.378
197.17
197.924
198.613
199.216
199.713
200.09
200.339
200.461
200.46
200.346
200.134
199.842
199.49
199.101
198.696
198.296
197.919
197.584
197.314
197.138
197.089
197.192
197.451
197.844
198.325
198.832
199.309
199.712
200.014
200.205
200.289
200.278
200.19
200.047
199.872
199.692
199.532
199.415
199.36
199.38
199.479
199.652
199.888
200.17
200.478
200.793
201.096
201.374
201.617
201.818
201.976
202.089
202.16
202.19
202.181
202.134
202.046
201.914
201.73
201.487
201.181
200.815
200.403
199.973
199.567
199.236
199.028
198.978
199.096
199.363
199.74
200.172
200.599
200.968
201.233
201.367
201.361
201.237
201.047
200.87
200.792
200.877
201.141
201.542
202.002
202.435
202.767
202.955
202.984
202.864
202.63
202.335
202.051
201.852
201.797
201.905
202.153
202.475
202.793
203.033
203.146
203.12
202.974
202.763
202.559
202.432
202.429
202.553
202.772
203.034
203.287
203.502
203.671
203.805
203.921
204.032
204.148
204.268
204.389
204.504
204.611
204.709
204.8
204.888
204.974
205.053
205.12
205.161
205.161
205.105
204.978
204.771
204.482
204.119
203.704
203.268
202.859
202.527
202.323
202.289
202.441
202.772
203.249
203.825
204.446
205.067
205.651
206.176
206.631
207.016
207.335
207.596
207.808
207.98
208.122
208.242
208.347
208.441
208.529
208.611
208.686
208.752
208.803
208.83
208.82
208.761
208.635
208.428
208.126
207.727
207.239
206.691
206.133
205.628
205.245
205.045
205.068
205.332
205.818
206.479
207.238
208
208.675
209.184
209.471
209.493
209.226
208.655
207.788
206.659
205.346
203.981
202.737
201.798
201.305
201.311
201.755
202.496
203.369
204.228
204.985
205.602
206.082
206.449
206.737
206.977
207.193
207.397
207.592
207.774
207.934
208.065
208.159
208.212
208.225
208.199
208.139
208.05
207.941
207.818
207.691
207.568
207.46
207.374
207.318
207.297
207.315
207.372
207.465
207.591
207.743
207.913
208.095
208.279
208.459
208.628
208.778
208.901
208.99
209.036
209.027
208.951
208.793
208.537
208.165
207.657
206.991
206.151
205.13
203.951
202.702
201.558
200.772
200.577
201.051
202.056
203.315
204.557
205.609
206.4
206.927
207.215
207.292
207.181
206.897
206.457
205.885
205.219
204.523
203.877
203.374
203.093
203.08
203.33
203.795
204.404
205.077
205.751
206.378
206.929
207.39
207.755
208.024
208.199
208.28
208.265
208.153
207.938
207.614
207.176
206.625
205.962
205.195
204.337
203.407
202.435
201.487
200.672
200.137
200.015
200.35
201.059
201.972
202.904
203.722
204.357
204.794
205.049
205.151
205.134
205.032
204.882
204.717
204.57
204.463
204.408
204.403
204.431
204.466
204.476
204.429
204.298
204.064
203.721
203.279
202.773
202.261
201.819
201.526
201.435
201.556
201.85
202.249
202.673
203.058
203.361
203.563
203.662
203.669
203.604
203.49
203.351
203.206
203.065
202.932
202.804
202.676
202.55
202.436
202.35
202.315
202.344
202.442
202.596
202.783
202.974
203.141
203.263
203.326
203.322
203.25
203.109
202.904
202.639
202.328
201.986
201.637
201.312
201.037
200.837
200.72
200.674
200.669
200.66
200.592
200.42
200.12
199.712
199.27
198.919
198.793
198.981
199.479
200.196
201.001
201.774
202.438
202.957
203.326
203.556
203.659
203.65
203.537
203.328
203.03
202.65
202.201
201.703
201.184
200.679
200.226
199.864
199.619
199.502
199.509
199.619
199.799
200.013
200.227
200.413
200.553
200.649
200.713
200.771
200.848
200.957
201.095
201.243
201.374
201.466
201.518
201.552
201.613
201.749
201.995
202.358
202.807
203.293
203.757
204.152
204.449
204.641
204.736
204.758
204.735
204.701
204.683
204.699
204.758
204.855
204.98
205.117
205.253
205.376
205.477
205.551
205.6
205.628
205.645
205.665
205.702
205.765
205.844
205.913
205.922
205.811
205.527
205.045
204.402
203.698
203.099
202.784
202.883
203.417
204.295
205.353
206.419
207.351
208.053
208.457
208.523
208.231
207.597
206.694
205.675
204.769
204.225
204.216
204.743
205.645
206.677
207.618
208.32
208.718
208.812
208.649
208.312
207.905
207.538
207.308
207.272
207.436
207.762
208.186
208.641
209.069
209.429
209.694
209.847
209.88
209.792
209.585
209.269
208.854
208.354
207.773
207.11
206.35
205.474
204.487
203.45
202.5
201.836
201.633
201.953
202.708
203.713
204.771
205.735
206.508
207.026
207.242
207.116
206.623
205.774
204.661
203.503
202.639
202.418
202.998
204.232
205.768
207.249
208.447
209.268
209.711
209.819
209.664
209.345
208.982
208.708
208.628
208.784
209.132
209.56
209.93
210.111
210.001
209.528
208.665
207.448
206.012
204.604
203.525
203.003
203.07
203.567
204.269
205
205.681
206.303
206.895
207.486
208.09
208.7
209.291
209.83
210.287
210.638
210.869
210.973
210.949
210.804
210.553
210.223
209.855
209.492
209.171
208.905
208.68
208.457
208.193
207.858
207.447
206.978
206.49
206.033
205.662
205.434
205.395
205.57
205.952
206.497
207.133
207.771
208.329
208.744
208.982
209.035
208.923
208.679
208.347
207.968
207.569
207.168
206.774
206.411
206.127
205.991
206.067
206.371
206.858
207.43
207.981
208.424
208.709
208.824
208.78
208.6
208.318
207.965
207.571
207.158
206.74
206.323
205.906
205.489
205.074
204.672
204.308
204.017
203.835
203.79
203.887
204.11
204.419
204.771
205.126
205.459
205.764
206.043
206.306
206.563
206.818
207.073
207.323
207.562
207.782
207.977
208.141
208.267
208.351
208.389
208.377
208.313
208.198
208.037
207.839
207.617
207.388
207.17
206.978
206.822
206.704
206.618
206.555
206.5
206.448
206.397
206.351
206.319
206.31
206.328
206.37
206.43
206.498
206.565
206.625
206.678
206.728
206.783
206.853
206.949
207.08
207.25
207.462
207.71
207.988
208.285
208.588
208.885
209.163
209.413
209.626
209.796
209.92
209.994
210.018
209.99
209.913
209.786
209.613
209.399
209.148
208.869
208.571
208.268
207.977
207.718
207.512
207.383
207.349
207.421
207.601
207.881
208.238
208.646
209.072
209.483
209.85
210.149
210.361
210.477
210.492
210.416
210.266
210.076
209.89
209.763
209.743
209.862
210.126
210.511
210.978
211.475
211.959
212.393
212.756
213.032
213.217
213.306
213.303
213.209
213.032
212.781
212.465
212.097
211.693
211.27
210.855
210.477
210.172
209.966
209.872
209.879
209.955
210.059
210.158
210.231
210.28
210.319
210.374
210.469
210.62
210.827
211.08
211.357
211.631
211.882
212.097
212.272
212.413
212.528
212.627
212.713
212.785
212.84
212.87
212.87
212.841
212.791
212.734
212.69
212.68
212.719
212.81
212.945
213.103
213.258
213.385
213.464
213.482
213.438
213.334
213.184
213
212.799
212.598
212.412
212.253
212.13
212.05
212.013
212.022
212.071
212.16
212.285
212.443
212.635
212.857
213.11
213.386
213.679
213.975
214.257
214.506
214.699
214.814
214.832
214.735
214.512
214.165
213.707
213.174
212.622
212.122
211.748
211.556
211.568
211.77
212.121
212.566
213.055
213.546
214.013
214.435
214.801
215.101
215.328
215.473
215.529
215.486
215.335
215.072
214.696
214.215
213.65
213.03
212.394
211.782
211.228
210.749
210.351
210.029
209.782
209.631
209.619
209.801
210.217
210.855
211.647
212.484
213.255
213.876
214.3
214.517
214.547
214.429
214.219
213.979
213.769
213.64
213.617
213.7
213.866
214.075
214.282
214.451
214.551
214.564
214.479
214.293
214.008
213.629
213.166
212.636
212.061
211.473
210.916
210.435
210.076
209.874
209.843
209.974
210.237
210.587
210.978
211.362
211.703
211.973
212.155
212.242
212.239
212.157
212.018
211.844
211.66
211.485
211.332
211.205
211.101
211.015
210.94
210.87
210.804
210.734
210.651
210.54
210.38
210.147
209.816
209.371
208.801
208.117
207.346
206.544
205.784
205.15
204.718
204.539
204.622
204.936
205.418
205.991
206.575
207.104
207.533
207.838
208.022
208.103
208.119
208.11
208.119
208.171
208.28
208.439
208.63
208.829
209.015
209.173
209.296
209.381
209.432
209.455
209.457
209.445
209.426
209.405
209.385
209.368
209.355
209.345
209.333
209.318
209.292
209.249
209.183
209.085
208.946
208.758
208.514
208.208
207.84
207.416
206.956
206.492
206.067
205.732
205.528
205.476
205.57
205.777
206.05
206.347
206.636
206.901
207.142
207.361
207.563
207.75
207.918
208.061
208.171
208.245
