4.00359e-21
4.00358e-21
4.00358e-21
4.00358e-21
4.00358e-21
4.00358e-21
4.00358e-21
4.00357e-21
4.00357e-21
4.00357e-21
4.00357e-21
4.00357e-21
4.00357e-21
4.00356e-21
4.00355e-21
4.00351e-21
4.00348e-21
4.00342e-21
4.00337e-21
4.00331e-21
4.00327e-21
4.00322e-21
4.00314e-21
4.00307e-21
4.00299e-21
4.00295e-21
4.00291e-21
4.00287e-21
4.00281e-21
4.00274e-21
4.00268e-21
4.00263e-21
4.00259e-21
4.00253e-21
4.00248e-21
4.00242e-21
4.00236e-21
4.00231e-21
4.00227e-21
4.00224e-21
4.00223e-21
4.00219e-21
4.00215e-21
4.00212e-21
4.0021e-21
4.00209e-21
4.00204e-21
4.00202e-21
4.00196e-21
4.00194e-21
3.98716e-21
3.98714e-21
3.98712e-21
3.98709e-21
3.98708e-21
3.98705e-21
3.98701e-21
3.98699e-21
3.98697e-21
3.98695e-21
3.98693e-21
3.98694e-21
3.98692e-21
3.9869e-21
3.98687e-21
3.98685e-21
3.98682e-21
3.98679e-21
3.98677e-21
3.98674e-21
3.98673e-21
3.98673e-21
3.98671e-21
3.98669e-21
3.98666e-21
3.98662e-21
3.98662e-21
3.98658e-21
3.98655e-21
3.98654e-21
3.98652e-21
3.9865e-21
3.98648e-21
3.98646e-21
3.98644e-21
3.98642e-21
3.9864e-21
3.98638e-21
3.98638e-21
3.98635e-21
3.98633e-21
3.98628e-21
3.98625e-21
3.98623e-21
3.98619e-21
3.98617e-21
3.98615e-21
3.98615e-21
3.98614e-21
3.98613e-21
3.82537e-21
3.82537e-21
3.82537e-21
3.82537e-21
3.8254e-21
3.82542e-21
3.82547e-21
3.82551e-21
3.82554e-21
3.82561e-21
3.82567e-21
3.82575e-21
3.82581e-21
3.82588e-21
3.82597e-21
3.82608e-21
3.82622e-21
3.8264e-21
3.8266e-21
3.82684e-21
3.82703e-21
3.82716e-21
3.82713e-21
3.82693e-21
3.82651e-21
3.82594e-21
3.8253e-21
3.82471e-21
3.82425e-21
3.82402e-21
3.82403e-21
3.8242e-21
3.82452e-21
3.82487e-21
3.82517e-21
3.82537e-21
3.82551e-21
3.82566e-21
3.82586e-21
3.82615e-21
3.82645e-21
3.82673e-21
3.82691e-21
3.82692e-21
3.82677e-21
3.82649e-21
3.82614e-21
3.82579e-21
3.82545e-21
3.82512e-21
3.56269e-21
3.56245e-21
3.56228e-21
3.56217e-21
3.56211e-21
3.5621e-21
3.56215e-21
3.56227e-21
3.56243e-21
3.56262e-21
3.56285e-21
3.56312e-21
3.56338e-21
3.56365e-21
3.5639e-21
3.56412e-21
3.5643e-21
3.56445e-21
3.56454e-21
3.56461e-21
3.5646e-21
3.56456e-21
3.56448e-21
3.56435e-21
3.5642e-21
3.56398e-21
3.56367e-21
3.56338e-21
3.56306e-21
3.56282e-21
3.5627e-21
3.56271e-21
3.56282e-21
3.563e-21
3.56324e-21
3.56347e-21
3.56367e-21
3.56387e-21
3.56399e-21
3.56407e-21
3.56411e-21
3.56407e-21
3.56401e-21
3.5639e-21
3.56375e-21
3.56358e-21
3.56342e-21
3.56323e-21
3.56312e-21
3.56305e-21
3.56303e-21
3.56305e-21
3.56309e-21
3.56315e-21
3.56324e-21
3.56333e-21
3.56343e-21
3.5635e-21
3.56359e-21
3.56369e-21
3.56376e-21
3.56384e-21
3.56393e-21
3.56403e-21
3.56414e-21
3.56425e-21
3.56439e-21
3.56452e-21
3.56457e-21
3.56458e-21
3.56449e-21
3.56428e-21
3.564e-21
3.56366e-21
3.56332e-21
3.56304e-21
3.56287e-21
3.56283e-21
3.56288e-21
3.56306e-21
3.5633e-21
3.56357e-21
3.56384e-21
3.56403e-21
3.56407e-21
3.56395e-21
3.56367e-21
3.5633e-21
3.56297e-21
3.56276e-21
3.56274e-21
3.56287e-21
3.56314e-21
3.56347e-21
3.56378e-21
3.56405e-21
3.56421e-21
3.56425e-21
3.56414e-21
3.56389e-21
3.56357e-21
3.56324e-21
3.56301e-21
3.56295e-21
3.56304e-21
3.56326e-21
3.56356e-21
3.56384e-21
3.56404e-21
3.56411e-21
3.56401e-21
3.5638e-21
3.56352e-21
3.56329e-21
3.56316e-21
3.56314e-21
3.56321e-21
3.56333e-21
3.5634e-21
3.56344e-21
3.56346e-21
3.56345e-21
3.56345e-21
3.56345e-21
3.56346e-21
3.56348e-21
3.56352e-21
3.56353e-21
3.56355e-21
3.56356e-21
3.56356e-21
3.56358e-21
3.5636e-21
3.56366e-21
3.56375e-21
3.56388e-21
3.56406e-21
3.56423e-21
3.56439e-21
3.56452e-21
3.56458e-21
3.56457e-21
3.56448e-21
3.56428e-21
3.56394e-21
3.56357e-21
3.56317e-21
3.56284e-21
3.56259e-21
3.56246e-21
3.56241e-21
3.56246e-21
3.56255e-21
3.56269e-21
3.56285e-21
3.56298e-21
3.5631e-21
3.56323e-21
3.5633e-21
3.56337e-21
3.56342e-21
3.56345e-21
3.56349e-21
3.56352e-21
3.56353e-21
3.56355e-21
3.56357e-21
3.5636e-21
3.56364e-21
3.56371e-21
3.56381e-21
3.56393e-21
3.56408e-21
3.5643e-21
3.5645e-21
3.5647e-21
3.56486e-21
3.56494e-21
3.56491e-21
3.5647e-21
3.56438e-21
3.56395e-21
3.56345e-21
3.56299e-21
3.56257e-21
3.56229e-21
3.56217e-21
3.56228e-21
3.56256e-21
3.56298e-21
3.56349e-21
3.56408e-21
3.56467e-21
3.56531e-21
3.56586e-21
3.56633e-21
3.56656e-21
3.56648e-21
3.56601e-21
3.5652e-21
3.56417e-21
3.56317e-21
3.5624e-21
3.562e-21
3.56191e-21
3.56207e-21
3.56233e-21
3.56263e-21
3.5629e-21
3.56309e-21
3.5632e-21
3.56326e-21
3.56329e-21
3.56329e-21
3.56333e-21
3.56338e-21
3.56345e-21
3.56355e-21
3.56361e-21
3.5637e-21
3.56378e-21
3.56387e-21
3.56394e-21
3.56401e-21
3.56403e-21
3.56404e-21
3.56405e-21
3.56402e-21
3.56398e-21
3.56394e-21
3.56386e-21
3.5638e-21
3.56371e-21
3.56363e-21
3.56355e-21
3.56349e-21
3.56344e-21
3.56341e-21
3.56338e-21
3.56339e-21
3.56341e-21
3.56344e-21
3.56347e-21
3.56353e-21
3.56363e-21
3.56375e-21
3.56388e-21
3.56405e-21
3.56423e-21
3.56446e-21
3.56473e-21
3.56502e-21
3.56537e-21
3.56573e-21
3.56608e-21
3.56634e-21
3.56634e-21
3.56583e-21
3.56481e-21
3.56343e-21
3.56213e-21
3.56132e-21
3.56113e-21
3.5614e-21
3.56191e-21
3.56247e-21
3.56301e-21
3.56346e-21
3.56388e-21
3.56424e-21
3.56456e-21
3.56486e-21
3.56509e-21
3.56522e-21
3.56521e-21
3.56498e-21
3.56462e-21
3.5641e-21
3.56351e-21
3.56298e-21
3.56261e-21
3.5624e-21
3.56235e-21
3.5624e-21
3.56252e-21
3.56272e-21
3.56291e-21
3.5631e-21
3.56328e-21
3.5635e-21
3.56369e-21
3.56388e-21
3.56409e-21
3.56431e-21
3.56454e-21
3.56477e-21
3.56499e-21
3.56525e-21
3.56544e-21
3.56561e-21
3.56575e-21
3.56578e-21
3.56564e-21
3.56521e-21
3.56447e-21
3.56351e-21
3.56263e-21
3.56201e-21
3.56181e-21
3.56196e-21
3.56231e-21
3.5627e-21
3.56309e-21
3.56344e-21
3.56371e-21
3.5639e-21
3.56402e-21
3.56409e-21
3.56409e-21
3.56403e-21
3.56393e-21
3.56385e-21
3.56376e-21
3.5637e-21
3.56372e-21
3.5638e-21
3.56395e-21
3.56415e-21
3.56438e-21
3.56459e-21
3.56478e-21
3.56485e-21
3.56476e-21
3.56452e-21
3.56413e-21
3.56369e-21
3.56327e-21
3.56297e-21
3.56285e-21
3.56287e-21
3.56302e-21
3.56322e-21
3.56342e-21
3.56364e-21
3.56381e-21
3.56391e-21
3.56399e-21
3.56403e-21
3.564e-21
3.56397e-21
3.56395e-21
3.56394e-21
3.56393e-21
3.56391e-21
3.56386e-21
3.56377e-21
3.56364e-21
3.5635e-21
3.56336e-21
3.56326e-21
3.56323e-21
3.56327e-21
3.56334e-21
3.56345e-21
3.56357e-21
3.5637e-21
3.56383e-21
3.56399e-21
3.56414e-21
3.56424e-21
3.56432e-21
3.56436e-21
3.56434e-21
3.56426e-21
3.56414e-21
3.56397e-21
3.56382e-21
3.5637e-21
3.56366e-21
3.56373e-21
3.5639e-21
3.56416e-21
3.56443e-21
3.56458e-21
3.5645e-21
3.56412e-21
3.56352e-21
3.56282e-21
3.56226e-21
3.56197e-21
3.56191e-21
3.56205e-21
3.56233e-21
3.56266e-21
3.56296e-21
3.56321e-21
3.56346e-21
3.56368e-21
3.56389e-21
3.56409e-21
3.56427e-21
3.56443e-21
3.56455e-21
3.56461e-21
3.5646e-21
3.56451e-21
3.56434e-21
3.56411e-21
3.56385e-21
3.56359e-21
3.56334e-21
3.56315e-21
3.56303e-21
3.563e-21
3.56301e-21
3.5631e-21
3.56321e-21
3.56331e-21
3.56336e-21
3.56335e-21
3.56331e-21
3.56324e-21
3.56317e-21
3.56317e-21
3.56322e-21
3.56333e-21
3.5634e-21
3.56337e-21
3.56325e-21
3.56306e-21
3.56283e-21
3.56263e-21
3.56248e-21
3.56248e-21
3.56258e-21
3.56276e-21
3.56299e-21
3.56322e-21
3.56342e-21
3.56352e-21
3.56359e-21
3.56359e-21
3.56352e-21
3.56345e-21
3.56337e-21
3.56328e-21
3.56324e-21
3.56324e-21
3.56323e-21
3.5633e-21
3.56336e-21
3.56342e-21
3.56346e-21
3.56349e-21
3.5635e-21
3.5635e-21
3.56344e-21
3.5634e-21
3.56339e-21
3.56348e-21
3.56368e-21
3.564e-21
3.56441e-21
3.5648e-21
3.56507e-21
3.56503e-21
3.5646e-21
3.56384e-21
3.5629e-21
3.56208e-21
3.56154e-21
3.56134e-21
3.5615e-21
3.56191e-21
3.56248e-21
3.56313e-21
3.56388e-21
3.56463e-21
3.56528e-21
3.56569e-21
3.56567e-21
3.56515e-21
3.56416e-21
3.563e-21
3.56206e-21
3.56153e-21
3.56154e-21
3.56192e-21
3.56252e-21
3.56317e-21
3.56377e-21
3.56422e-21
3.56446e-21
3.56449e-21
3.56426e-21
3.56389e-21
3.56346e-21
3.56308e-21
3.56281e-21
3.56267e-21
3.5627e-21
3.56281e-21
3.563e-21
3.56323e-21
3.56348e-21
3.56374e-21
3.564e-21
3.56423e-21
3.56443e-21
3.56461e-21
3.56477e-21
3.56495e-21
3.56515e-21
3.56539e-21
3.56566e-21
3.56584e-21
3.56583e-21
3.56543e-21
3.56461e-21
3.56353e-21
3.56251e-21
3.56179e-21
3.56152e-21
3.5616e-21
3.56191e-21
3.56238e-21
3.56298e-21
3.56369e-21
3.56444e-21
3.5652e-21
3.56585e-21
3.56618e-21
3.56592e-21
3.56489e-21
3.56328e-21
3.56168e-21
3.56068e-21
3.5605e-21
3.56093e-21
3.56167e-21
3.56248e-21
3.56323e-21
3.56387e-21
3.56432e-21
3.56454e-21
3.56447e-21
3.56415e-21
3.56365e-21
3.56317e-21
3.5629e-21
3.56291e-21
3.56319e-21
3.5637e-21
3.56439e-21
3.56519e-21
3.56597e-21
3.5666e-21
3.5668e-21
3.56641e-21
3.5654e-21
3.56414e-21
3.56306e-21
3.56243e-21
3.56223e-21
3.56231e-21
3.56243e-21
3.56252e-21
3.56253e-21
3.5625e-21
3.56247e-21
3.5625e-21
3.56256e-21
3.5627e-21
3.56292e-21
3.56318e-21
3.56346e-21
3.56372e-21
3.56396e-21
3.56421e-21
3.56441e-21
3.56454e-21
3.56457e-21
3.56452e-21
3.56441e-21
3.56429e-21
3.56425e-21
3.56429e-21
3.56441e-21
3.56456e-21
3.56472e-21
3.5648e-21
3.5648e-21
3.56469e-21
3.56443e-21
3.56407e-21
3.56366e-21
3.56322e-21
3.56284e-21
3.56258e-21
3.56251e-21
3.56259e-21
3.56284e-21
3.56316e-21
3.56354e-21
3.5639e-21
3.56425e-21
3.56446e-21
3.56459e-21
3.56465e-21
3.56466e-21
3.56465e-21
3.56459e-21
3.56449e-21
3.56425e-21
3.56388e-21
3.56339e-21
3.56294e-21
3.56267e-21
3.5626e-21
3.56275e-21
3.56303e-21
3.56337e-21
3.56371e-21
3.56403e-21
3.56428e-21
3.56444e-21
3.56455e-21
3.5646e-21
3.56462e-21
3.56462e-21
3.56461e-21
3.56461e-21
3.56462e-21
3.56461e-21
3.56456e-21
3.56445e-21
3.56427e-21
3.56402e-21
3.56372e-21
3.56344e-21
3.56323e-21
3.5631e-21
3.56306e-21
3.5631e-21
3.56317e-21
3.56323e-21
3.56328e-21
3.56329e-21
3.56328e-21
3.56329e-21
3.56327e-21
3.56328e-21
3.56331e-21
3.56337e-21
3.56344e-21
3.5635e-21
3.56357e-21
3.5637e-21
3.56379e-21
3.56391e-21
3.56402e-21
3.56412e-21
3.5642e-21
3.56425e-21
3.56427e-21
3.56427e-21
3.56423e-21
3.56415e-21
3.56407e-21
3.56399e-21
3.56394e-21
3.5639e-21
3.5639e-21
3.56389e-21
3.56389e-21
3.56387e-21
3.56382e-21
3.56377e-21
3.5637e-21
3.56367e-21
3.56362e-21
3.56359e-21
3.5636e-21
3.5636e-21
3.56363e-21
3.5636e-21
3.5636e-21
3.56356e-21
3.5635e-21
3.56342e-21
3.56334e-21
3.56327e-21
3.56322e-21
3.56316e-21
3.56313e-21
3.56312e-21
3.56315e-21
3.5632e-21
3.56325e-21
3.56332e-21
3.56338e-21
3.56345e-21
3.56358e-21
3.56368e-21
3.56379e-21
3.56388e-21
3.56397e-21
3.56405e-21
3.56411e-21
3.56416e-21
3.56421e-21
3.56423e-21
3.56421e-21
3.56416e-21
3.56406e-21
3.56391e-21
3.56374e-21
3.56351e-21
3.56327e-21
3.56304e-21
3.56284e-21
3.5627e-21
3.56263e-21
3.56261e-21
3.56268e-21
3.56279e-21
3.56297e-21
3.56315e-21
3.56335e-21
3.56356e-21
3.56372e-21
3.56383e-21
3.56387e-21
3.56376e-21
3.56359e-21
3.56333e-21
3.56303e-21
3.56275e-21
3.56255e-21
3.56246e-21
3.56244e-21
3.5625e-21
3.56265e-21
3.56283e-21
3.56301e-21
3.56318e-21
3.56336e-21
3.56354e-21
3.5637e-21
3.56384e-21
3.56398e-21
3.5641e-21
3.56419e-21
3.56422e-21
3.56422e-21
3.56413e-21
3.56403e-21
3.56384e-21
3.56362e-21
3.56342e-21
3.56324e-21
3.56314e-21
3.56312e-21
3.56316e-21
3.56324e-21
3.56327e-21
3.56326e-21
3.56319e-21
3.56308e-21
3.56296e-21
3.56285e-21
3.56278e-21
3.56278e-21
3.56282e-21
3.5629e-21
3.56299e-21
3.56309e-21
3.56318e-21
3.56322e-21
3.56324e-21
3.56328e-21
3.56332e-21
3.56335e-21
3.56341e-21
3.56347e-21
3.56355e-21
3.56359e-21
3.56359e-21
3.56353e-21
3.56343e-21
3.56332e-21
3.56322e-21
3.56314e-21
3.56312e-21
3.56314e-21
3.56322e-21
3.56332e-21
3.56346e-21
3.56358e-21
3.56368e-21
3.56378e-21
3.56383e-21
3.56386e-21
3.56384e-21
3.5638e-21
3.56372e-21
3.56364e-21
3.56355e-21
3.56345e-21
3.56339e-21
3.5633e-21
3.56322e-21
3.56315e-21
3.56309e-21
3.56302e-21
3.56294e-21
3.56288e-21
3.56284e-21
3.56281e-21
3.56282e-21
3.56287e-21
3.56297e-21
3.56311e-21
3.5633e-21
3.56353e-21
3.5638e-21
3.56406e-21
3.56431e-21
3.56451e-21
3.5646e-21
3.56457e-21
3.56436e-21
3.56406e-21
3.56364e-21
3.56324e-21
3.56287e-21
3.56262e-21
3.56248e-21
3.56245e-21
3.56248e-21
3.56254e-21
3.56266e-21
3.56276e-21
3.56293e-21
3.5631e-21
3.56328e-21
3.56347e-21
3.56366e-21
3.56391e-21
3.56414e-21
3.56435e-21
3.56455e-21
3.56469e-21
3.56476e-21
3.56476e-21
3.56468e-21
3.56452e-21
3.56434e-21
3.56416e-21
3.56402e-21
3.56384e-21
3.56361e-21
3.56327e-21
3.56281e-21
3.56231e-21
3.56189e-21
3.56168e-21
3.56173e-21
3.56198e-21
3.56238e-21
3.56281e-21
3.56322e-21
3.5636e-21
3.56385e-21
3.56398e-21
3.56395e-21
3.56385e-21
3.56366e-21
3.56343e-21
3.56324e-21
3.5631e-21
3.56305e-21
3.56309e-21
3.56321e-21
3.56337e-21
3.56358e-21
3.56378e-21
3.56401e-21
3.56423e-21
3.56442e-21
3.5646e-21
3.56471e-21
3.56476e-21
3.56476e-21
3.56464e-21
3.56443e-21
3.56414e-21
3.5638e-21
3.56344e-21
3.56313e-21
3.56288e-21
3.56276e-21
3.56273e-21
3.5628e-21
3.56291e-21
3.56308e-21
3.56329e-21
3.5635e-21
3.56366e-21
3.5638e-21
3.5639e-21
3.56396e-21
3.56396e-21
3.56391e-21
3.56386e-21
3.56381e-21
3.56377e-21
3.56372e-21
3.5637e-21
3.5637e-21
3.56371e-21
3.56371e-21
3.56373e-21
3.56383e-21
3.56396e-21
3.56415e-21
3.56434e-21
3.56459e-21
3.56484e-21
3.56505e-21
3.56518e-21
3.56516e-21
3.56497e-21
3.56463e-21
3.56415e-21
3.56361e-21
3.56309e-21
3.56267e-21
3.56241e-21
3.56228e-21
3.56235e-21
3.56253e-21
3.56279e-21
3.56302e-21
3.56324e-21
3.56342e-21
3.5635e-21
3.5635e-21
3.56343e-21
3.5633e-21
3.56316e-21
3.56308e-21
3.56304e-21
3.56306e-21
3.5631e-21
3.56316e-21
3.56323e-21
3.56331e-21
3.56338e-21
3.56341e-21
3.56344e-21
3.56343e-21
3.56344e-21
3.56344e-21
3.56343e-21
3.56342e-21
3.5634e-21
3.56341e-21
3.5634e-21
3.56343e-21
3.56345e-21
3.56347e-21
3.56353e-21
3.56362e-21
3.56373e-21
3.56385e-21
3.56397e-21
3.56409e-21
3.56421e-21
3.56432e-21
3.56436e-21
3.56432e-21
3.56414e-21
3.5639e-21
3.5636e-21
3.56328e-21
3.563e-21
3.56284e-21
3.56275e-21
3.56275e-21
3.5628e-21
3.56285e-21
3.56291e-21
3.56298e-21
3.56299e-21
3.56303e-21
3.56309e-21
3.56313e-21
3.56318e-21
3.56327e-21
