2.98221e-21
2.98222e-21
2.98225e-21
2.98228e-21
2.98233e-21
2.98239e-21
2.98246e-21
2.98254e-21
2.98263e-21
2.98273e-21
2.98284e-21
2.98297e-21
2.98311e-21
2.98326e-21
2.98342e-21
2.98359e-21
2.98378e-21
2.98398e-21
2.98419e-21
2.98442e-21
2.98466e-21
2.98492e-21
2.98519e-21
2.98548e-21
2.98578e-21
2.9861e-21
2.98643e-21
2.98678e-21
2.98715e-21
2.98753e-21
2.98794e-21
2.98836e-21
2.9888e-21
2.98926e-21
2.98974e-21
2.99024e-21
2.99077e-21
2.99131e-21
2.99188e-21
2.99248e-21
2.99309e-21
2.99374e-21
2.99441e-21
2.9951e-21
2.99583e-21
2.99659e-21
2.99737e-21
2.99819e-21
2.99905e-21
2.99993e-21
2.99005e-21
2.99101e-21
2.99201e-21
2.99304e-21
2.99412e-21
2.99525e-21
2.99642e-21
2.99764e-21
2.9989e-21
3.00022e-21
3.00159e-21
3.00302e-21
3.00451e-21
3.00605e-21
3.00766e-21
3.00934e-21
3.01108e-21
3.0129e-21
3.01479e-21
3.01676e-21
3.0188e-21
3.02093e-21
3.02315e-21
3.02546e-21
3.02787e-21
3.03037e-21
3.03297e-21
3.03568e-21
3.0385e-21
3.04143e-21
3.04448e-21
3.04765e-21
3.05095e-21
3.05438e-21
3.05795e-21
3.06166e-21
3.06551e-21
3.06951e-21
3.07366e-21
3.07797e-21
3.08243e-21
3.08706e-21
3.09185e-21
3.0968e-21
3.10191e-21
3.10717e-21
3.11257e-21
3.11811e-21
3.12376e-21
3.12951e-21
3.01759e-21
3.02331e-21
3.02901e-21
3.03464e-21
3.04014e-21
3.04544e-21
3.05046e-21
3.05515e-21
3.05944e-21
3.06328e-21
3.06664e-21
3.0695e-21
3.07185e-21
3.07367e-21
3.0749e-21
3.07541e-21
3.075e-21
3.07341e-21
3.07035e-21
3.06564e-21
3.05929e-21
3.05163e-21
3.04346e-21
3.03601e-21
3.0308e-21
3.02922e-21
3.03218e-21
3.03973e-21
3.05107e-21
3.06479e-21
3.07923e-21
3.09285e-21
3.10453e-21
3.11376e-21
3.12064e-21
3.12572e-21
3.12958e-21
3.13248e-21
3.13422e-21
3.13426e-21
3.13213e-21
3.12776e-21
3.12165e-21
3.11478e-21
3.10832e-21
3.10335e-21
3.10054e-21
3.10021e-21
3.10237e-21
3.10691e-21
2.92233e-21
2.93106e-21
2.94144e-21
2.95295e-21
2.96505e-21
2.97728e-21
2.98922e-21
3.00051e-21
3.0108e-21
3.01973e-21
3.02704e-21
3.03252e-21
3.03607e-21
3.03769e-21
3.03745e-21
3.0355e-21
3.03206e-21
3.0274e-21
3.02185e-21
3.01574e-21
3.00942e-21
3.00321e-21
2.99742e-21
2.99238e-21
2.98851e-21
2.98627e-21
2.98616e-21
2.9885e-21
2.99322e-21
2.99987e-21
3.00761e-21
3.01551e-21
3.02273e-21
3.02865e-21
3.03295e-21
3.03553e-21
3.03651e-21
3.03606e-21
3.03449e-21
3.03211e-21
3.02928e-21
3.02639e-21
3.02382e-21
3.0219e-21
3.02092e-21
3.02109e-21
3.02247e-21
3.02499e-21
3.0285e-21
3.03273e-21
3.03739e-21
3.04218e-21
3.04682e-21
3.0511e-21
3.05487e-21
3.05801e-21
3.06048e-21
3.06228e-21
3.0634e-21
3.0639e-21
3.0638e-21
3.06311e-21
3.06181e-21
3.05986e-21
3.05715e-21
3.05359e-21
3.0491e-21
3.04369e-21
3.03752e-21
3.03097e-21
3.02461e-21
3.0192e-21
3.01551e-21
3.01416e-21
3.01541e-21
3.01911e-21
3.0247e-21
3.03132e-21
3.03803e-21
3.04393e-21
3.04828e-21
3.0506e-21
3.05078e-21
3.0491e-21
3.04639e-21
3.04383e-21
3.04274e-21
3.04411e-21
3.04816e-21
3.05431e-21
3.06135e-21
3.06797e-21
3.07308e-21
3.07601e-21
3.07652e-21
3.07477e-21
3.07125e-21
3.06681e-21
3.06251e-21
3.0595e-21
3.05869e-21
3.06042e-21
3.06433e-21
3.06948e-21
3.07465e-21
3.07872e-21
3.08091e-21
3.08096e-21
3.07911e-21
3.07608e-21
3.07293e-21
3.07074e-21
3.0703e-21
3.07181e-21
3.07489e-21
3.07874e-21
3.08252e-21
3.08562e-21
3.08781e-21
3.08916e-21
3.08993e-21
3.09047e-21
3.09105e-21
3.09184e-21
3.09292e-21
3.0943e-21
3.09594e-21
3.09784e-21
3.09995e-21
3.10224e-21
3.10462e-21
3.10693e-21
3.10896e-21
3.11045e-21
3.11114e-21
3.11078e-21
3.10919e-21
3.10627e-21
3.10205e-21
3.09669e-21
3.09052e-21
3.08403e-21
3.07785e-21
3.07273e-21
3.06936e-21
3.06833e-21
3.06991e-21
3.07405e-21
3.08033e-21
3.08809e-21
3.09658e-21
3.10514e-21
3.11324e-21
3.12057e-21
3.127e-21
3.1325e-21
3.13717e-21
3.14111e-21
3.14446e-21
3.14736e-21
3.14992e-21
3.15222e-21
3.15433e-21
3.15627e-21
3.15803e-21
3.15957e-21
3.16083e-21
3.16169e-21
3.16202e-21
3.16162e-21
3.1603e-21
3.15781e-21
3.15396e-21
3.14862e-21
3.14181e-21
3.1338e-21
3.12518e-21
3.11682e-21
3.1097e-21
3.10475e-21
3.10265e-21
3.10377e-21
3.1082e-21
3.11573e-21
3.12585e-21
3.13765e-21
3.14999e-21
3.16167e-21
3.17164e-21
3.17914e-21
3.18363e-21
3.18476e-21
3.18226e-21
3.17589e-21
3.16542e-21
3.1508e-21
3.13233e-21
3.1109e-21
3.08829e-21
3.06709e-21
3.05029e-21
3.04043e-21
3.0386e-21
3.04412e-21
3.05491e-21
3.06837e-21
3.08223e-21
3.09501e-21
3.10604e-21
3.11525e-21
3.12292e-21
3.12943e-21
3.13513e-21
3.14025e-21
3.14487e-21
3.14898e-21
3.15251e-21
3.15538e-21
3.15754e-21
3.15898e-21
3.15974e-21
3.15985e-21
3.15942e-21
3.15853e-21
3.15727e-21
3.15576e-21
3.15408e-21
3.15235e-21
3.15065e-21
3.1491e-21
3.14779e-21
3.14681e-21
3.14624e-21
3.14615e-21
3.14657e-21
3.1475e-21
3.14893e-21
3.15078e-21
3.15298e-21
3.1554e-21
3.15793e-21
3.16043e-21
3.16277e-21
3.1648e-21
3.16639e-21
3.16738e-21
3.16763e-21
3.16698e-21
3.16528e-21
3.16243e-21
3.1583e-21
3.15284e-21
3.14601e-21
3.13774e-21
3.12792e-21
3.11637e-21
3.10294e-21
3.08791e-21
3.07248e-21
3.05922e-21
3.05161e-21
3.05246e-21
3.06198e-21
3.07744e-21
3.09465e-21
3.1099e-21
3.12099e-21
3.12711e-21
3.12834e-21
3.12526e-21
3.1187e-21
3.10975e-21
3.09975e-21
3.09022e-21
3.08263e-21
3.07813e-21
3.07726e-21
3.07988e-21
3.08537e-21
3.09288e-21
3.10154e-21
3.11066e-21
3.11967e-21
3.12819e-21
3.13593e-21
3.14273e-21
3.14849e-21
3.15314e-21
3.15668e-21
3.15907e-21
3.16029e-21
3.16028e-21
3.15895e-21
3.15616e-21
3.15176e-21
3.14559e-21
3.13755e-21
3.12761e-21
3.11586e-21
3.10256e-21
3.08806e-21
3.07288e-21
3.05775e-21
3.04387e-21
3.03298e-21
3.02715e-21
3.02787e-21
3.03523e-21
3.04759e-21
3.06242e-21
3.07727e-21
3.09054e-21
3.1015e-21
3.11003e-21
3.11637e-21
3.12085e-21
3.12379e-21
3.12548e-21
3.12611e-21
3.12583e-21
3.12474e-21
3.12292e-21
3.12043e-21
3.11732e-21
3.11363e-21
3.10944e-21
3.10481e-21
3.09979e-21
3.09438e-21
3.08856e-21
3.08225e-21
3.07541e-21
3.06808e-21
3.06052e-21
3.05331e-21
3.04722e-21
3.04311e-21
3.04153e-21
3.04256e-21
3.04569e-21
3.05014e-21
3.05508e-21
3.05998e-21
3.06466e-21
3.06919e-21
3.07373e-21
3.07837e-21
3.08304e-21
3.08748e-21
3.09133e-21
3.0942e-21
3.09581e-21
3.09598e-21
3.09471e-21
3.09217e-21
3.08869e-21
3.08473e-21
3.08076e-21
3.07719e-21
3.07419e-21
3.07174e-21
3.06955e-21
3.06727e-21
3.06462e-21
3.06154e-21
3.05824e-21
3.05522e-21
3.05305e-21
3.05223e-21
3.05295e-21
3.0551e-21
3.05825e-21
3.0619e-21
3.06553e-21
3.06879e-21
3.07144e-21
3.07339e-21
3.07461e-21
3.07512e-21
3.0749e-21
3.07394e-21
3.07215e-21
3.06942e-21
3.06562e-21
3.06069e-21
3.05467e-21
3.04789e-21
3.04102e-21
3.03507e-21
3.03117e-21
3.0302e-21
3.03243e-21
3.03738e-21
3.04399e-21
3.05102e-21
3.05737e-21
3.06227e-21
3.06527e-21
3.06614e-21
3.06485e-21
3.06145e-21
3.05609e-21
3.04907e-21
3.04083e-21
3.03197e-21
3.02327e-21
3.01554e-21
3.00952e-21
3.00571e-21
3.00431e-21
3.00515e-21
3.00782e-21
3.01183e-21
3.01677e-21
3.02242e-21
3.02871e-21
3.03569e-21
3.04335e-21
3.05153e-21
3.05995e-21
3.06819e-21
3.07583e-21
3.08251e-21
3.08796e-21
3.09201e-21
3.09458e-21
3.09563e-21
3.09518e-21
3.09333e-21
3.09027e-21
3.08641e-21
3.08235e-21
3.0789e-21
3.07695e-21
3.07724e-21
3.08013e-21
3.08546e-21
3.09262e-21
3.10073e-21
3.10893e-21
3.11652e-21
3.12304e-21
3.12826e-21
3.1321e-21
3.13462e-21
3.13596e-21
3.13631e-21
3.13593e-21
3.13509e-21
3.13407e-21
3.13308e-21
3.13229e-21
3.13172e-21
3.13129e-21
3.13083e-21
3.13011e-21
3.12885e-21
3.12668e-21
3.12319e-21
3.11788e-21
3.11032e-21
3.10057e-21
3.0897e-21
3.08024e-21
3.07583e-21
3.07946e-21
3.09127e-21
3.10794e-21
3.12423e-21
3.1354e-21
3.13849e-21
3.13255e-21
3.11841e-21
3.0987e-21
3.07792e-21
3.06198e-21
3.05634e-21
3.06354e-21
3.08196e-21
3.107e-21
3.13372e-21
3.15857e-21
3.17975e-21
3.19676e-21
3.20981e-21
3.21937e-21
3.22597e-21
3.23014e-21
3.23232e-21
3.23291e-21
3.23224e-21
3.23064e-21
3.22837e-21
3.22573e-21
3.22298e-21
3.22037e-21
3.21812e-21
3.2164e-21
3.21531e-21
3.21485e-21
3.21497e-21
3.21556e-21
3.21645e-21
3.21747e-21
3.21843e-21
3.21908e-21
3.21916e-21
3.21829e-21
3.21598e-21
3.21155e-21
3.20424e-21
3.19328e-21
3.17827e-21
3.15988e-21
3.14051e-21
3.12448e-21
3.11653e-21
3.11926e-21
3.1313e-21
3.14839e-21
3.16606e-21
3.18141e-21
3.19339e-21
3.20204e-21
3.20775e-21
3.21078e-21
3.21106e-21
3.20817e-21
3.20156e-21
3.19073e-21
3.17572e-21
3.15772e-21
3.13961e-21
3.12581e-21
3.12084e-21
3.12693e-21
3.1427e-21
3.16408e-21
3.18655e-21
3.2067e-21
3.22261e-21
3.23337e-21
3.23845e-21
3.23737e-21
3.22953e-21
3.21455e-21
3.19307e-21
3.16806e-21
3.14549e-21
3.13258e-21
3.13341e-21
3.14576e-21
3.16283e-21
3.17794e-21
3.18738e-21
3.1904e-21
3.18806e-21
3.1822e-21
3.1749e-21
3.16814e-21
3.16356e-21
3.16225e-21
3.16462e-21
3.17042e-21
3.17891e-21
3.18913e-21
3.20006e-21
3.21086e-21
3.22087e-21
3.22968e-21
3.23707e-21
3.24294e-21
3.24732e-21
3.25025e-21
3.25181e-21
3.25204e-21
3.25098e-21
3.24863e-21
3.24496e-21
3.23991e-21
3.23341e-21
3.22544e-21
3.216e-21
3.20527e-21
3.19362e-21
3.1817e-21
3.17041e-21
3.16079e-21
3.1538e-21
3.1501e-21
3.14986e-21
3.15274e-21
3.15808e-21
3.16503e-21
3.17279e-21
3.18071e-21
3.18826e-21
3.19512e-21
3.20111e-21
3.20614e-21
3.2102e-21
3.21333e-21
3.21557e-21
3.21698e-21
3.21758e-21
3.21738e-21
3.21635e-21
3.21445e-21
3.21159e-21
3.20767e-21
3.20256e-21
3.19613e-21
3.18823e-21
3.17876e-21
3.16766e-21
3.15501e-21
3.14113e-21
3.1267e-21
3.11286e-21
3.10117e-21
3.0933e-21
3.09045e-21
3.0928e-21
3.09933e-21
3.10828e-21
3.11778e-21
3.1264e-21
3.13333e-21
3.13833e-21
3.14158e-21
3.14347e-21
3.14455e-21
3.14534e-21
3.1463e-21
3.14767e-21
3.14949e-21
3.15153e-21
3.15347e-21
3.15502e-21
3.15606e-21
3.15673e-21
3.15733e-21
3.15822e-21
3.15962e-21
3.16154e-21
3.16382e-21
3.16622e-21
3.16855e-21
3.17073e-21
3.17281e-21
3.17492e-21
3.17717e-21
3.17963e-21
3.18227e-21
3.18499e-21
3.18762e-21
3.18997e-21
3.19183e-21
3.19302e-21
3.19343e-21
3.193e-21
3.19178e-21
3.18992e-21
3.18766e-21
3.18535e-21
3.18336e-21
3.18205e-21
3.18166e-21
3.18226e-21
3.18376e-21
3.18592e-21
3.18841e-21
3.19092e-21
3.19317e-21
3.19501e-21
3.19637e-21
3.1973e-21
3.19791e-21
3.19835e-21
3.19883e-21
3.19953e-21
3.20061e-21
3.20218e-21
3.20429e-21
3.20692e-21
3.20998e-21
3.21331e-21
3.21675e-21
3.2201e-21
3.2232e-21
3.2259e-21
3.22811e-21
3.22979e-21
3.23092e-21
3.23156e-21
3.2318e-21
3.23175e-21
3.23154e-21
3.23127e-21
3.231e-21
3.23071e-21
3.2303e-21
3.2295e-21
3.22791e-21
3.22505e-21
3.2205e-21
3.21412e-21
3.2064e-21
3.19867e-21
3.19304e-21
3.19166e-21
3.19569e-21
3.20463e-21
3.21656e-21
3.22903e-21
3.24008e-21
3.24858e-21
3.25421e-21
3.25722e-21
3.25812e-21
3.25758e-21
3.25629e-21
3.25484e-21
3.2537e-21
3.25308e-21
3.25294e-21
3.253e-21
3.25273e-21
3.2516e-21
3.24908e-21
3.24484e-21
3.23882e-21
3.23126e-21
3.22283e-21
3.21454e-21
3.2076e-21
3.20288e-21
3.20049e-21
3.19969e-21
3.19947e-21
3.19937e-21
3.19991e-21
3.20231e-21
3.20771e-21
3.21634e-21
3.22732e-21
3.2391e-21
3.25014e-21
3.25938e-21
3.26634e-21
3.27101e-21
3.27365e-21
3.27463e-21
3.27438e-21
3.27324e-21
3.27155e-21
3.26954e-21
3.26741e-21
3.26528e-21
3.26325e-21
3.26136e-21
3.25964e-21
3.25809e-21
3.25671e-21
3.25547e-21
3.25433e-21
3.25324e-21
3.25213e-21
3.25093e-21
3.2496e-21
3.24807e-21
3.24633e-21
3.24435e-21
3.24214e-21
3.23972e-21
3.23711e-21
3.23437e-21
3.23152e-21
3.22863e-21
3.22572e-21
3.22285e-21
3.22004e-21
3.21732e-21
3.21471e-21
3.21222e-21
3.20985e-21
3.20761e-21
3.20549e-21
3.2035e-21
3.20165e-21
3.19995e-21
3.19843e-21
3.19712e-21
3.19606e-21
3.19528e-21
3.19483e-21
3.1947e-21
3.19488e-21
3.19533e-21
3.19593e-21
3.19653e-21
3.19688e-21
3.19667e-21
3.19546e-21
3.19271e-21
3.18775e-21
3.17985e-21
3.16828e-21
3.1526e-21
3.13296e-21
3.11056e-21
3.08784e-21
3.06802e-21
3.05413e-21
3.04795e-21
3.04974e-21
3.05877e-21
3.07379e-21
3.0931e-21
3.11459e-21
3.13604e-21
3.15559e-21
3.17201e-21
3.18476e-21
3.19379e-21
3.19936e-21
3.20188e-21
3.20177e-21
3.19946e-21
3.19536e-21
3.18989e-21
3.18351e-21
3.17675e-21
3.17019e-21
3.16445e-21
3.16008e-21
3.15748e-21
3.15683e-21
3.15804e-21
3.16084e-21
3.16481e-21
3.16954e-21
3.17468e-21
3.17996e-21
3.18517e-21
3.19019e-21
3.19492e-21
3.19931e-21
3.20332e-21
3.20693e-21
3.21015e-21
3.21298e-21
3.21547e-21
3.21764e-21
3.21954e-21
3.22118e-21
3.22259e-21
3.22375e-21
3.22462e-21
3.22514e-21
3.22524e-21
3.22482e-21
3.2238e-21
3.22215e-21
3.21993e-21
3.21729e-21
3.21456e-21
3.21211e-21
3.21038e-21
3.20965e-21
3.20999e-21
3.2112e-21
3.21282e-21
3.2143e-21
3.21508e-21
3.2148e-21
3.21325e-21
3.21047e-21
3.20663e-21
3.20204e-21
3.19707e-21
3.19207e-21
3.1873e-21
3.18295e-21
3.17905e-21
3.17557e-21
3.17245e-21
3.16969e-21
3.16739e-21
3.16577e-21
3.16514e-21
3.16577e-21
3.16787e-21
3.17157e-21
3.17686e-21
3.18369e-21
3.19189e-21
3.2011e-21
3.2108e-21
3.22025e-21
3.22866e-21
3.23519e-21
3.23917e-21
3.24011e-21
3.23787e-21
3.23278e-21
3.22588e-21
3.21895e-21
3.21417e-21
3.2134e-21
3.21729e-21
3.22496e-21
3.23438e-21
3.2433e-21
3.24992e-21
3.25314e-21
3.2525e-21
3.24787e-21
3.23935e-21
3.22722e-21
3.21199e-21
3.1947e-21
3.17709e-21
3.16167e-21
3.15123e-21
3.14785e-21
3.15191e-21
3.16193e-21
3.17527e-21
3.18932e-21
3.2022e-21
3.21292e-21
3.22117e-21
3.22701e-21
3.23068e-21
3.23244e-21
3.23255e-21
3.23124e-21
3.22874e-21
3.22524e-21
3.22092e-21
3.216e-21
3.21068e-21
3.20521e-21
3.19991e-21
3.19513e-21
3.19128e-21
3.18872e-21
3.18774e-21
3.18847e-21
3.19084e-21
3.19459e-21
3.19927e-21
3.20435e-21
3.20925e-21
3.21343e-21
3.21643e-21
3.21792e-21
3.21772e-21
3.21584e-21
3.21251e-21
3.20817e-21
3.20346e-21
3.19911e-21
3.1958e-21
3.19396e-21
3.19368e-21
3.19473e-21
3.19662e-21
3.1988e-21
3.20079e-21
3.20223e-21
3.20292e-21
3.20276e-21
3.20172e-21
3.19982e-21
3.19705e-21
3.19345e-21
3.18902e-21
3.18379e-21
3.17782e-21
3.17125e-21
3.16428e-21
3.15726e-21
3.15061e-21
3.14486e-21
3.14058e-21
3.13824e-21
3.13815e-21
3.14034e-21
3.14459e-21
3.15043e-21
3.15725e-21
3.16441e-21
3.1713e-21
3.1774e-21
3.18235e-21
3.18586e-21
3.18779e-21
3.18809e-21
