-7.20951e-23
-7.2117e-23
-7.21535e-23
-7.22047e-23
-7.22707e-23
-7.23516e-23
-7.24474e-23
-7.25584e-23
-7.26846e-23
-7.28262e-23
-7.29835e-23
-7.31565e-23
-7.33456e-23
-7.35563e-23
-7.37891e-23
-7.40606e-23
-7.43499e-23
-7.46843e-23
-7.50213e-23
-7.53935e-23
-7.57692e-23
-7.61698e-23
-7.66231e-23
-7.70813e-23
-7.75769e-23
-7.80513e-23
-7.85423e-23
-7.90614e-23
-7.96253e-23
-8.02186e-23
-8.08314e-23
-8.14643e-23
-8.21074e-23
-8.27881e-23
-8.34966e-23
-8.42501e-23
-8.50226e-23
-8.58149e-23
-8.6639e-23
-8.74744e-23
-8.83329e-23
-8.92479e-23
-9.02103e-23
-9.11889e-23
-9.22016e-23
-9.32443e-23
-9.43672e-23
-9.55128e-23
-9.67312e-23
-9.79652e-23
-9.92294e-23
-1.00566e-22
-1.01946e-22
-1.03397e-22
-1.04885e-22
-1.06448e-22
-1.08085e-22
-1.09771e-22
-1.1152e-22
-1.13345e-22
-1.15237e-22
-1.17175e-22
-1.19225e-22
-1.21358e-22
-1.23589e-22
-1.25904e-22
-1.28319e-22
-1.30827e-22
-1.33436e-22
-1.36152e-22
-1.38956e-22
-1.41875e-22
-1.44919e-22
-1.48104e-22
-1.51412e-22
-1.54871e-22
-1.58432e-22
-1.6217e-22
-1.66054e-22
-1.70072e-22
-1.74263e-22
-1.78616e-22
-1.83144e-22
-1.87856e-22
-1.9275e-22
-1.9784e-22
-2.03118e-22
-2.08605e-22
-2.14279e-22
-2.20199e-22
-2.26325e-22
-2.32692e-22
-2.39269e-22
-2.46055e-22
-2.53073e-22
-2.60282e-22
-2.67688e-22
-2.75263e-22
-2.82998e-22
-2.90856e-22
-2.98662e-22
-3.06485e-22
-3.14283e-22
-3.21969e-22
-3.29458e-22
-3.36675e-22
-3.43492e-22
-3.49866e-22
-3.55692e-22
-3.60872e-22
-3.65409e-22
-3.69244e-22
-3.72402e-22
-3.74821e-22
-3.76404e-22
-3.76988e-22
-3.76279e-22
-3.7391e-22
-3.69517e-22
-3.62829e-22
-3.53935e-22
-3.43325e-22
-3.32178e-22
-3.22193e-22
-3.15475e-22
-3.13885e-22
-3.18561e-22
-3.29467e-22
-3.45422e-22
-3.6441e-22
-3.84133e-22
-4.02575e-22
-4.1823e-22
-4.30495e-22
-4.39619e-22
-4.46381e-22
-4.51537e-22
-4.55388e-22
-4.57593e-22
-4.57393e-22
-4.54207e-22
-4.47963e-22
-4.39408e-22
-4.29972e-22
-4.21244e-22
-4.14642e-22
-4.11084e-22
-4.10914e-22
-4.14162e-22
-4.20665e-22
-4.29808e-22
-4.41773e-22
-4.55929e-22
-4.7161e-22
-4.8813e-22
-5.04839e-22
-5.21198e-22
-5.36677e-22
-5.50802e-22
-5.63094e-22
-5.73155e-22
-5.80691e-22
-5.85596e-22
-5.87844e-22
-5.87567e-22
-5.84994e-22
-5.80427e-22
-5.74215e-22
-5.66834e-22
-5.58714e-22
-5.50346e-22
-5.42108e-22
-5.3438e-22
-5.2757e-22
-5.22124e-22
-5.18706e-22
-5.17991e-22
-5.20411e-22
-5.26093e-22
-5.34483e-22
-5.44552e-22
-5.55051e-22
-5.64828e-22
-5.72985e-22
-5.78991e-22
-5.82723e-22
-5.84257e-22
-5.83836e-22
-5.81887e-22
-5.78843e-22
-5.75185e-22
-5.71502e-22
-5.68248e-22
-5.65932e-22
-5.64942e-22
-5.65525e-22
-5.67731e-22
-5.71509e-22
-5.76519e-22
-5.82426e-22
-5.88818e-22
-5.95314e-22
-6.01552e-22
-6.07251e-22
-6.12185e-22
-6.16271e-22
-6.19437e-22
-6.21708e-22
-6.23081e-22
-6.23604e-22
-6.23353e-22
-6.22295e-22
-6.20396e-22
-6.17553e-22
-6.13631e-22
-6.08487e-22
-6.02014e-22
-5.94311e-22
-5.85721e-22
-5.76808e-22
-5.68491e-22
-5.61837e-22
-5.57817e-22
-5.57124e-22
-5.59899e-22
-5.65715e-22
-5.73694e-22
-5.82669e-22
-5.91477e-22
-5.98931e-22
-6.04185e-22
-6.06677e-22
-6.06293e-22
-6.0353e-22
-5.99568e-22
-5.9602e-22
-5.94685e-22
-5.96813e-22
-6.02595e-22
-6.11115e-22
-6.20669e-22
-6.29496e-22
-6.36107e-22
-6.39677e-22
-6.39966e-22
-6.37216e-22
-6.3219e-22
-6.2604e-22
-6.20279e-22
-6.16413e-22
-6.15586e-22
-6.18163e-22
-6.23515e-22
-6.30262e-22
-6.36747e-22
-6.41488e-22
-6.43548e-22
-6.42716e-22
-6.39494e-22
-6.35056e-22
-6.30918e-22
-6.2851e-22
-6.2872e-22
-6.31528e-22
-6.36204e-22
-6.41625e-22
-6.46806e-22
-6.51139e-22
-6.54581e-22
-6.57311e-22
-6.59683e-22
-6.62002e-22
-6.644e-22
-6.66888e-22
-6.69379e-22
-6.71746e-22
-6.73921e-22
-6.75934e-22
-6.77813e-22
-6.79622e-22
-6.81385e-22
-6.83016e-22
-6.84374e-22
-6.8516e-22
-6.85077e-22
-6.83784e-22
-6.80979e-22
-6.7652e-22
-6.70376e-22
-6.62738e-22
-6.54064e-22
-6.45062e-22
-6.36666e-22
-6.29996e-22
-6.26122e-22
-6.25769e-22
-6.2932e-22
-6.36508e-22
-6.46636e-22
-6.58695e-22
-6.71624e-22
-6.84416e-22
-6.96417e-22
-7.07151e-22
-7.1643e-22
-7.24273e-22
-7.30755e-22
-7.36033e-22
-7.40339e-22
-7.43851e-22
-7.46737e-22
-7.49194e-22
-7.51317e-22
-7.5324e-22
-7.55038e-22
-7.56719e-22
-7.58265e-22
-7.59606e-22
-7.60616e-22
-7.61092e-22
-7.60802e-22
-7.59452e-22
-7.567e-22
-7.52182e-22
-7.45735e-22
-7.37257e-22
-7.26996e-22
-7.15577e-22
-7.04044e-22
-6.93794e-22
-6.8619e-22
-6.8247e-22
-6.83461e-22
-6.89373e-22
-6.9987e-22
-7.13843e-22
-7.2966e-22
-7.45345e-22
-7.59041e-22
-7.69172e-22
-7.7459e-22
-7.7447e-22
-7.6834e-22
-7.55883e-22
-7.37367e-22
-7.13511e-22
-6.86108e-22
-6.57916e-22
-6.32615e-22
-6.13975e-22
-6.04806e-22
-6.0592e-22
-6.15879e-22
-6.3165e-22
-6.49799e-22
-6.67446e-22
-6.82862e-22
-6.95337e-22
-7.05001e-22
-7.12408e-22
-7.18264e-22
-7.23188e-22
-7.27631e-22
-7.31849e-22
-7.35851e-22
-7.39567e-22
-7.42815e-22
-7.45417e-22
-7.47296e-22
-7.48322e-22
-7.48499e-22
-7.47878e-22
-7.46567e-22
-7.4466e-22
-7.42367e-22
-7.3981e-22
-7.37167e-22
-7.34659e-22
-7.32458e-22
-7.30719e-22
-7.29633e-22
-7.29271e-22
-7.29727e-22
-7.30987e-22
-7.33001e-22
-7.35665e-22
-7.38853e-22
-7.42418e-22
-7.46198e-22
-7.50018e-22
-7.53721e-22
-7.57186e-22
-7.60258e-22
-7.62753e-22
-7.64501e-22
-7.65328e-22
-7.65003e-22
-7.63256e-22
-7.59815e-22
-7.54292e-22
-7.46313e-22
-7.35495e-22
-7.21371e-22
-7.03613e-22
-6.82106e-22
-6.57437e-22
-6.31567e-22
-6.08386e-22
-5.93128e-22
-5.90464e-22
-6.01576e-22
-6.23198e-22
-6.49461e-22
-6.74918e-22
-6.96187e-22
-7.12014e-22
-7.22402e-22
-7.27908e-22
-7.29082e-22
-7.2641e-22
-7.20217e-22
-7.10807e-22
-6.98728e-22
-6.84818e-22
-6.70394e-22
-6.5725e-22
-6.47199e-22
-6.41904e-22
-6.42217e-22
-6.47924e-22
-6.57939e-22
-6.70748e-22
-6.84743e-22
-6.98644e-22
-7.11501e-22
-7.22724e-22
-7.32081e-22
-7.39453e-22
-7.44848e-22
-7.48245e-22
-7.49724e-22
-7.49239e-22
-7.46704e-22
-7.4202e-22
-7.35085e-22
-7.258e-22
-7.14149e-22
-7.00156e-22
-6.84089e-22
-6.66154e-22
-6.46747e-22
-6.26598e-22
-6.07107e-22
-5.90655e-22
-5.80319e-22
-5.78752e-22
-5.86558e-22
-6.01872e-22
-6.20977e-22
-6.40131e-22
-6.56714e-22
-6.69473e-22
-6.78145e-22
-6.83082e-22
-6.84917e-22
-6.84361e-22
-6.8214e-22
-6.78947e-22
-6.7555e-22
-6.72559e-22
-6.70438e-22
-6.69394e-22
-6.69376e-22
-6.70016e-22
-6.70717e-22
-6.70839e-22
-6.69719e-22
-6.6681e-22
-6.61741e-22
-6.54414e-22
-6.45081e-22
-6.34526e-22
-6.24001e-22
-6.15103e-22
-6.0941e-22
-6.07972e-22
-6.10892e-22
-6.17299e-22
-6.25662e-22
-6.34424e-22
-6.42249e-22
-6.48336e-22
-6.52308e-22
-6.54132e-22
-6.54114e-22
-6.5266e-22
-6.50229e-22
-6.47312e-22
-6.44336e-22
-6.41455e-22
-6.38714e-22
-6.3607e-22
-6.33432e-22
-6.30852e-22
-6.28529e-22
-6.26853e-22
-6.26246e-22
-6.27001e-22
-6.29163e-22
-6.32455e-22
-6.36353e-22
-6.40269e-22
-6.43659e-22
-6.46076e-22
-6.47254e-22
-6.47049e-22
-6.45416e-22
-6.42344e-22
-6.37941e-22
-6.32363e-22
-6.25825e-22
-6.1871e-22
-6.11515e-22
-6.04845e-22
-5.99294e-22
-5.95312e-22
-5.93024e-22
-5.92193e-22
-5.92142e-22
-5.91871e-22
-5.90307e-22
-5.86486e-22
-5.79997e-22
-5.71395e-22
-5.6233e-22
-5.55437e-22
-5.53426e-22
-5.58008e-22
-5.68886e-22
-5.84038e-22
-6.00766e-22
-6.16634e-22
-6.30096e-22
-6.40516e-22
-6.47869e-22
-6.52369e-22
-6.5427e-22
-6.53848e-22
-6.5131e-22
-6.46785e-22
-6.40428e-22
-6.32403e-22
-6.2298e-22
-6.12608e-22
-6.01862e-22
-5.91492e-22
-5.82297e-22
-5.75025e-22
-5.702e-22
-5.68043e-22
-5.6844e-22
-5.70902e-22
-5.74746e-22
-5.79226e-22
-5.83647e-22
-5.8739e-22
-5.90198e-22
-5.92071e-22
-5.93359e-22
-5.94569e-22
-5.96189e-22
-5.98518e-22
-6.01454e-22
-6.04519e-22
-6.07171e-22
-6.08973e-22
-6.09977e-22
-6.10724e-22
-6.12104e-22
-6.15112e-22
-6.2044e-22
-6.28141e-22
-6.37596e-22
-6.47653e-22
-6.57166e-22
-6.65174e-22
-6.71098e-22
-6.74844e-22
-6.76612e-22
-6.76955e-22
-6.76426e-22
-6.75716e-22
-6.75405e-22
-6.75818e-22
-6.77105e-22
-6.79208e-22
-6.8183e-22
-6.84682e-22
-6.87501e-22
-6.89976e-22
-6.92004e-22
-6.93494e-22
-6.94465e-22
-6.95009e-22
-6.95343e-22
-6.9576e-22
-6.9659e-22
-6.97933e-22
-6.99588e-22
-7.00934e-22
-7.00922e-22
-6.98295e-22
-6.9199e-22
-6.81635e-22
-6.68033e-22
-6.53503e-22
-6.41532e-22
-6.3577e-22
-6.38747e-22
-6.50637e-22
-6.69358e-22
-6.91473e-22
-7.13377e-22
-7.3228e-22
-7.46236e-22
-7.53965e-22
-7.54583e-22
-7.47783e-22
-7.33988e-22
-7.14883e-22
-6.93793e-22
-6.75552e-22
-6.65291e-22
-6.66252e-22
-6.78118e-22
-6.97321e-22
-7.18693e-22
-7.37792e-22
-7.5172e-22
-7.59317e-22
-7.60661e-22
-7.5685e-22
-7.49633e-22
-7.41158e-22
-7.33797e-22
-7.29405e-22
-7.29084e-22
-7.3286e-22
-7.39874e-22
-7.48795e-22
-7.58195e-22
-7.66951e-22
-7.74224e-22
-7.7948e-22
-7.82393e-22
-7.82821e-22
-7.80724e-22
-7.76223e-22
-7.69468e-22
-7.60712e-22
-7.50172e-22
-7.37982e-22
-7.2405e-22
-7.08053e-22
-6.89646e-22
-6.69033e-22
-6.47564e-22
-6.28297e-22
-6.15353e-22
-6.12227e-22
-6.19888e-22
-6.36247e-22
-6.57311e-22
-6.7916e-22
-6.98806e-22
-7.14331e-22
-7.24468e-22
-7.28238e-22
-7.24888e-22
-7.13913e-22
-6.95666e-22
-6.72299e-22
-6.48562e-22
-6.31711e-22
-6.28752e-22
-6.42355e-22
-6.68911e-22
-7.00891e-22
-7.3114e-22
-7.55205e-22
-7.71409e-22
-7.7982e-22
-7.81427e-22
-7.77766e-22
-7.70927e-22
-7.63487e-22
-7.58134e-22
-7.56982e-22
-7.60689e-22
-7.6816e-22
-7.77025e-22
-7.84407e-22
-7.8765e-22
-7.84663e-22
-7.7408e-22
-7.55423e-22
-7.29593e-22
-6.99665e-22
-6.70876e-22
-6.49545e-22
-6.39998e-22
-6.42459e-22
-6.53396e-22
-6.68128e-22
-6.83199e-22
-6.97164e-22
-7.09962e-22
-7.22205e-22
-7.34476e-22
-7.47024e-22
-7.59633e-22
-7.7181e-22
-7.82828e-22
-7.92076e-22
-7.99079e-22
-8.03582e-22
-8.0547e-22
-8.04728e-22
-8.01473e-22
-7.96074e-22
-7.89119e-22
-7.81465e-22
-7.73998e-22
-7.67462e-22
-7.62082e-22
-7.57453e-22
-7.52792e-22
-7.47205e-22
-7.40124e-22
-7.31445e-22
-7.21659e-22
-7.11552e-22
-7.02189e-22
-6.94786e-22
-6.90415e-22
-6.90012e-22
-6.94067e-22
-7.02365e-22
-7.13921e-22
-7.27164e-22
-7.40288e-22
-7.51593e-22
-7.59866e-22
-7.64415e-22
-7.6516e-22
-7.62483e-22
-7.57222e-22
-7.50225e-22
-7.42297e-22
-7.34043e-22
-7.25745e-22
-7.1764e-22
-7.10219e-22
-7.04571e-22
-7.02144e-22
-7.04203e-22
-7.10952e-22
-7.213e-22
-7.33232e-22
-7.44476e-22
-7.53368e-22
-7.58951e-22
-7.60983e-22
-7.59742e-22
-7.55773e-22
-7.49765e-22
-7.4236e-22
-7.34144e-22
-7.2556e-22
-7.16906e-22
-7.08277e-22
-6.99655e-22
-6.91008e-22
-6.82408e-22
-6.74132e-22
-6.66709e-22
-6.60861e-22
-6.57352e-22
-6.5671e-22
-6.59012e-22
-6.63825e-22
-6.70365e-22
-6.77686e-22
-6.84997e-22
-6.91839e-22
-6.98087e-22
-7.03809e-22
-7.09248e-22
-7.14572e-22
-7.19863e-22
-7.25164e-22
-7.30325e-22
-7.35242e-22
-7.39739e-22
-7.4371e-22
-7.47029e-22
-7.49587e-22
-7.51205e-22
-7.51893e-22
-7.51522e-22
-7.50089e-22
-7.4761e-22
-7.44196e-22
-7.40047e-22
-7.35432e-22
-7.30691e-22
-7.26205e-22
-7.2231e-22
-7.19153e-22
-7.16797e-22
-7.15078e-22
-7.13784e-22
-7.12668e-22
-7.11601e-22
-7.10534e-22
-7.09604e-22
-7.09e-22
-7.08865e-22
-7.09293e-22
-7.102e-22
-7.11482e-22
-7.12921e-22
-7.14303e-22
-7.15548e-22
-7.16617e-22
-7.17676e-22
-7.18816e-22
-7.20303e-22
-7.22352e-22
-7.25138e-22
-7.2875e-22
-7.33199e-22
-7.38401e-22
-7.44215e-22
-7.50398e-22
-7.5668e-22
-7.62802e-22
-7.68516e-22
-7.73635e-22
-7.77981e-22
-7.81449e-22
-7.83937e-22
-7.85343e-22
-7.85736e-22
-7.8505e-22
-7.83357e-22
-7.80637e-22
-7.76982e-22
-7.72485e-22
-7.67235e-22
-7.614e-22
-7.5522e-22
-7.48967e-22
-7.42989e-22
-7.37718e-22
-7.33612e-22
-7.31105e-22
-7.30622e-22
-7.32356e-22
-7.36324e-22
-7.42315e-22
-7.49862e-22
-7.58383e-22
-7.67216e-22
-7.75665e-22
-7.83155e-22
-7.89154e-22
-7.93375e-22
-7.95559e-22
-7.95685e-22
-7.93934e-22
-7.90714e-22
-7.86742e-22
-7.8301e-22
-7.80551e-22
-7.80389e-22
-7.83155e-22
-7.88895e-22
-7.97081e-22
-8.06826e-22
-8.1715e-22
-8.27106e-22
-8.35955e-22
-8.43283e-22
-8.48837e-22
-8.52473e-22
-8.54156e-22
-8.53899e-22
-8.51803e-22
-8.48001e-22
-8.42652e-22
-8.35989e-22
-8.28281e-22
-8.19872e-22
-8.11122e-22
-8.02607e-22
-7.94899e-22
-7.88758e-22
-7.84725e-22
-7.8298e-22
-7.83298e-22
-7.84965e-22
-7.8715e-22
-7.89159e-22
-7.90594e-22
-7.9156e-22
-7.92387e-22
-7.93595e-22
-7.9568e-22
-7.98913e-22
-8.03325e-22
-8.08636e-22
-8.14357e-22
-8.2e-22
-8.25124e-22
-8.29483e-22
-8.33011e-22
-8.35836e-22
-8.38181e-22
-8.40196e-22
-8.41935e-22
-8.43411e-22
-8.44506e-22
-8.45059e-22
-8.45008e-22
-8.44336e-22
-8.43253e-22
-8.42074e-22
-8.41222e-22
-8.41116e-22
-8.42032e-22
-8.44023e-22
-8.46893e-22
-8.50186e-22
-8.53379e-22
-8.55927e-22
-8.57455e-22
-8.57706e-22
-8.5665e-22
-8.54414e-22
-8.51191e-22
-8.47332e-22
-8.43151e-22
-8.39012e-22
-8.3519e-22
-8.31975e-22
-8.29517e-22
-8.27939e-22
-8.27295e-22
-8.27519e-22
-8.28641e-22
-8.30555e-22
-8.33213e-22
-8.36549e-22
-8.40581e-22
-8.45282e-22
-8.50568e-22
-8.56338e-22
-8.62427e-22
-8.68544e-22
-8.74343e-22
-8.79387e-22
-8.83237e-22
-8.8544e-22
-8.85578e-22
-8.833e-22
-8.78438e-22
-8.70984e-22
-8.61301e-22
-8.5018e-22
-8.38768e-22
-8.2863e-22
-8.21189e-22
-8.17618e-22
-8.18275e-22
-8.22831e-22
-8.30341e-22
-8.39706e-22
-8.49855e-22
-8.60009e-22
-8.69603e-22
-8.78238e-22
-8.85713e-22
-8.91759e-22
-8.96283e-22
-8.9911e-22
-9.00069e-22
-8.98986e-22
-8.9562e-22
-8.8994e-22
-8.8194e-22
-8.71796e-22
-8.59944e-22
-8.47028e-22
-8.33868e-22
-8.21278e-22
-8.09947e-22
-8.00222e-22
-7.9215e-22
-7.85621e-22
-7.80694e-22
-7.77795e-22
-7.77881e-22
-7.82122e-22
-7.91231e-22
-8.04858e-22
-8.21458e-22
-8.38746e-22
-8.54475e-22
-8.66936e-22
-8.75291e-22
-8.79378e-22
-8.79609e-22
-8.7692e-22
-8.72436e-22
-8.67496e-22
-8.6326e-22
-8.60769e-22
-8.60522e-22
-8.6244e-22
-8.66011e-22
-8.70375e-22
-8.74638e-22
-8.7801e-22
-8.7992e-22
-8.79975e-22
-8.78014e-22
-8.73936e-22
-8.67813e-22
-8.59771e-22
-8.50017e-22
-8.38912e-22
-8.26953e-22
-8.14795e-22
-8.03363e-22
-7.93613e-22
-7.86477e-22
-7.82633e-22
-7.82354e-22
-7.85382e-22
-7.9107e-22
-7.98451e-22
-8.06555e-22
-8.14456e-22
-8.21407e-22
-8.26829e-22
-8.30384e-22
-8.31986e-22
-8.31747e-22
-8.29919e-22
-8.26935e-22
-8.23272e-22
-8.19462e-22
-8.1589e-22
-8.12775e-22
-8.10189e-22
-8.08081e-22
-8.06346e-22
-8.04797e-22
-8.03375e-22
-8.01981e-22
-8.00532e-22
-7.98792e-22
-7.96396e-22
-7.92948e-22
-7.87927e-22
-7.80896e-22
-7.71422e-22
-7.59377e-22
-7.44984e-22
-7.28907e-22
-7.12308e-22
-6.96757e-22
-6.83971e-22
-6.75514e-22
-6.72339e-22
-6.74575e-22
-6.81497e-22
-6.91745e-22
-7.03726e-22
-7.15751e-22
-7.2653e-22
-7.35157e-22
-7.41253e-22
-7.44827e-22
-7.46341e-22
-7.46577e-22
-7.46408e-22
-7.46653e-22
-7.4787e-22
-7.50265e-22
-7.53635e-22
-7.57621e-22
-7.61726e-22
-7.65545e-22
-7.68765e-22
-7.71227e-22
-7.72907e-22
-7.73896e-22
-7.74335e-22
-7.74346e-22
-7.74115e-22
-7.73707e-22
-7.73267e-22
-7.72866e-22
-7.72537e-22
-7.72286e-22
-7.72062e-22
-7.71838e-22
-7.71485e-22
-7.70926e-22
-7.70027e-22
-7.68594e-22
-7.6647e-22
-7.6348e-22
-7.5947e-22
-7.54287e-22
-7.47831e-22
-7.40087e-22
-7.31213e-22
-7.21655e-22
-7.12073e-22
-7.03452e-22
-6.96746e-22
-6.92821e-22
-6.92082e-22
-6.943e-22
-6.98744e-22
-7.04491e-22
-7.10629e-22
-7.16562e-22
-7.22027e-22
-7.26942e-22
-7.31409e-22
-7.35593e-22
-7.39413e-22
-7.42833e-22
-7.45749e-22
-7.47984e-22
-7.49421e-22
