2.52794e+06
2.52795e+06
2.52797e+06
2.528e+06
2.52804e+06
2.52809e+06
2.52814e+06
2.52821e+06
2.52829e+06
2.52837e+06
2.52846e+06
2.52857e+06
2.52868e+06
2.5288e+06
2.52894e+06
2.52908e+06
2.52923e+06
2.5294e+06
2.52957e+06
2.52976e+06
2.52996e+06
2.53017e+06
2.53039e+06
2.53063e+06
2.53087e+06
2.53113e+06
2.53141e+06
2.5317e+06
2.532e+06
2.53232e+06
2.53265e+06
2.533e+06
2.53336e+06
2.53374e+06
2.53413e+06
2.53455e+06
2.53498e+06
2.53543e+06
2.5359e+06
2.53638e+06
2.53689e+06
2.53742e+06
2.53798e+06
2.53855e+06
2.53915e+06
2.53977e+06
2.54042e+06
2.5411e+06
2.5418e+06
2.54253e+06
2.53413e+06
2.53492e+06
2.53574e+06
2.5366e+06
2.53749e+06
2.53841e+06
2.53938e+06
2.54038e+06
2.54143e+06
2.54251e+06
2.54365e+06
2.54482e+06
2.54605e+06
2.54733e+06
2.54866e+06
2.55004e+06
2.55148e+06
2.55298e+06
2.55454e+06
2.55616e+06
2.55785e+06
2.55961e+06
2.56144e+06
2.56335e+06
2.56533e+06
2.5674e+06
2.56955e+06
2.57179e+06
2.57412e+06
2.57654e+06
2.57907e+06
2.58169e+06
2.58442e+06
2.58726e+06
2.59021e+06
2.59328e+06
2.59647e+06
2.59978e+06
2.60322e+06
2.6068e+06
2.6105e+06
2.61434e+06
2.61832e+06
2.62243e+06
2.62668e+06
2.63107e+06
2.63557e+06
2.6402e+06
2.64493e+06
2.64974e+06
2.55477e+06
2.5596e+06
2.56442e+06
2.56919e+06
2.57388e+06
2.57843e+06
2.58278e+06
2.58687e+06
2.59067e+06
2.59413e+06
2.59722e+06
2.59994e+06
2.60226e+06
2.60418e+06
2.60563e+06
2.60653e+06
2.60671e+06
2.60595e+06
2.60403e+06
2.6008e+06
2.59625e+06
2.59064e+06
2.5846e+06
2.57909e+06
2.57531e+06
2.57439e+06
2.57702e+06
2.58327e+06
2.5925e+06
2.60359e+06
2.61525e+06
2.62623e+06
2.63566e+06
2.64314e+06
2.64876e+06
2.65293e+06
2.65614e+06
2.65859e+06
2.66013e+06
2.66032e+06
2.65879e+06
2.65547e+06
2.65076e+06
2.64542e+06
2.64039e+06
2.63651e+06
2.63432e+06
2.63407e+06
2.63576e+06
2.63931e+06
2.48233e+06
2.48915e+06
2.49726e+06
2.50625e+06
2.5157e+06
2.52524e+06
2.53455e+06
2.54335e+06
2.55137e+06
2.55833e+06
2.56401e+06
2.56827e+06
2.57102e+06
2.57227e+06
2.57206e+06
2.57051e+06
2.56781e+06
2.56416e+06
2.55981e+06
2.55502e+06
2.55008e+06
2.54522e+06
2.5407e+06
2.53676e+06
2.53373e+06
2.53199e+06
2.53193e+06
2.53379e+06
2.53754e+06
2.5428e+06
2.54894e+06
2.5552e+06
2.56092e+06
2.56562e+06
2.56903e+06
2.57109e+06
2.57187e+06
2.57154e+06
2.57031e+06
2.56844e+06
2.56623e+06
2.56396e+06
2.56193e+06
2.56042e+06
2.55965e+06
2.55978e+06
2.56087e+06
2.56286e+06
2.56562e+06
2.56896e+06
2.57264e+06
2.57641e+06
2.58008e+06
2.58347e+06
2.58645e+06
2.58895e+06
2.59093e+06
2.59237e+06
2.59331e+06
2.59375e+06
2.59374e+06
2.59326e+06
2.59233e+06
2.59087e+06
2.58883e+06
2.58613e+06
2.58269e+06
2.57852e+06
2.57375e+06
2.56867e+06
2.56372e+06
2.55951e+06
2.55665e+06
2.55563e+06
2.55666e+06
2.55962e+06
2.56407e+06
2.56933e+06
2.57466e+06
2.57935e+06
2.5828e+06
2.58465e+06
2.58478e+06
2.58344e+06
2.58127e+06
2.57921e+06
2.57831e+06
2.57936e+06
2.58254e+06
2.58738e+06
2.59295e+06
2.5982e+06
2.60225e+06
2.60459e+06
2.60501e+06
2.60364e+06
2.60088e+06
2.59738e+06
2.594e+06
2.59164e+06
2.59102e+06
2.59243e+06
2.59558e+06
2.59972e+06
2.60389e+06
2.60719e+06
2.60901e+06
2.60914e+06
2.60777e+06
2.60546e+06
2.60306e+06
2.60142e+06
2.60117e+06
2.60249e+06
2.60505e+06
2.60823e+06
2.61136e+06
2.61395e+06
2.61582e+06
2.61702e+06
2.61776e+06
2.61832e+06
2.6189e+06
2.61965e+06
2.62063e+06
2.62183e+06
2.62325e+06
2.62486e+06
2.62664e+06
2.62856e+06
2.63055e+06
2.63249e+06
2.6342e+06
2.63549e+06
2.63614e+06
2.63597e+06
2.63482e+06
2.63261e+06
2.62936e+06
2.6252e+06
2.62038e+06
2.61528e+06
2.61042e+06
2.60637e+06
2.60368e+06
2.60282e+06
2.60401e+06
2.6072e+06
2.61208e+06
2.61811e+06
2.62471e+06
2.63135e+06
2.63763e+06
2.64329e+06
2.64824e+06
2.65246e+06
2.65602e+06
2.65902e+06
2.66156e+06
2.66375e+06
2.66569e+06
2.66744e+06
2.66905e+06
2.67055e+06
2.67192e+06
2.67314e+06
2.67415e+06
2.67487e+06
2.67518e+06
2.67494e+06
2.67398e+06
2.67213e+06
2.6692e+06
2.66509e+06
2.65983e+06
2.65362e+06
2.64691e+06
2.64039e+06
2.63484e+06
2.631e+06
2.6294e+06
2.63033e+06
2.63388e+06
2.63987e+06
2.64791e+06
2.65729e+06
2.6671e+06
2.67641e+06
2.68437e+06
2.6904e+06
2.69406e+06
2.69509e+06
2.69327e+06
2.68839e+06
2.68029e+06
2.66891e+06
2.65446e+06
2.63766e+06
2.61987e+06
2.60315e+06
2.58988e+06
2.58206e+06
2.58056e+06
2.58486e+06
2.5933e+06
2.60382e+06
2.61463e+06
2.62454e+06
2.63304e+06
2.64006e+06
2.64585e+06
2.65071e+06
2.65493e+06
2.65869e+06
2.66205e+06
2.66502e+06
2.66753e+06
2.66954e+06
2.671e+06
2.67191e+06
2.67228e+06
2.67217e+06
2.67164e+06
2.67076e+06
2.66961e+06
2.66828e+06
2.66683e+06
2.66535e+06
2.66392e+06
2.66261e+06
2.66151e+06
2.66068e+06
2.6602e+06
2.6601e+06
2.66042e+06
2.66117e+06
2.66231e+06
2.66381e+06
2.6656e+06
2.66758e+06
2.66966e+06
2.67174e+06
2.67372e+06
2.67547e+06
2.67689e+06
2.67786e+06
2.67826e+06
2.67798e+06
2.67689e+06
2.6749e+06
2.67192e+06
2.66791e+06
2.66281e+06
2.65658e+06
2.64913e+06
2.64029e+06
2.62996e+06
2.61832e+06
2.60632e+06
2.59598e+06
2.59009e+06
2.59086e+06
2.5985e+06
2.61084e+06
2.62456e+06
2.63672e+06
2.64556e+06
2.65044e+06
2.65144e+06
2.649e+06
2.64379e+06
2.63667e+06
2.62869e+06
2.62106e+06
2.61495e+06
2.61125e+06
2.61041e+06
2.61233e+06
2.6165e+06
2.62224e+06
2.6289e+06
2.6359e+06
2.64281e+06
2.64934e+06
2.65525e+06
2.66043e+06
2.66479e+06
2.6683e+06
2.67094e+06
2.6727e+06
2.67356e+06
2.67348e+06
2.67237e+06
2.67014e+06
2.66666e+06
2.6618e+06
2.65548e+06
2.64767e+06
2.63844e+06
2.62798e+06
2.61657e+06
2.6046e+06
2.59265e+06
2.58165e+06
2.57299e+06
2.56829e+06
2.56877e+06
2.57449e+06
2.58417e+06
2.5958e+06
2.60744e+06
2.61781e+06
2.62635e+06
2.63296e+06
2.63785e+06
2.64127e+06
2.64349e+06
2.64474e+06
2.64516e+06
2.64489e+06
2.644e+06
2.64254e+06
2.64058e+06
2.63813e+06
2.63525e+06
2.63199e+06
2.62838e+06
2.62448e+06
2.62028e+06
2.61575e+06
2.61084e+06
2.6055e+06
2.59976e+06
2.59383e+06
2.58815e+06
2.58335e+06
2.58009e+06
2.57882e+06
2.5796e+06
2.58204e+06
2.5855e+06
2.58934e+06
2.59314e+06
2.59674e+06
2.60022e+06
2.60369e+06
2.60725e+06
2.61083e+06
2.61424e+06
2.61718e+06
2.61937e+06
2.62056e+06
2.62062e+06
2.61954e+06
2.61747e+06
2.61466e+06
2.61147e+06
2.60829e+06
2.60542e+06
2.60303e+06
2.60106e+06
2.59931e+06
2.59749e+06
2.59538e+06
2.59292e+06
2.5903e+06
2.58788e+06
2.58613e+06
2.58544e+06
2.58598e+06
2.58765e+06
2.59012e+06
2.59299e+06
2.59585e+06
2.59841e+06
2.6005e+06
2.60204e+06
2.60302e+06
2.60344e+06
2.6033e+06
2.60257e+06
2.6012e+06
2.59909e+06
2.59614e+06
2.59229e+06
2.58758e+06
2.58226e+06
2.57685e+06
2.57216e+06
2.56907e+06
2.5683e+06
2.57006e+06
2.57398e+06
2.57921e+06
2.58478e+06
2.58981e+06
2.59369e+06
2.59608e+06
2.59679e+06
2.59579e+06
2.59312e+06
2.58892e+06
2.58339e+06
2.5769e+06
2.56991e+06
2.56304e+06
2.55692e+06
2.55213e+06
2.54909e+06
2.54794e+06
2.54855e+06
2.55059e+06
2.55367e+06
2.55748e+06
2.56183e+06
2.56668e+06
2.57206e+06
2.57798e+06
2.58432e+06
2.59085e+06
2.59725e+06
2.60318e+06
2.60837e+06
2.61261e+06
2.61576e+06
2.61776e+06
2.61857e+06
2.61823e+06
2.61678e+06
2.61441e+06
2.61141e+06
2.60826e+06
2.60561e+06
2.60415e+06
2.60448e+06
2.60688e+06
2.61123e+06
2.61704e+06
2.62364e+06
2.63032e+06
2.63655e+06
2.64194e+06
2.64632e+06
2.64964e+06
2.65193e+06
2.65332e+06
2.65394e+06
2.65401e+06
2.65374e+06
2.65333e+06
2.65298e+06
2.6528e+06
2.65281e+06
2.65294e+06
2.65307e+06
2.653e+06
2.65251e+06
2.6513e+06
2.64905e+06
2.64534e+06
2.63984e+06
2.63256e+06
2.62434e+06
2.61719e+06
2.61398e+06
2.6171e+06
2.6267e+06
2.64014e+06
2.65328e+06
2.66233e+06
2.66495e+06
2.66037e+06
2.64924e+06
2.63363e+06
2.6171e+06
2.60432e+06
2.59966e+06
2.60515e+06
2.61951e+06
2.63912e+06
2.66004e+06
2.67945e+06
2.69594e+06
2.70912e+06
2.71916e+06
2.72645e+06
2.73141e+06
2.73447e+06
2.73598e+06
2.73625e+06
2.73556e+06
2.73414e+06
2.73224e+06
2.73005e+06
2.72781e+06
2.7257e+06
2.7239e+06
2.72253e+06
2.72168e+06
2.72135e+06
2.72149e+06
2.72203e+06
2.72283e+06
2.72374e+06
2.72463e+06
2.7253e+06
2.72553e+06
2.72504e+06
2.72342e+06
2.72015e+06
2.71461e+06
2.70618e+06
2.69453e+06
2.68017e+06
2.665e+06
2.65243e+06
2.64623e+06
2.64849e+06
2.65814e+06
2.6718e+06
2.68591e+06
2.69817e+06
2.70775e+06
2.71468e+06
2.71929e+06
2.72178e+06
2.7221e+06
2.71992e+06
2.7148e+06
2.70632e+06
2.69451e+06
2.68029e+06
2.66594e+06
2.65496e+06
2.65093e+06
2.65566e+06
2.66808e+06
2.68495e+06
2.70268e+06
2.71859e+06
2.73114e+06
2.73961e+06
2.74362e+06
2.74276e+06
2.73656e+06
2.72472e+06
2.70771e+06
2.68788e+06
2.66995e+06
2.65965e+06
2.66027e+06
2.67006e+06
2.68362e+06
2.69564e+06
2.70313e+06
2.70551e+06
2.7036e+06
2.69888e+06
2.69298e+06
2.68749e+06
2.6837e+06
2.68248e+06
2.68416e+06
2.68853e+06
2.69504e+06
2.70289e+06
2.7113e+06
2.7196e+06
2.72728e+06
2.73402e+06
2.73963e+06
2.74406e+06
2.74732e+06
2.74946e+06
2.75053e+06
2.75058e+06
2.74963e+06
2.74768e+06
2.74472e+06
2.74068e+06
2.73552e+06
2.72919e+06
2.72172e+06
2.71323e+06
2.70401e+06
2.69456e+06
2.68558e+06
2.67791e+06
2.6723e+06
2.66927e+06
2.66897e+06
2.67112e+06
2.6752e+06
2.68054e+06
2.68653e+06
2.69262e+06
2.69842e+06
2.70368e+06
2.70826e+06
2.71208e+06
2.71516e+06
2.71753e+06
2.71921e+06
2.72026e+06
2.7207e+06
2.72054e+06
2.71975e+06
2.7183e+06
2.71612e+06
2.71314e+06
2.70924e+06
2.70432e+06
2.69827e+06
2.69098e+06
2.68242e+06
2.67263e+06
2.66186e+06
2.65064e+06
2.63987e+06
2.63077e+06
2.62468e+06
2.62254e+06
2.6245e+06
2.62977e+06
2.63694e+06
2.64453e+06
2.6514e+06
2.65692e+06
2.6609e+06
2.66346e+06
2.66495e+06
2.66577e+06
2.66636e+06
2.66708e+06
2.66812e+06
2.66951e+06
2.67107e+06
2.67254e+06
2.6737e+06
2.67445e+06
2.6749e+06
2.67529e+06
2.67589e+06
2.67689e+06
2.67831e+06
2.68001e+06
2.6818e+06
2.68352e+06
2.68513e+06
2.68667e+06
2.68822e+06
2.68989e+06
2.69172e+06
2.69371e+06
2.69576e+06
2.69776e+06
2.69955e+06
2.70095e+06
2.70184e+06
2.70211e+06
2.70174e+06
2.70074e+06
2.69925e+06
2.69745e+06
2.69561e+06
2.69403e+06
2.69299e+06
2.69268e+06
2.69317e+06
2.69437e+06
2.6961e+06
2.6981e+06
2.70012e+06
2.70194e+06
2.70343e+06
2.70455e+06
2.70534e+06
2.70587e+06
2.70627e+06
2.70671e+06
2.70732e+06
2.70824e+06
2.70955e+06
2.71129e+06
2.71345e+06
2.71595e+06
2.71868e+06
2.7215e+06
2.72426e+06
2.72683e+06
2.72909e+06
2.73097e+06
2.73243e+06
2.73348e+06
2.73414e+06
2.7345e+06
2.73463e+06
2.73464e+06
2.73461e+06
2.73459e+06
2.73457e+06
2.73445e+06
2.73403e+06
2.73299e+06
2.73095e+06
2.72756e+06
2.72271e+06
2.71678e+06
2.71082e+06
2.7065e+06
2.70553e+06
2.70885e+06
2.71607e+06
2.72566e+06
2.73569e+06
2.74459e+06
2.75147e+06
2.75608e+06
2.7586e+06
2.75946e+06
2.75918e+06
2.7583e+06
2.75731e+06
2.75656e+06
2.75623e+06
2.7563e+06
2.75651e+06
2.75648e+06
2.75576e+06
2.75394e+06
2.75075e+06
2.74613e+06
2.74027e+06
2.73369e+06
2.7272e+06
2.72174e+06
2.71801e+06
2.71609e+06
2.7154e+06
2.71514e+06
2.71492e+06
2.71515e+06
2.71683e+06
2.72086e+06
2.72742e+06
2.73584e+06
2.74489e+06
2.75334e+06
2.76036e+06
2.76557e+06
2.76897e+06
2.77076e+06
2.77125e+06
2.77076e+06
2.76959e+06
2.76799e+06
2.76614e+06
2.76421e+06
2.76229e+06
2.76045e+06
2.75874e+06
2.75717e+06
2.75574e+06
2.75445e+06
2.75328e+06
2.7522e+06
2.75117e+06
2.75012e+06
2.74903e+06
2.74782e+06
2.74648e+06
2.74498e+06
2.74329e+06
2.74144e+06
2.73943e+06
2.73728e+06
2.73503e+06
2.73271e+06
2.73036e+06
2.728e+06
2.72568e+06
2.72342e+06
2.72124e+06
2.71915e+06
2.71716e+06
2.71528e+06
2.7135e+06
2.71182e+06
2.71025e+06
2.70879e+06
2.70746e+06
2.70627e+06
2.70526e+06
2.70446e+06
2.70388e+06
2.70357e+06
2.70352e+06
2.70373e+06
2.70416e+06
2.70472e+06
2.7053e+06
2.7057e+06
2.70568e+06
2.70488e+06
2.70288e+06
2.69915e+06
2.6931e+06
2.68416e+06
2.67195e+06
2.65659e+06
2.639e+06
2.62111e+06
2.60547e+06
2.59449e+06
2.58957e+06
2.59094e+06
2.598e+06
2.60977e+06
2.62493e+06
2.64178e+06
2.6586e+06
2.6739e+06
2.68672e+06
2.69664e+06
2.70361e+06
2.70787e+06
2.70972e+06
2.70951e+06
2.70758e+06
2.70425e+06
2.69985e+06
2.69475e+06
2.68935e+06
2.68411e+06
2.67953e+06
2.67604e+06
2.67395e+06
2.6734e+06
2.67433e+06
2.67651e+06
2.67962e+06
2.68333e+06
2.68737e+06
2.69152e+06
2.69561e+06
2.69956e+06
2.7033e+06
2.70676e+06
2.70994e+06
2.71281e+06
2.71538e+06
2.71766e+06
2.71968e+06
2.72146e+06
2.72304e+06
2.72444e+06
2.72567e+06
2.72671e+06
2.72754e+06
2.72811e+06
2.72836e+06
2.72821e+06
2.7276e+06
2.72651e+06
2.72496e+06
2.7231e+06
2.72116e+06
2.71945e+06
2.7183e+06
2.71796e+06
2.71848e+06
2.71968e+06
2.72122e+06
2.72264e+06
2.72352e+06
2.72355e+06
2.72258e+06
2.72063e+06
2.71783e+06
2.71443e+06
2.71072e+06
2.70697e+06
2.7034e+06
2.70014e+06
2.69722e+06
2.6946e+06
2.69225e+06
2.69016e+06
2.6884e+06
2.68716e+06
2.68666e+06
2.68714e+06
2.68876e+06
2.69162e+06
2.69572e+06
2.70103e+06
2.7074e+06
2.71458e+06
2.72215e+06
2.72953e+06
2.73608e+06
2.74117e+06
2.74424e+06
2.74491e+06
2.74307e+06
2.73897e+06
2.73344e+06
2.72787e+06
2.724e+06
2.72332e+06
2.72635e+06
2.73239e+06
2.73985e+06
2.74692e+06
2.75219e+06
2.75478e+06
2.75432e+06
2.75071e+06
2.74403e+06
2.73448e+06
2.72247e+06
2.7088e+06
2.69485e+06
2.68259e+06
2.67425e+06
2.67147e+06
2.67457e+06
2.68238e+06
2.69282e+06
2.70381e+06
2.71387e+06
2.7222e+06
2.72858e+06
2.73305e+06
2.73581e+06
2.73707e+06
2.73704e+06
2.73591e+06
2.73384e+06
2.731e+06
2.72753e+06
2.72359e+06
2.71934e+06
2.71498e+06
2.71075e+06
2.70693e+06
2.70383e+06
2.70176e+06
2.70092e+06
2.70143e+06
2.70323e+06
2.70612e+06
2.70974e+06
2.71368e+06
2.71747e+06
2.7207e+06
2.72299e+06
2.72409e+06
2.72386e+06
2.7223e+06
2.71959e+06
2.71609e+06
2.71229e+06
2.70878e+06
2.7061e+06
2.70458e+06
2.70432e+06
2.70511e+06
2.70657e+06
2.70827e+06
2.70983e+06
2.71097e+06
2.71152e+06
2.71141e+06
2.71061e+06
2.70913e+06
2.70698e+06
2.70418e+06
2.70073e+06
2.69665e+06
2.69198e+06
2.68684e+06
2.68137e+06
2.67585e+06
2.67061e+06
2.66608e+06
2.66268e+06
2.66081e+06
2.66069e+06
2.66238e+06
2.66568e+06
2.67024e+06
2.67557e+06
2.68116e+06
2.68653e+06
2.69129e+06
2.69514e+06
2.69786e+06
2.69933e+06
2.69954e+06
