0        26.0737
1        26.0737
2        26.0737
3        25.9208
4        22.1053
5        22.1053
6        21.0577
7        21.0577
8        21.0577
9        18.7313
10        18.7313
11        18.7313
12        18.7408
13          18.69
14          18.69
15          18.69
16        16.1623
17        16.1623
18        16.1623
19        15.7823
20        15.7823
21        15.7823
22        15.7823
23        14.7155
24        14.7155
25        14.7155
26        14.7155
27        14.7155
28        14.7155
29        14.2032
30        13.9371
31        13.8332
32        13.8332
33        13.7034
34        13.7034
35        12.8653
36        12.8653
37          11.82
38          11.82
39          11.82
40          11.82
41          11.82
42          11.82
43        11.5509
44        11.5509
45        11.5509
46        10.8369
47        10.8369
48        9.99996
49        9.32366
50        9.32366
51        9.32366
52        8.58917
53        8.58917
54        8.58917
55        8.58917
56        8.58917
57        8.58917
58        8.45175
59         7.6105
60         7.6105
61        7.83064
62         7.6105
63         7.6105
64         7.6105
65         7.6105
66         7.6105
67         7.6105
68         7.6105
69         7.6105
70        7.28186
71        7.28186
72        7.28186
73        7.28186
74        7.28186
75        7.05638
76        7.28186
77        7.05638
78        7.05638
79        6.89574
80        6.56877
81        6.63589
82        6.63589
83        6.56877
84        6.56877
85        6.56877
86        6.56877
87        6.56877
88        6.56877
89        6.56877
90        6.33119
91        6.33119
92        6.33119
93        6.33119
94        6.33119
95        6.33119
96        6.33119
97        6.33119
98        6.33119
99        6.21279
100        6.09086
101         6.0714
102         6.0714
103        5.82827
104        5.82827
105        5.82827
106        5.82827
107        5.76326
108        5.24565
109        5.24565
110        5.24565
111        5.24565
112        5.24565
113        5.24565
114        5.24565
115        5.24565
116        5.24565
117        5.24565
118         5.2374
119         5.2374
120         5.2374
121        5.14813
122        5.14813
123        5.14813
124        5.14813
125        5.13934
126        5.11425
127        5.13934
128        5.13934
129        5.11425
130        4.91863
131        4.91863
132        4.91863
133        4.91863
134        4.91863
135        4.91863
136        4.61771
137        4.61771
138        4.61771
139        4.61771
140        4.61771
141        4.61771
142        4.61771
143        4.61771
144        4.57447
145        4.57447
146        4.57447
147        4.48263
148        4.48263
149        4.48263
150        4.31224
151        4.31224
152        4.29069
153        4.29069
154        4.29069
155        4.29069
156        4.29069
157        4.29069
158        3.94653
159        3.75459
160        3.75459
161        3.75459
162        3.75459
163        3.75459
164        3.75459
165        3.75459
166        3.75459
167        3.75459
168        3.75459
169        3.75459
170        3.61951
171        3.61951
172        3.61951
173        3.61951
174        3.61951
175        3.61951
176        3.61951
177        3.61951
178        3.61951
179        3.61951
180        3.61951
181        3.61951
182        3.58585
183        3.58585
184        3.58585
185        3.58585
186        3.58585
187        3.58585
188        3.58585
189        3.58585
190        3.58585
191        3.58585
192        3.58585
193        3.58585
194        3.58585
195        3.58585
196        3.58585
197        3.58585
198        3.58585
199        3.58585
200        3.58585
201        3.58585
202        3.58585
203        3.58585
204        3.58585
205        3.58585
206        3.58585
207        3.58585
208        3.58585
209        3.58585
210        3.58585
211        3.58585
212        3.58585
213         3.5776
214         3.5776
215         3.5776
216         3.5776
217         3.5776
218         3.5776
219         3.5776
220         3.5776
221         3.5776
222         3.5776
223         3.5776
224         3.5776
225         3.5776
226         3.5776
227         3.5776
228         3.5776
229         3.5776
230         3.5776
231         3.5776
232         3.5776
233         3.5776
234         3.5776
235         3.5776
236         3.5776
237         3.5776
238         3.5776
239         3.5776
240         3.5776
241         3.5776
242         3.5776
243         3.5776
244         3.5776
245         3.5776
246         3.5776
247         3.5776
248         3.5776
249         3.5776
250         3.5776
251         3.5776
252         3.5776
253         3.5776
254         3.5776
255         3.5776
256         3.5776
257         3.5776
258         3.5776
259         3.5776
260         3.5776
261         3.5776
262         3.5776
263         3.5776
264         3.5776
265         3.5776
266         3.5776
267         3.5776
268         3.5776
269         3.5776
270         3.5776
271         3.5776
272         3.5776
273         3.5776
274         3.5776
275         3.5776
276         3.5776
277         3.5776
278         3.5776
279         3.5776
280         3.5776
281         3.5776
282         3.5776
283         3.5776
284         3.5776
285         3.5776
286         3.5776
287         3.5776
288         3.5776
289         3.5776
290         3.5776
291         3.5776
292         3.5776
293         3.5776
294         3.5776
295         3.5776
296         3.5776
297         3.5776
298         3.5776
299         3.5776
300         3.5776
301         3.5776
302         3.5776
303         3.5776
304         3.5776
305         3.5776
306         3.5776
307         3.5776
308         3.5776
309         3.5776
310         3.5776
311         3.5776
312         3.5776
313         3.5776
314         3.5776
315         3.5776
316         3.5776
317         3.5776
318         3.5776
319         3.5776
320         3.5776
321         3.5776
322         3.5776
323         3.5776
324         3.5776
325         3.5776
326         3.5776
327         3.5776
328         3.5776
329         3.5776
330         3.5776
331         3.5776
332         3.5776
333         3.5776
334         3.5776
335         3.5776
336         3.5776
337         3.5776
338         3.5776
339         3.5776
340         3.5776
341         3.5776
342         3.5776
343         3.5776
344         3.5776
345         3.5776
346         3.5776
347         3.5776
348         3.5776
349         3.5776
350         3.5776
351         3.5776
352         3.5776
353         3.5776
354         3.5776
355         3.5776
356         3.5776
357         3.5776
358         3.5776
359         3.5776
360         3.5776
361         3.5776
362         3.5776
363         3.5776
364         3.5776
365         3.5776
366         3.5776
367         3.5776
368         3.5776
369         3.5776
370         3.5776
371         3.5776
372         3.5776
373         3.5776
374         3.5776
375         3.5776
376         3.5776
377         3.5776
378         3.5776
379         3.5776
380         3.5776
381         3.5776
382         3.5776
383         3.5776
384         3.5776
385         3.5776
386         3.5776
387         3.5776
388         3.5776
389         3.5776
390         3.5776
391         3.5776
392         3.5776
393         3.5776
394         3.5776
395         3.5776
396         3.5776
397         3.5776
398         3.5776
399         3.5776
400         3.5776
401         3.5776
402         3.5776
403         3.5776
404         3.5776
405         3.5776
406         3.5776
407         3.5776
408         3.5776
409         3.5776
410         3.5776
411         3.5776
412         3.5776
413         3.5776
414         3.5776
415         3.5776
416         3.5776
417         3.5776
418         3.5776
419         3.5776
420         3.5776
421         3.5776
422         3.5776
423         3.5776
424         3.5776
425         3.5776
426         3.5776
427         3.5776
428         3.5776
429         3.5776
430         3.5776
431         3.5776
432         3.5776
433         3.5776
434         3.5776
435         3.5776
436         3.5776
437         3.5776
438         3.5776
439         3.5776
440         3.5776
441         3.5776
442         3.5776
443         3.5776
444         3.5776
445         3.5776
446         3.5776
447         3.5776
448         3.5776
449         3.5776
450         3.5776
451         3.5776
452         3.5776
453         3.5776
454         3.5776
455         3.5776
456         3.5776
457         3.5776
458         3.5776
459         3.5776
460         3.5776
461         3.5776
462         3.5776
463         3.5776
464         3.5776
465         3.5776
466         3.5776
467         3.5776
468         3.5776
469         3.5776
470         3.5776
471         3.5776
472         3.5776
473         3.5776
474         3.5776
475         3.5776
476         3.5776
477         3.5776
478         3.5776
479         3.5776
480         3.5776
481         3.5776
482         3.5776
483         3.5776
484         3.5776
485         3.5776
486         3.5776
487         3.5776
488         3.5776
489         3.5776
490         3.5776
491         3.5776
492         3.5776
493         3.5776
494         3.5776
495         3.5776
496         3.5776
497         3.5776
498         3.5776
499         3.5776
500         3.5776
501         3.5776
502         3.5776
503         3.5776
504         3.5776
505         3.5776
506         3.5776
507         3.5776
508         3.5776
509         3.5776
510         3.5776
511         3.5776
512         3.5776
513         3.5776
514         3.5776
515         3.5776
516         3.5776
517         3.5776
518         3.5776
519         3.5776
520         3.5776
521         3.5776
522         3.5776
523         3.5776
524         3.5776
525         3.5776
526         3.5776
527         3.5776
528         3.5776
529         3.5776
530         3.5776
531         3.5776
532         3.5776
533         3.5776
534         3.5776
535         3.5776
536         3.5776
537         3.5776
538         3.5776
539         3.5776
540         3.5776
541         3.5776
542         3.5776
543         3.5776
544         3.5776
545         3.5776
546         3.5776
547         3.5776
548         3.5776
549         3.5776
550         3.5776
551         3.5776
552         3.5776
553         3.5776
554         3.5776
555         3.5776
556         3.5776
557         3.5776
558         3.5776
559         3.5776
560         3.5776
561         3.5776
562         3.5776
563         3.5776
564         3.5776
565         3.5776
566         3.5776
567         3.5776
568         3.5776
569         3.5776
570         3.5776
571         3.5776
572         3.5776
573         3.5776
574         3.5776
575         3.5776
576         3.5776
577         3.5776
578         3.5776
579         3.5776
580         3.5776
581         3.5776
582         3.5776
583         3.5776
584         3.5776
585         3.5776
586         3.5776
587         3.5776
588         3.5776
589         3.5776
590         3.5776
591         3.5776
592         3.5776
593         3.5776
594         3.5776
595         3.5776
596         3.5776
597         3.5776
598         3.5776
599         3.5776
600         3.5776
601         3.5776
602         3.5776
603         3.5776
604         3.5776
605         3.5776
606         3.5776
607         3.5776
608         3.5776
609         3.5776
610         3.5776
611         3.5776
612         3.5776
613         3.5776
614         3.5776
615         3.5776
616         3.5776
617         3.5776
618         3.5776
619         3.5776
620         3.5776
621         3.5776
622         3.5776
623         3.5776
624         3.5776
625         3.5776
626         3.5776
627         3.5776
628         3.5776
629         3.5776
630         3.5776
631         3.5776
632         3.5776
633         3.5776
634         3.5776
635         3.5776
636         3.5776
637         3.5776
638         3.5776
639         3.5776
640         3.5776
641         3.5776
642         3.5776
643         3.5776
644         3.5776
645         3.5776
646         3.5776
647         3.5776
648         3.5776
649         3.5776
650         3.5776
651         3.5776
652         3.5776
653         3.5776
654         3.5776
655         3.5776
656         3.5776
657         3.5776
658         3.5776
659         3.5776
660         3.5776
661         3.5776
662         3.5776
663         3.5776
664         3.5776
665         3.5776
666         3.5776
667         3.5776
668         3.5776
669         3.5776
670         3.5776
671         3.5776
672         3.5776
673         3.5776
674         3.5776
675         3.5776
676         3.5776
677         3.5776
678         3.5776
679         3.5776
680         3.5776
681         3.5776
682         3.5776
683         3.5776
684         3.5776
685         3.5776
686         3.5776
687         3.5776
688         3.5776
689         3.5776
690         3.5776
691         3.5776
692         3.5776
693         3.5776
694         3.5776
695         3.5776
696         3.5776
697         3.5776
698         3.5776
699         3.5776
700         3.5776
701         3.5776
702         3.5776
703         3.5776
704         3.5776
705         3.5776
706         3.5776
707         3.5776
708         3.5776
709         3.5776
710         3.5776
711         3.5776
712         3.5776
713         3.5776
714         3.5776
715         3.5776
716         3.5776
717         3.5776
718         3.5776
719         3.5776
720         3.5776
721         3.5776
722         3.5776
723         3.5776
724         3.5776
725         3.5776
726         3.5776
727         3.5776
728         3.5776
729         3.5776
730         3.5776
731         3.5776
732         3.5776
733         3.5776
734         3.5776
735         3.5776
736         3.5776
737         3.5776
738         3.5776
739         3.5776
740         3.5776
741         3.5776
742         3.5776
743         3.5776
744         3.5776
745         3.5776
746         3.5776
747         3.5776
748         3.5776
749         3.5776
750         3.5776
751         3.5776
752         3.5776
753         3.5776
754         3.5776
755         3.5776
756         3.5776
757         3.5776
758         3.5776
759         3.5776
760         3.5776
761         3.5776
762         3.5776
763         3.5776
764         3.5776
765         3.5776
766         3.5776
767         3.5776
768         3.5776
769         3.5776
770         3.5776
771         3.5776
772         3.5776
773         3.5776
774         3.5776
775         3.5776
776         3.5776
777         3.5776
778         3.5776
779         3.5776
780         3.5776
781         3.5776
782         3.5776
783         3.5776
784         3.5776
785         3.5776
786         3.5776
787         3.5776
788         3.5776
789         3.5776
790         3.5776
791         3.5776
792         3.5776
793         3.5776
794         3.5776
795         3.5776
796         3.5776
797         3.5776
798         3.5776
799         3.5776
800         3.5776
801         3.5776
802         3.5776
803         3.5776
804         3.5776
805         3.5776
806         3.5776
807         3.5776
808         3.5776
809         3.5776
810         3.5776
811         3.5776
812         3.5776
813         3.5776
814         3.5776
815         3.5776
816         3.5776
817         3.5776
818         3.5776
819         3.5776
820         3.5776
821         3.5776
822         3.5776
823         3.5776
824         3.5776
825         3.5776
826         3.5776
827         3.5776
828         3.5776
829         3.5776
830         3.5776
831         3.5776
832         3.5776
833         3.5776
834         3.5776
835         3.5776
836         3.5776
837         3.5776
838         3.5776
839         3.5776
840         3.5776
841         3.5776
842         3.5776
843         3.5776
844         3.5776
845         3.5776
846         3.5776
847         3.5776
848         3.5776
849         3.5776
850         3.5776
851         3.5776
852         3.5776
853         3.5776
854         3.5776
855         3.5776
856         3.5776
857         3.5776
858         3.5776
859         3.5776
860         3.5776
861         3.5776
862         3.5776
863         3.5776
864         3.5776
865         3.5776
866         3.5776
867         3.5776
868         3.5776
869         3.5776
870         3.5776
871         3.5776
872         3.5776
873         3.5776
874         3.5776
875         3.5776
876         3.5776
877         3.5776
878         3.5776
879         3.5776
880         3.5776
881         3.5776
882         3.5776
883         3.5776
884         3.5776
885         3.5776
886         3.5776
887         3.5776
888         3.5776
889         3.5776
890         3.5776
891         3.5776
892         3.5776
893         3.5776
894         3.5776
895         3.5776
896         3.5776
897         3.5776
898         3.5776
899         3.5776
900         3.5776
901         3.5776
902         3.5776
903         3.5776
904         3.5776
905         3.5776
906         3.5776
907         3.5776
908         3.5776
909         3.5776
910         3.5776
911         3.5776
912         3.5776
913         3.5776
914         3.5776
915         3.5776
916         3.5776
917         3.5776
918         3.5776
919         3.5776
920         3.5776
921         3.5776
922         3.5776
923         3.5776
924         3.5776
925         3.5776
926         3.5776
927         3.5776
928         3.5776
929         3.5776
930         3.5776
931         3.5776
932         3.5776
933         3.5776
934         3.5776
935         3.5776
936         3.5776
937         3.5776
938         3.5776
939         3.5776
940         3.5776
941         3.5776
942         3.5776
943         3.5776
944         3.5776
945         3.5776
946         3.5776
947         3.5776
948         3.5776
949         3.5776
950         3.5776
951         3.5776
952         3.5776
953         3.5776
954         3.5776
955         3.5776
956         3.5776
957         3.5776
958         3.5776
959         3.5776
960         3.5776
961         3.5776
962         3.5776
963         3.5776
964         3.5776
965         3.5776
966         3.5776
967         3.5776
968         3.5776
969         3.5776
970         3.5776
971         3.5776
972         3.5776
973         3.5776
974         3.5776
975         3.5776
976         3.5776
977         3.5776
978         3.5776
979         3.5776
980         3.5776
981         3.5776
982         3.5776
983         3.5776
984         3.5776
985         3.5776
986         3.5776
987         3.5776
988         3.5776
989         3.5776
990         3.5776
991         3.5776
992         3.5776
993         3.5776
994         3.5776
995         3.5776
996         3.5776
997         3.5776
998         3.5776
999         3.5776
