0        38.5097
1        36.7982
2        35.4041
3        34.1793
4        32.6626
5        31.3159
6        30.3245
7        29.3724
8        28.4833
9        27.8244
10        26.8115
11        25.9923
12        25.2701
13        24.2859
14         23.577
15        22.7903
16        21.9947
17        21.2712
18        20.6575
19        20.1566
20        19.7705
21        19.2376
22        19.0267
23        18.6959
24        18.3632
25        17.9937
26         17.581
27        17.1844
28        16.7463
29        16.3063
30        16.0799
31        15.8273
32        15.6725
33        15.4439
34        15.2975
35        15.1107
36         14.994
37        14.8265
38        14.6936
39        14.4941
40        14.3758
41        14.2347
42        14.0937
43        13.9263
44        13.7684
45        13.5477
46        13.3622
47        13.1944
48        13.0643
49        12.9146
50        12.7108
51        12.5005
52        12.1028
53        11.8802
54        11.6297
55        11.3532
56         11.177
57        10.9543
58        10.7617
59        10.5323
60        10.2251
61        10.0303
62          9.936
63        9.67463
64        9.46882
65        9.30778
66        9.14051
67        8.92092
68         8.8165
69        8.69704
70        8.55406
71        8.46021
72        8.44636
73        8.43697
74        8.39909
75        8.36031
76        8.33021
77        8.28387
78        8.23796
79        8.16111
80        8.07182
81         8.0088
82        7.91088
83        7.81073
84        7.74368
85        7.62264
86        7.60868
87          7.535
88        7.51578
89        7.49402
90         7.4711
91        7.44956
92        7.39806
93         7.3699
94        7.34365
95        7.29901
96        7.24564
97         7.1733
98        7.11193
99        7.01211
100        6.89093
101        6.83935
102        6.76051
103        6.68275
104        6.62053
105        6.55713
106        6.49334
107        6.44576
108        6.40257
109         6.3652
110         6.3106
111        6.25521
112        6.22715
113        6.20633
114         6.1622
115        6.15843
116        6.08439
117         6.0547
118        5.98035
119        5.92812
120        5.89955
121        5.82046
122         5.7766
123        5.73299
124        5.69112
125        5.64035
126        5.62259
127        5.58882
128        5.51694
129        5.47204
130        5.40764
131        5.37675
132        5.33492
133        5.33837
134        5.30272
135        5.25495
136        5.23405
137        5.21848
138        5.21529
139        5.20605
140        5.19646
141        5.18711
142          5.172
143        5.14291
144        5.11902
145        5.08543
146        5.05993
147        5.01243
148        4.96576
149        4.90478
150        4.84867
151        4.80846
152        4.74999
153        4.72354
154        4.66076
155        4.63203
156        4.60974
157        4.59342
158        4.58641
159        4.56126
160        4.54308
161        4.53091
162        4.50676
163        4.48389
164        4.45589
165        4.42445
166        4.38956
167        4.36222
168        4.32273
169        4.25869
170        4.23064
171        4.17175
172        4.13494
173        4.05248
174        3.99767
175        3.95632
176        3.89437
177         3.8737
178        3.83576
179        3.82669
180        3.79863
181        3.76657
182        3.73709
183        3.70962
184         3.6783
185        3.65443
186        3.63531
187        3.62401
188        3.61754
189        3.61689
190        3.61582
191        3.61523
192        3.61358
193        3.61182
194        3.61048
195         3.6084
196        3.60512
197        3.60175
198        3.59768
199        3.59401
200        3.59041
201        3.58637
202        3.58585
203        3.58585
204        3.58585
205        3.58585
206        3.58585
207        3.58585
208        3.58585
209        3.58585
210        3.58585
211        3.58585
212        3.58585
213        3.58583
214        3.58583
215        3.58576
216        3.58569
217        3.58576
218        3.58576
219        3.58574
220        3.58565
221         3.5855
222         3.5853
223        3.58536
224        3.58538
225        3.58528
226        3.58516
227        3.58494
228        3.58466
229        3.58444
230        3.58424
231        3.58385
232        3.58334
233        3.58262
234        3.58206
235        3.58116
236        3.58033
237        3.57971
238        3.57909
239        3.57822
240        3.57788
241         3.5776
242         3.5776
243         3.5776
244         3.5776
245         3.5776
246         3.5776
247         3.5776
248         3.5776
249         3.5776
250         3.5776
251         3.5776
252         3.5776
253         3.5776
254         3.5776
255         3.5776
256         3.5776
257         3.5776
258         3.5776
259         3.5776
260         3.5776
261         3.5776
262         3.5776
263         3.5776
264         3.5776
265         3.5776
266         3.5776
267         3.5776
268         3.5776
269         3.5776
270         3.5776
271         3.5776
272         3.5776
273         3.5776
274         3.5776
275         3.5776
276         3.5776
277         3.5776
278         3.5776
279         3.5776
280         3.5776
281         3.5776
282         3.5776
283         3.5776
284         3.5776
285         3.5776
286         3.5776
287         3.5776
288         3.5776
289         3.5776
290         3.5776
291         3.5776
292         3.5776
293         3.5776
294         3.5776
295         3.5776
296         3.5776
297         3.5776
298         3.5776
299         3.5776
300         3.5776
301         3.5776
302         3.5776
303         3.5776
304         3.5776
305         3.5776
306         3.5776
307         3.5776
308         3.5776
309         3.5776
310         3.5776
311         3.5776
312         3.5776
313         3.5776
314         3.5776
315         3.5776
316         3.5776
317         3.5776
318         3.5776
319         3.5776
320         3.5776
321         3.5776
322         3.5776
323         3.5776
324         3.5776
325         3.5776
326         3.5776
327         3.5776
328         3.5776
329         3.5776
330         3.5776
331         3.5776
332         3.5776
333         3.5776
334         3.5776
335         3.5776
336         3.5776
337         3.5776
338         3.5776
339         3.5776
340         3.5776
341         3.5776
342         3.5776
343         3.5776
344         3.5776
345         3.5776
346         3.5776
347         3.5776
348         3.5776
349         3.5776
350         3.5776
351         3.5776
352         3.5776
353         3.5776
354         3.5776
355         3.5776
356         3.5776
357         3.5776
358         3.5776
359         3.5776
360         3.5776
361         3.5776
362         3.5776
363         3.5776
364         3.5776
365         3.5776
366         3.5776
367         3.5776
368         3.5776
369         3.5776
370         3.5776
371         3.5776
372         3.5776
373         3.5776
374         3.5776
375         3.5776
376         3.5776
377         3.5776
378         3.5776
379         3.5776
380         3.5776
381         3.5776
382         3.5776
383         3.5776
384         3.5776
385         3.5776
386         3.5776
387         3.5776
388         3.5776
389         3.5776
390         3.5776
391         3.5776
392         3.5776
393         3.5776
394         3.5776
395         3.5776
396         3.5776
397         3.5776
398         3.5776
399         3.5776
400         3.5776
401         3.5776
402         3.5776
403         3.5776
404         3.5776
405         3.5776
406         3.5776
407         3.5776
408         3.5776
409         3.5776
410         3.5776
411         3.5776
412         3.5776
413         3.5776
414         3.5776
415         3.5776
416         3.5776
417         3.5776
418         3.5776
419         3.5776
420         3.5776
421         3.5776
422         3.5776
423         3.5776
424         3.5776
425         3.5776
426         3.5776
427         3.5776
428         3.5776
429         3.5776
430         3.5776
431         3.5776
432         3.5776
433         3.5776
434         3.5776
435         3.5776
436         3.5776
437         3.5776
438         3.5776
439         3.5776
440         3.5776
441         3.5776
442         3.5776
443         3.5776
444         3.5776
445         3.5776
446         3.5776
447         3.5776
448         3.5776
449         3.5776
450         3.5776
451         3.5776
452         3.5776
453         3.5776
454         3.5776
455         3.5776
456         3.5776
457         3.5776
458         3.5776
459         3.5776
460         3.5776
461         3.5776
462         3.5776
463         3.5776
464         3.5776
465         3.5776
466         3.5776
467         3.5776
468         3.5776
469         3.5776
470         3.5776
471         3.5776
472         3.5776
473         3.5776
474         3.5776
475         3.5776
476         3.5776
477         3.5776
478         3.5776
479         3.5776
480         3.5776
481         3.5776
482         3.5776
483         3.5776
484         3.5776
485         3.5776
486         3.5776
487         3.5776
488         3.5776
489         3.5776
490         3.5776
491         3.5776
492         3.5776
493         3.5776
494         3.5776
495         3.5776
496         3.5776
497         3.5776
498         3.5776
499         3.5776
500         3.5776
501         3.5776
502         3.5776
503         3.5776
504         3.5776
505         3.5776
506         3.5776
507         3.5776
508         3.5776
509         3.5776
510         3.5776
511         3.5776
512         3.5776
513         3.5776
514         3.5776
515         3.5776
516         3.5776
517         3.5776
518         3.5776
519         3.5776
520         3.5776
521         3.5776
522         3.5776
523         3.5776
524         3.5776
525         3.5776
526         3.5776
527         3.5776
528         3.5776
529         3.5776
530         3.5776
531         3.5776
532         3.5776
533         3.5776
534         3.5776
535         3.5776
536         3.5776
537         3.5776
538         3.5776
539         3.5776
540         3.5776
541         3.5776
542         3.5776
543         3.5776
544         3.5776
545         3.5776
546         3.5776
547         3.5776
548         3.5776
549         3.5776
550         3.5776
551         3.5776
552         3.5776
553         3.5776
554         3.5776
555         3.5776
556         3.5776
557         3.5776
558         3.5776
559         3.5776
560         3.5776
561         3.5776
562         3.5776
563         3.5776
564         3.5776
565         3.5776
566         3.5776
567         3.5776
568         3.5776
569         3.5776
570         3.5776
571         3.5776
572         3.5776
573         3.5776
574         3.5776
575         3.5776
576         3.5776
577         3.5776
578         3.5776
579         3.5776
580         3.5776
581         3.5776
582         3.5776
583         3.5776
584         3.5776
585         3.5776
586         3.5776
587         3.5776
588         3.5776
589         3.5776
590         3.5776
591         3.5776
592         3.5776
593         3.5776
594         3.5776
595         3.5776
596         3.5776
597         3.5776
598         3.5776
599         3.5776
600         3.5776
601         3.5776
602         3.5776
603         3.5776
604         3.5776
605         3.5776
606         3.5776
607         3.5776
608         3.5776
609         3.5776
610         3.5776
611         3.5776
612         3.5776
613         3.5776
614         3.5776
615         3.5776
616         3.5776
617         3.5776
618         3.5776
619         3.5776
620         3.5776
621         3.5776
622         3.5776
623         3.5776
624         3.5776
625         3.5776
626         3.5776
627         3.5776
628         3.5776
629         3.5776
630         3.5776
631         3.5776
632         3.5776
633         3.5776
634         3.5776
635         3.5776
636         3.5776
637         3.5776
638         3.5776
639         3.5776
640         3.5776
641         3.5776
642         3.5776
643         3.5776
644         3.5776
645         3.5776
646         3.5776
647         3.5776
648         3.5776
649         3.5776
650         3.5776
651         3.5776
652         3.5776
653         3.5776
654         3.5776
655         3.5776
656         3.5776
657         3.5776
658         3.5776
659         3.5776
660         3.5776
661         3.5776
662         3.5776
663         3.5776
664         3.5776
665         3.5776
666         3.5776
667         3.5776
668         3.5776
669         3.5776
670         3.5776
671         3.5776
672         3.5776
673         3.5776
674         3.5776
675         3.5776
676         3.5776
677         3.5776
678         3.5776
679         3.5776
680         3.5776
681         3.5776
682         3.5776
683         3.5776
684         3.5776
685         3.5776
686         3.5776
687         3.5776
688         3.5776
689         3.5776
690         3.5776
691         3.5776
692         3.5776
693         3.5776
694         3.5776
695         3.5776
696         3.5776
697         3.5776
698         3.5776
699         3.5776
700         3.5776
701         3.5776
702         3.5776
703         3.5776
704         3.5776
705         3.5776
706         3.5776
707         3.5776
708         3.5776
709         3.5776
710         3.5776
711         3.5776
712         3.5776
713         3.5776
714         3.5776
715         3.5776
716         3.5776
717         3.5776
718         3.5776
719         3.5776
720         3.5776
721         3.5776
722         3.5776
723         3.5776
724         3.5776
725         3.5776
726         3.5776
727         3.5776
728         3.5776
729         3.5776
730         3.5776
731         3.5776
732         3.5776
733         3.5776
734         3.5776
735         3.5776
736         3.5776
737         3.5776
738         3.5776
739         3.5776
740         3.5776
741         3.5776
742         3.5776
743         3.5776
744         3.5776
745         3.5776
746         3.5776
747         3.5776
748         3.5776
749         3.5776
750         3.5776
751         3.5776
752         3.5776
753         3.5776
754         3.5776
755         3.5776
756         3.5776
757         3.5776
758         3.5776
759         3.5776
760         3.5776
761         3.5776
762         3.5776
763         3.5776
764         3.5776
765         3.5776
766         3.5776
767         3.5776
768         3.5776
769         3.5776
770         3.5776
771         3.5776
772         3.5776
773         3.5776
774         3.5776
775         3.5776
776         3.5776
777         3.5776
778         3.5776
779         3.5776
780         3.5776
781         3.5776
782         3.5776
783         3.5776
784         3.5776
785         3.5776
786         3.5776
787         3.5776
788         3.5776
789         3.5776
790         3.5776
791         3.5776
792         3.5776
793         3.5776
794         3.5776
795         3.5776
796         3.5776
797         3.5776
798         3.5776
799         3.5776
800         3.5776
801         3.5776
802         3.5776
803         3.5776
804         3.5776
805         3.5776
806         3.5776
807         3.5776
808         3.5776
809         3.5776
810         3.5776
811         3.5776
812         3.5776
813         3.5776
814         3.5776
815         3.5776
816         3.5776
817         3.5776
818         3.5776
819         3.5776
820         3.5776
821         3.5776
822         3.5776
823         3.5776
824         3.5776
825         3.5776
826         3.5776
827         3.5776
828         3.5776
829         3.5776
830         3.5776
831         3.5776
832         3.5776
833         3.5776
834         3.5776
835         3.5776
836         3.5776
837         3.5776
838         3.5776
839         3.5776
840         3.5776
841         3.5776
842         3.5776
843         3.5776
844         3.5776
845         3.5776
846         3.5776
847         3.5776
848         3.5776
849         3.5776
850         3.5776
851         3.5776
852         3.5776
853         3.5776
854         3.5776
855         3.5776
856         3.5776
857         3.5776
858         3.5776
859         3.5776
860         3.5776
861         3.5776
862         3.5776
863         3.5776
864         3.5776
865         3.5776
866         3.5776
867         3.5776
868         3.5776
869         3.5776
870         3.5776
871         3.5776
872         3.5776
873         3.5776
874         3.5776
875         3.5776
876         3.5776
877         3.5776
878         3.5776
879         3.5776
880         3.5776
881         3.5776
882         3.5776
883         3.5776
884         3.5776
885         3.5776
886         3.5776
887         3.5776
888         3.5776
889         3.5776
890         3.5776
891         3.5776
892         3.5776
893         3.5776
894         3.5776
895         3.5776
896         3.5776
897         3.5776
898         3.5776
899         3.5776
900         3.5776
901         3.5776
902         3.5776
903         3.5776
904         3.5776
905         3.5776
906         3.5776
907         3.5776
908         3.5776
909         3.5776
910         3.5776
911         3.5776
912         3.5776
913         3.5776
914         3.5776
915         3.5776
916         3.5776
917         3.5776
918         3.5776
919         3.5776
920         3.5776
921         3.5776
922         3.5776
923         3.5776
924         3.5776
925         3.5776
926         3.5776
927         3.5776
928         3.5776
929         3.5776
930         3.5776
931         3.5776
932         3.5776
933         3.5776
934         3.5776
935         3.5776
936         3.5776
937         3.5776
938         3.5776
939         3.5776
940         3.5776
941         3.5776
942         3.5776
943         3.5776
944         3.5776
945         3.5776
946         3.5776
947         3.5776
948         3.5776
949         3.5776
950         3.5776
951         3.5776
952         3.5776
953         3.5776
954         3.5776
955         3.5776
956         3.5776
957         3.5776
958         3.5776
959         3.5776
960         3.5776
961         3.5776
962         3.5776
963         3.5776
964         3.5776
965         3.5776
966         3.5776
967         3.5776
968         3.5776
969         3.5776
970         3.5776
971         3.5776
972         3.5776
973         3.5776
974         3.5776
975         3.5776
976         3.5776
977         3.5776
978         3.5776
979         3.5776
980         3.5776
981         3.5776
982         3.5776
983         3.5776
984         3.5776
985         3.5776
986         3.5776
987         3.5776
988         3.5776
989         3.5776
990         3.5776
991         3.5776
992         3.5776
993         3.5776
994         3.5776
995         3.5776
996         3.5776
997         3.5776
998         3.5776
999         3.5776
