-7.81078e-21
-7.81021e-21
-7.80957e-21
-7.80834e-21
-7.80572e-21
-7.80119e-21
-7.79772e-21
-7.79006e-21
-7.78371e-21
-7.77673e-21
-7.77126e-21
-7.76699e-21
-7.76416e-21
-7.7608e-21
-7.76185e-21
-7.76409e-21
-7.76688e-21
-7.76916e-21
-7.77259e-21
-7.77686e-21
-7.77947e-21
-7.78383e-21
-7.78486e-21
-7.78663e-21
-7.78693e-21
-7.78763e-21
-7.78655e-21
-7.78832e-21
-7.78674e-21
-7.78715e-21
-7.78732e-21
-7.78603e-21
-7.78476e-21
-7.78474e-21
-7.78622e-21
-7.78594e-21
-7.78419e-21
-7.78351e-21
-7.78321e-21
-7.78233e-21
-7.78239e-21
-7.78365e-21
-7.78387e-21
-7.78576e-21
-7.78675e-21
-7.78572e-21
-7.78805e-21
-7.78765e-21
-7.78777e-21
-7.78841e-21
-5.83128e-21
-5.82943e-21
-5.82672e-21
-5.82504e-21
-5.82283e-21
-5.82312e-21
-5.82238e-21
-5.82088e-21
-5.82264e-21
-5.82522e-21
-5.82666e-21
-5.82966e-21
-5.8283e-21
-5.82857e-21
-5.82707e-21
-5.82769e-21
-5.82789e-21
-5.82766e-21
-5.82676e-21
-5.82865e-21
-5.82914e-21
-5.83056e-21
-5.83208e-21
-5.83381e-21
-5.83377e-21
-5.83391e-21
-5.83342e-21
-5.83279e-21
-5.83372e-21
-5.83265e-21
-5.83237e-21
-5.83104e-21
-5.82842e-21
-5.82805e-21
-5.82942e-21
-5.83006e-21
-5.8302e-21
-5.83112e-21
-5.83282e-21
-5.83329e-21
-5.83185e-21
-5.83236e-21
-5.83295e-21
-5.83202e-21
-5.83097e-21
-5.828e-21
-5.82728e-21
-5.82793e-21
-5.82751e-21
-5.82744e-21
-5.75208e-21
-5.75201e-21
-5.75348e-21
-5.75401e-21
-5.75461e-21
-5.75357e-21
-5.75343e-21
-5.75526e-21
-5.75698e-21
-5.75663e-21
-5.75673e-21
-5.75722e-21
-5.75822e-21
-5.75794e-21
-5.75877e-21
-5.75948e-21
-5.75795e-21
-5.75828e-21
-5.75943e-21
-5.75801e-21
-5.75816e-21
-5.75789e-21
-5.75793e-21
-5.75885e-21
-5.75833e-21
-5.75838e-21
-5.75919e-21
-5.75726e-21
-5.75846e-21
-5.76011e-21
-5.76042e-21
-5.75919e-21
-5.75992e-21
-5.76091e-21
-5.76115e-21
-5.76095e-21
-5.7605e-21
-5.75878e-21
-5.75861e-21
-5.75605e-21
-5.7559e-21
-5.75552e-21
-5.75383e-21
-5.75515e-21
-5.75585e-21
-5.75908e-21
-5.76232e-21
-5.76432e-21
-5.7651e-21
-5.76418e-21
-5.60997e-21
-5.60759e-21
-5.6068e-21
-5.60604e-21
-5.60565e-21
-5.60443e-21
-5.60382e-21
-5.60271e-21
-5.6032e-21
-5.60311e-21
-5.60383e-21
-5.60325e-21
-5.60291e-21
-5.6027e-21
-5.60087e-21
-5.60062e-21
-5.60177e-21
-5.60299e-21
-5.60207e-21
-5.60129e-21
-5.60224e-21
-5.6037e-21
-5.60364e-21
-5.60381e-21
-5.60411e-21
-5.60501e-21
-5.60449e-21
-5.60631e-21
-5.60682e-21
-5.60533e-21
-5.60653e-21
-5.60651e-21
-5.60644e-21
-5.60691e-21
-5.60457e-21
-5.60346e-21
-5.59999e-21
-5.60035e-21
-5.59943e-21
-5.59847e-21
-5.59735e-21
-5.59687e-21
-5.59786e-21
-5.59619e-21
-5.597e-21
-5.5991e-21
-5.59896e-21
-5.59996e-21
-5.59922e-21
-5.59925e-21
-5.5666e-21
-5.56598e-21
-5.5647e-21
-5.56513e-21
-5.5633e-21
-5.56378e-21
-5.56443e-21
-5.56502e-21
-5.566e-21
-5.56625e-21
-5.56611e-21
-5.56699e-21
-5.56637e-21
-5.56479e-21
-5.56337e-21
-5.5614e-21
-5.56073e-21
-5.56113e-21
-5.55897e-21
-5.55964e-21
-5.55914e-21
-5.56339e-21
-5.56527e-21
-5.56686e-21
-5.57089e-21
-5.57195e-21
-5.5727e-21
-5.57007e-21
-5.56905e-21
-5.56709e-21
-5.5663e-21
-5.56353e-21
-5.56191e-21
-5.56111e-21
-5.5601e-21
-5.56125e-21
-5.56327e-21
-5.5626e-21
-5.56451e-21
-5.56433e-21
-5.56515e-21
-5.5645e-21
-5.56326e-21
-5.56051e-21
-5.55913e-21
-5.55887e-21
-5.55735e-21
-5.55493e-21
-5.55461e-21
-5.55416e-21
-5.5588e-21
-5.55858e-21
-5.56081e-21
-5.56299e-21
-5.56364e-21
-5.56464e-21
-5.56497e-21
-5.5675e-21
-5.56701e-21
-5.56705e-21
-5.56619e-21
-5.56658e-21
-5.56707e-21
-5.56742e-21
-5.5689e-21
-5.56888e-21
-5.56981e-21
-5.57128e-21
-5.5722e-21
-5.56942e-21
-5.56791e-21
-5.56561e-21
-5.56497e-21
-5.56369e-21
-5.56398e-21
-5.56334e-21
-5.56371e-21
-5.56435e-21
-5.5635e-21
-5.56373e-21
-5.56346e-21
-5.56357e-21
-5.56489e-21
-5.56399e-21
-5.56465e-21
-5.56411e-21
-5.56336e-21
-5.56176e-21
-5.56223e-21
-5.56123e-21
-5.56264e-21
-5.5632e-21
-5.56295e-21
-5.56462e-21
-5.56522e-21
-5.56394e-21
-5.56462e-21
-5.56397e-21
-5.56242e-21
-5.56205e-21
-5.56005e-21
-5.55963e-21
-5.55932e-21
-5.55969e-21
-5.56253e-21
-5.56246e-21
-5.56331e-21
-5.56367e-21
-5.56347e-21
-5.5625e-21
-5.56128e-21
-5.56225e-21
-5.56136e-21
-5.5619e-21
-5.56212e-21
-5.56228e-21
-5.56221e-21
-5.56341e-21
-5.56594e-21
-5.56733e-21
-5.56669e-21
-5.56899e-21
-5.56952e-21
-5.56829e-21
-5.56766e-21
-5.56698e-21
-5.5674e-21
-5.5689e-21
-5.56736e-21
-5.56637e-21
-5.56854e-21
-5.57049e-21
-5.57016e-21
-5.57047e-21
-5.57094e-21
-5.57004e-21
-5.57106e-21
-5.57271e-21
-5.57232e-21
-5.57251e-21
-5.57396e-21
-5.57506e-21
-5.57631e-21
-5.57736e-21
-5.57765e-21
-5.5775e-21
-5.57651e-21
-5.57731e-21
-5.57529e-21
-5.57433e-21
-5.57251e-21
-5.5713e-21
-5.57058e-21
-5.57222e-21
-5.57037e-21
-5.5679e-21
-5.56723e-21
-5.56776e-21
-5.56925e-21
-5.57118e-21
-5.57282e-21
-5.57498e-21
-5.57431e-21
-5.57372e-21
-5.57346e-21
-5.57477e-21
-5.57509e-21
-5.57506e-21
-5.57428e-21
-5.57418e-21
-5.57392e-21
-5.57389e-21
-5.57441e-21
-5.57225e-21
-5.57323e-21
-5.57239e-21
-5.57189e-21
-5.57159e-21
-5.57134e-21
-5.57059e-21
-5.56919e-21
-5.56936e-21
-5.56883e-21
-5.56921e-21
-5.56845e-21
-5.56791e-21
-5.56967e-21
-5.56998e-21
-5.56967e-21
-5.56867e-21
-5.56729e-21
-5.56592e-21
-5.56442e-21
-5.56282e-21
-5.5614e-21
-5.56065e-21
-5.55988e-21
-5.55977e-21
-5.56e-21
-5.56073e-21
-5.56321e-21
-5.56473e-21
-5.56524e-21
-5.56544e-21
-5.56428e-21
-5.56477e-21
-5.56491e-21
-5.56229e-21
-5.562e-21
-5.56226e-21
-5.56151e-21
-5.56147e-21
-5.5621e-21
-5.56195e-21
-5.56156e-21
-5.55992e-21
-5.55847e-21
-5.55692e-21
-5.55609e-21
-5.55466e-21
-5.55589e-21
-5.55522e-21
-5.55638e-21
-5.55805e-21
-5.56075e-21
-5.56181e-21
-5.56389e-21
-5.56304e-21
-5.56343e-21
-5.56267e-21
-5.56378e-21
-5.56525e-21
-5.56576e-21
-5.56666e-21
-5.56855e-21
-5.5681e-21
-5.56868e-21
-5.56762e-21
-5.56858e-21
-5.56849e-21
-5.57042e-21
-5.57107e-21
-5.57051e-21
-5.57037e-21
-5.57234e-21
-5.57196e-21
-5.57204e-21
-5.57268e-21
-5.57358e-21
-5.57377e-21
-5.57389e-21
-5.57372e-21
-5.57241e-21
-5.57064e-21
-5.5687e-21
-5.56714e-21
-5.56719e-21
-5.56711e-21
-5.57025e-21
-5.57164e-21
-5.57312e-21
-5.57392e-21
-5.57374e-21
-5.57224e-21
-5.57062e-21
-5.5692e-21
-5.56709e-21
-5.56651e-21
-5.56533e-21
-5.56453e-21
-5.56274e-21
-5.56193e-21
-5.5615e-21
-5.56022e-21
-5.5585e-21
-5.55995e-21
-5.56147e-21
-5.56271e-21
-5.56286e-21
-5.56217e-21
-5.56403e-21
-5.5659e-21
-5.56691e-21
-5.56767e-21
-5.56887e-21
-5.56975e-21
-5.57046e-21
-5.56869e-21
-5.56628e-21
-5.5634e-21
-5.564e-21
-5.56396e-21
-5.56597e-21
-5.56805e-21
-5.56879e-21
-5.56876e-21
-5.56508e-21
-5.56329e-21
-5.56078e-21
-5.55984e-21
-5.55916e-21
-5.55997e-21
-5.56236e-21
-5.56241e-21
-5.56158e-21
-5.56244e-21
-5.56154e-21
-5.56374e-21
-5.56477e-21
-5.56585e-21
-5.56518e-21
-5.56421e-21
-5.56455e-21
-5.56505e-21
-5.56381e-21
-5.56664e-21
-5.56669e-21
-5.56666e-21
-5.56701e-21
-5.56662e-21
-5.5662e-21
-5.56707e-21
-5.5667e-21
-5.56574e-21
-5.56499e-21
-5.56609e-21
-5.56669e-21
-5.56681e-21
-5.56654e-21
-5.56543e-21
-5.56532e-21
-5.56545e-21
-5.5661e-21
-5.56535e-21
-5.56493e-21
-5.56483e-21
-5.56477e-21
-5.56312e-21
-5.56054e-21
-5.56127e-21
-5.56195e-21
-5.56212e-21
-5.56222e-21
-5.56257e-21
-5.56396e-21
-5.56449e-21
-5.56486e-21
-5.56535e-21
-5.56477e-21
-5.56413e-21
-5.56438e-21
-5.56369e-21
-5.56327e-21
-5.56394e-21
-5.5631e-21
-5.56249e-21
-5.56352e-21
-5.56244e-21
-5.56309e-21
-5.56295e-21
-5.56424e-21
-5.56527e-21
-5.56296e-21
-5.56214e-21
-5.55928e-21
-5.55818e-21
-5.55717e-21
-5.55644e-21
-5.55682e-21
-5.55797e-21
-5.55947e-21
-5.55959e-21
-5.56078e-21
-5.56053e-21
-5.5589e-21
-5.55891e-21
-5.55702e-21
-5.55482e-21
-5.55416e-21
-5.55404e-21
-5.55553e-21
-5.55531e-21
-5.55747e-21
-5.5582e-21
-5.55851e-21
-5.55916e-21
-5.55958e-21
-5.55936e-21
-5.56026e-21
-5.5603e-21
-5.55934e-21
-5.56049e-21
-5.56121e-21
-5.56052e-21
-5.56064e-21
-5.5625e-21
-5.56149e-21
-5.55951e-21
-5.55828e-21
-5.55884e-21
-5.55946e-21
-5.55958e-21
-5.56143e-21
-5.56162e-21
-5.56241e-21
-5.56324e-21
-5.56334e-21
-5.56405e-21
-5.56387e-21
-5.56456e-21
-5.56537e-21
-5.56601e-21
-5.56634e-21
-5.56901e-21
-5.56897e-21
-5.56911e-21
-5.57025e-21
-5.56979e-21
-5.56807e-21
-5.56787e-21
-5.56801e-21
-5.56705e-21
-5.56702e-21
-5.56964e-21
-5.56934e-21
-5.5681e-21
-5.5684e-21
-5.56801e-21
-5.56793e-21
-5.56665e-21
-5.56938e-21
-5.56907e-21
-5.56947e-21
-5.57107e-21
-5.57083e-21
-5.57245e-21
-5.57214e-21
-5.56966e-21
-5.56963e-21
-5.56992e-21
-5.56919e-21
-5.56843e-21
-5.56805e-21
-5.56599e-21
-5.56725e-21
-5.56938e-21
-5.56957e-21
-5.57124e-21
-5.57205e-21
-5.57128e-21
-5.57071e-21
-5.57036e-21
-5.56997e-21
-5.57078e-21
-5.57005e-21
-5.57049e-21
-5.57006e-21
-5.57023e-21
-5.56806e-21
-5.56858e-21
-5.56757e-21
-5.56808e-21
-5.56742e-21
-5.56769e-21
-5.5665e-21
-5.56659e-21
-5.56787e-21
-5.56841e-21
-5.5686e-21
-5.56767e-21
-5.56845e-21
-5.5713e-21
-5.57229e-21
-5.57315e-21
-5.57355e-21
-5.57284e-21
-5.57261e-21
-5.57325e-21
-5.57271e-21
-5.57277e-21
-5.57001e-21
-5.56904e-21
-5.56646e-21
-5.56514e-21
-5.56457e-21
-5.56391e-21
-5.56344e-21
-5.56545e-21
-5.56791e-21
-5.56926e-21
-5.56966e-21
-5.5703e-21
-5.56887e-21
-5.56788e-21
-5.5662e-21
-5.56466e-21
-5.56678e-21
-5.5681e-21
-5.56837e-21
-5.56799e-21
-5.56793e-21
-5.57115e-21
-5.56998e-21
-5.57092e-21
-5.57158e-21
-5.56875e-21
-5.5697e-21
-5.56818e-21
-5.5658e-21
-5.5648e-21
-5.5654e-21
-5.56407e-21
-5.56506e-21
-5.56606e-21
-5.56546e-21
-5.56517e-21
-5.56387e-21
-5.56343e-21
-5.56267e-21
-5.56133e-21
-5.56062e-21
-5.55903e-21
-5.56066e-21
-5.5617e-21
-5.56202e-21
-5.56517e-21
-5.56719e-21
-5.56792e-21
-5.56825e-21
-5.56856e-21
-5.56856e-21
-5.56689e-21
-5.56624e-21
-5.56635e-21
-5.56555e-21
-5.56792e-21
-5.57005e-21
-5.57184e-21
-5.57251e-21
-5.57361e-21
-5.57479e-21
-5.57473e-21
-5.57237e-21
-5.57084e-21
-5.56953e-21
-5.56846e-21
-5.56784e-21
-5.56578e-21
-5.56222e-21
-5.56315e-21
-5.56343e-21
-5.56505e-21
-5.56684e-21
-5.5668e-21
-5.56719e-21
-5.56854e-21
-5.56793e-21
-5.56833e-21
-5.56637e-21
-5.56546e-21
-5.56483e-21
-5.56537e-21
-5.56564e-21
-5.56665e-21
-5.56624e-21
-5.56581e-21
-5.56677e-21
-5.56842e-21
-5.56762e-21
-5.56648e-21
-5.56783e-21
-5.56887e-21
-5.56998e-21
-5.57105e-21
-5.56994e-21
-5.56934e-21
-5.57028e-21
-5.57187e-21
-5.57276e-21
-5.57047e-21
-5.57138e-21
-5.56921e-21
-5.56758e-21
-5.56542e-21
-5.56464e-21
-5.5647e-21
-5.56458e-21
-5.56418e-21
-5.56709e-21
-5.56934e-21
-5.57106e-21
-5.5706e-21
-5.57072e-21
-5.5703e-21
-5.56905e-21
-5.56894e-21
-5.56799e-21
-5.56891e-21
-5.56786e-21
-5.56711e-21
-5.5673e-21
-5.56924e-21
-5.57143e-21
-5.57169e-21
-5.57093e-21
-5.57196e-21
-5.57244e-21
-5.57136e-21
-5.57387e-21
-5.57473e-21
-5.57587e-21
-5.5784e-21
-5.5799e-21
-5.57963e-21
-5.5814e-21
-5.58035e-21
-5.57856e-21
-5.57897e-21
-5.57855e-21
-5.57751e-21
-5.57824e-21
-5.5763e-21
-5.57716e-21
-5.57699e-21
-5.57841e-21
-5.57979e-21
-5.58129e-21
-5.58109e-21
-5.57994e-21
-5.57908e-21
-5.57731e-21
-5.57619e-21
-5.57582e-21
-5.57537e-21
-5.57519e-21
-5.57531e-21
-5.57584e-21
-5.57331e-21
-5.57102e-21
-5.57135e-21
-5.57131e-21
-5.57199e-21
-5.57052e-21
-5.56854e-21
-5.56722e-21
-5.56728e-21
-5.56648e-21
-5.56806e-21
-5.57111e-21
-5.5739e-21
-5.5774e-21
-5.57929e-21
-5.58052e-21
-5.58135e-21
-5.5806e-21
-5.57795e-21
-5.57689e-21
-5.57528e-21
-5.57238e-21
-5.57021e-21
-5.56848e-21
-5.56699e-21
-5.56669e-21
-5.5645e-21
-5.56213e-21
-5.56059e-21
-5.55821e-21
-5.55733e-21
-5.55532e-21
-5.55525e-21
-5.55538e-21
-5.5554e-21
-5.55642e-21
-5.55881e-21
-5.5611e-21
-5.56254e-21
-5.56322e-21
-5.56381e-21
-5.56347e-21
-5.56372e-21
-5.56485e-21
-5.56474e-21
-5.56712e-21
-5.56737e-21
-5.56689e-21
-5.5679e-21
-5.56564e-21
-5.56534e-21
-5.56741e-21
-5.5675e-21
-5.56805e-21
-5.56859e-21
-5.568e-21
-5.56922e-21
-5.56865e-21
-5.56814e-21
-5.56937e-21
-5.56965e-21
-5.56878e-21
-5.56663e-21
-5.5645e-21
-5.56532e-21
-5.5658e-21
-5.56381e-21
-5.56341e-21
-5.56536e-21
-5.5675e-21
-5.56734e-21
-5.56822e-21
-5.56948e-21
-5.56813e-21
-5.56895e-21
-5.56657e-21
-5.56534e-21
-5.56461e-21
-5.56379e-21
-5.56413e-21
-5.56231e-21
-5.56254e-21
-5.56137e-21
-5.56375e-21
-5.56358e-21
-5.56634e-21
-5.56551e-21
-5.56467e-21
-5.56325e-21
-5.56257e-21
-5.56238e-21
-5.56106e-21
-5.56234e-21
-5.56402e-21
-5.56531e-21
-5.5655e-21
-5.56531e-21
-5.56374e-21
-5.56203e-21
-5.56143e-21
-5.55969e-21
-5.55929e-21
-5.55845e-21
-5.56028e-21
-5.5624e-21
-5.56533e-21
-5.56539e-21
-5.56678e-21
-5.57067e-21
-5.57527e-21
-5.57571e-21
-5.57528e-21
-5.57532e-21
-5.57344e-21
-5.57242e-21
-5.57088e-21
-5.56983e-21
-5.56724e-21
-5.56704e-21
-5.56759e-21
-5.56611e-21
-5.56451e-21
-5.56561e-21
-5.56318e-21
-5.56138e-21
-5.55839e-21
-5.5569e-21
-5.55612e-21
-5.55583e-21
-5.55506e-21
-5.55641e-21
-5.558e-21
-5.55922e-21
-5.5627e-21
-5.5642e-21
-5.5649e-21
-5.565e-21
-5.56671e-21
-5.56752e-21
-5.56722e-21
-5.56611e-21
-5.5663e-21
-5.5651e-21
-5.5643e-21
-5.56389e-21
-5.56663e-21
-5.56626e-21
-5.56386e-21
-5.56304e-21
-5.56274e-21
-5.56257e-21
-5.56386e-21
-5.56659e-21
-5.56815e-21
-5.56886e-21
-5.56849e-21
-5.56981e-21
-5.5709e-21
-5.56869e-21
-5.5675e-21
-5.56678e-21
-5.5651e-21
-5.56445e-21
-5.56324e-21
-5.56462e-21
-5.56555e-21
-5.56558e-21
-5.56524e-21
-5.56422e-21
-5.56245e-21
-5.56129e-21
-5.56051e-21
-5.56047e-21
-5.56175e-21
-5.56115e-21
-5.5634e-21
-5.56449e-21
-5.56503e-21
-5.56672e-21
-5.56793e-21
-5.57048e-21
-5.57065e-21
-5.56959e-21
-5.56742e-21
-5.56574e-21
-5.56298e-21
-5.56133e-21
-5.56062e-21
-5.56115e-21
-5.56191e-21
-5.56509e-21
-5.56487e-21
-5.56595e-21
-5.56629e-21
-5.56522e-21
-5.56361e-21
-5.56281e-21
-5.56126e-21
-5.55918e-21
-5.55699e-21
-5.55483e-21
-5.55533e-21
-5.55659e-21
-5.55649e-21
-5.55767e-21
-5.55884e-21
-5.56021e-21
-5.56198e-21
-5.56401e-21
-5.56446e-21
-5.56571e-21
-5.5646e-21
-5.56571e-21
-5.56526e-21
-5.56376e-21
-5.5655e-21
-5.56408e-21
-5.56441e-21
-5.5629e-21
-5.56223e-21
-5.56208e-21
-5.56181e-21
-5.56213e-21
-5.56332e-21
-5.56658e-21
-5.56643e-21
-5.5692e-21
-5.5687e-21
-5.56711e-21
-5.56447e-21
-5.56196e-21
-5.5598e-21
-5.55808e-21
-5.55561e-21
-5.55521e-21
-5.5539e-21
-5.55554e-21
-5.55695e-21
-5.55912e-21
-5.56155e-21
-5.56348e-21
-5.56472e-21
-5.56626e-21
-5.56405e-21
-5.56329e-21
-5.56251e-21
-5.56285e-21
-5.56371e-21
-5.56553e-21
-5.56555e-21
-5.56703e-21
-5.56628e-21
-5.56523e-21
-5.56545e-21
-5.56358e-21
-5.5623e-21
-5.56206e-21
-5.56195e-21
-5.56201e-21
-5.56241e-21
-5.56257e-21
-5.56453e-21
-5.56507e-21
-5.56483e-21
-5.56446e-21
-5.563e-21
-5.56335e-21
-5.56391e-21
-5.56439e-21
-5.56597e-21
-5.56547e-21
-5.56587e-21
-5.5663e-21
-5.56425e-21
-5.56074e-21
-5.55743e-21
-5.55734e-21
-5.5564e-21
-5.55562e-21
-5.55509e-21
-5.55679e-21
-5.55862e-21
-5.56151e-21
-5.56346e-21
-5.56633e-21
-5.5683e-21
-5.56821e-21
-5.56781e-21
-5.56892e-21
-5.56866e-21
-5.5669e-21
-5.56528e-21
-5.56324e-21
-5.56212e-21
-5.56121e-21
-5.56074e-21
-5.56193e-21
-5.5615e-21
-5.55998e-21
-5.56035e-21
-5.5613e-21
-5.56179e-21
-5.56226e-21
-5.56102e-21
-5.56186e-21
-5.56277e-21
-5.56442e-21
-5.56349e-21
-5.56499e-21
-5.56495e-21
-5.56373e-21
-5.56188e-21
-5.56237e-21
-5.56255e-21
-5.56202e-21
-5.56242e-21
-5.56176e-21
-5.56112e-21
-5.5594e-21
-5.56127e-21
-5.56383e-21
-5.56332e-21
-5.56455e-21
-5.56362e-21
-5.5641e-21
-5.5626e-21
-5.56479e-21
-5.56547e-21
-5.56649e-21
-5.56697e-21
-5.56904e-21
-5.56776e-21
-5.56695e-21
-5.56648e-21
-5.56732e-21
-5.56645e-21
-5.56563e-21
-5.56631e-21
-5.56627e-21
-5.56646e-21
-5.56424e-21
-5.56237e-21
-5.56292e-21
-5.56217e-21
-5.5623e-21
-5.5628e-21
-5.56448e-21
-5.5648e-21
-5.56799e-21
-5.56882e-21
-5.57073e-21
-5.56881e-21
-5.56923e-21
-5.56866e-21
-5.56818e-21
-5.56729e-21
-5.56614e-21
-5.56491e-21
-5.56488e-21
-5.56546e-21
-5.56536e-21
-5.56488e-21
-5.56486e-21
-5.56682e-21
-5.5678e-21
-5.56821e-21
-5.56797e-21
-5.56654e-21
-5.56571e-21
-5.56412e-21
-5.56528e-21
-5.56493e-21
-5.56326e-21
-5.56333e-21
-5.56138e-21
-5.56362e-21
-5.56473e-21
-5.56635e-21
-5.56782e-21
-5.56938e-21
-5.5703e-21
-5.56993e-21
-5.56899e-21
-5.56761e-21
-5.56416e-21
-5.56227e-21
-5.56109e-21
-5.55974e-21
-5.55982e-21
-5.55939e-21
-5.5582e-21
-5.55828e-21
-5.55791e-21
-5.55872e-21
-5.56121e-21
-5.56326e-21
-5.56686e-21
-5.56924e-21
-5.57124e-21
-5.57134e-21
-5.5709e-21
-5.57e-21
-5.56997e-21
-5.56879e-21
-5.56899e-21
-5.56812e-21
-5.56781e-21
-5.5684e-21
-5.56789e-21
-5.56696e-21
-5.56575e-21
-5.56676e-21
-5.5666e-21
