3.46471e+07
3.45594e+07
3.44013e+07
3.41626e+07
3.38292e+07
3.33829e+07
3.28002e+07
3.20575e+07
3.11286e+07
2.99927e+07
2.8639e+07
2.70767e+07
2.53437e+07
2.35119e+07
2.16811e+07
1.99714e+07
1.84952e+07
1.73368e+07
1.65386e+07
1.60999e+07
1.59866e+07
1.61391e+07
1.64909e+07
1.69711e+07
1.75182e+07
1.80796e+07
1.86163e+07
1.90993e+07
1.95149e+07
1.9855e+07
2.01205e+07
2.03157e+07
2.0444e+07
2.05069e+07
2.05038e+07
2.04351e+07
2.03022e+07
2.01096e+07
1.98697e+07
1.96015e+07
1.93269e+07
1.90708e+07
1.88604e+07
1.87186e+07
1.86645e+07
1.87046e+07
1.88275e+07
1.90124e+07
1.92278e+07
1.94442e+07
4.61821e+07
4.60353e+07
4.55696e+07
4.48086e+07
4.37982e+07
4.26122e+07
4.13601e+07
4.01683e+07
3.91505e+07
3.83782e+07
3.7866e+07
3.75755e+07
3.74411e+07
3.7382e+07
3.73261e+07
3.72125e+07
3.70059e+07
3.66976e+07
3.63115e+07
3.59013e+07
3.55431e+07
3.53052e+07
3.52248e+07
3.52915e+07
3.54552e+07
3.56437e+07
3.57935e+07
3.58703e+07
3.58695e+07
3.57991e+07
3.56469e+07
3.53786e+07
3.4967e+07
3.44347e+07
3.38764e+07
3.34264e+07
3.31891e+07
3.3186e+07
3.33548e+07
3.35993e+07
3.38438e+07
3.4057e+07
3.42436e+07
3.44113e+07
3.45505e+07
3.46415e+07
3.46708e+07
3.46466e+07
3.45892e+07
3.45168e+07
3.54465e+07
3.53536e+07
3.52538e+07
3.51534e+07
3.50603e+07
3.49866e+07
3.49471e+07
3.4965e+07
3.50655e+07
3.52571e+07
3.55156e+07
3.57959e+07
3.60575e+07
3.62835e+07
3.64794e+07
3.66612e+07
3.68406e+07
3.70085e+07
3.71435e+07
3.72293e+07
3.72649e+07
3.72614e+07
3.7228e+07
3.71739e+07
3.71269e+07
3.713e+07
3.72098e+07
3.73386e+07
3.7439e+07
3.74471e+07
3.73523e+07
3.71952e+07
3.70359e+07
3.69232e+07
3.68754e+07
3.68805e+07
3.69099e+07
3.69303e+07
3.69108e+07
3.68299e+07
3.66709e+07
3.64289e+07
3.61153e+07
3.57694e+07
3.54795e+07
3.53696e+07
3.55494e+07
3.6029e+07
3.66966e+07
3.73911e+07
4.00796e+07
4.04845e+07
4.06855e+07
4.0706e+07
4.05873e+07
4.03808e+07
4.0137e+07
3.98961e+07
3.96802e+07
3.94925e+07
3.93158e+07
3.91189e+07
3.88643e+07
3.85256e+07
3.81029e+07
3.76233e+07
3.71343e+07
3.66842e+07
3.63039e+07
3.59936e+07
3.57267e+07
3.54698e+07
3.5204e+07
3.49402e+07
3.47188e+07
3.45881e+07
3.45793e+07
3.4686e+07
3.4878e+07
3.51184e+07
3.53849e+07
3.5678e+07
3.59981e+07
3.63305e+07
3.66431e+07
3.6896e+07
3.70651e+07
3.71445e+07
3.7155e+07
3.71259e+07
3.70782e+07
3.70097e+07
3.69077e+07
3.67877e+07
3.67169e+07
3.67859e+07
3.70229e+07
3.7354e+07
3.76709e+07
3.79066e+07
3.85106e+07
3.8598e+07
3.86465e+07
3.86583e+07
3.86294e+07
3.85603e+07
3.84663e+07
3.83706e+07
3.82953e+07
3.82519e+07
3.82339e+07
3.82174e+07
3.81711e+07
3.80655e+07
3.78803e+07
3.76067e+07
3.72436e+07
3.6798e+07
3.62865e+07
3.5738e+07
3.52098e+07
3.47844e+07
3.45562e+07
3.45836e+07
3.4862e+07
3.53276e+07
3.58804e+07
3.6427e+07
3.68996e+07
3.72619e+07
3.74962e+07
3.75994e+07
3.75804e+07
3.74668e+07
3.73121e+07
3.71919e+07
3.71916e+07
3.73767e+07
3.77579e+07
3.82894e+07
3.88832e+07
3.94456e+07
3.98926e+07
4.01542e+07
4.01718e+07
3.99097e+07
3.93722e+07
3.86103e+07
3.77152e+07
3.67991e+07
3.59213e+07
3.5248e+07
3.47812e+07
3.45332e+07
3.44838e+07
3.45879e+07
3.47931e+07
3.50518e+07
3.53298e+07
3.55957e+07
3.58248e+07
3.60042e+07
3.61537e+07
3.63341e+07
3.66276e+07
3.70977e+07
3.77437e+07
3.85013e+07
3.92727e+07
3.99614e+07
4.04899e+07
4.08089e+07
4.08927e+07
4.07418e+07
4.03803e+07
3.98644e+07
3.92773e+07
3.87185e+07
3.82752e+07
3.7987e+07
3.7843e+07
3.78019e+07
3.78199e+07
3.78655e+07
3.79122e+07
3.79364e+07
3.79112e+07
3.78161e+07
3.76452e+07
3.74212e+07
3.71869e+07
3.69968e+07
3.68908e+07
3.6877e+07
3.69317e+07
3.70093e+07
3.70634e+07
3.70698e+07
3.703e+07
3.69619e+07
3.68868e+07
3.68165e+07
3.6762e+07
3.67404e+07
3.67775e+07
3.68972e+07
3.71008e+07
3.73672e+07
3.76612e+07
3.7946e+07
3.81895e+07
3.83567e+07
3.8406e+07
3.82903e+07
3.79821e+07
3.74991e+07
3.69309e+07
3.64276e+07
3.61329e+07
3.60991e+07
3.62653e+07
3.65221e+07
3.67843e+07
3.70029e+07
3.71518e+07
3.72169e+07
3.71985e+07
3.71234e+07
3.70447e+07
3.70144e+07
3.70479e+07
3.71101e+07
3.71358e+07
3.70651e+07
3.68667e+07
3.65424e+07
3.61241e+07
3.56771e+07
3.52901e+07
3.50474e+07
3.50051e+07
3.51751e+07
3.55292e+07
3.60161e+07
3.65744e+07
3.71436e+07
3.76735e+07
3.81262e+07
3.84858e+07
3.87503e+07
3.89338e+07
3.90517e+07
3.91124e+07
3.91061e+07
3.90106e+07
3.87981e+07
3.84719e+07
3.81079e+07
3.78508e+07
3.78216e+07
3.80036e+07
3.82585e+07
3.84473e+07
3.8503e+07
3.84354e+07
3.83026e+07
3.81778e+07
3.81073e+07
3.8086e+07
3.8074e+07
3.80385e+07
3.79684e+07
3.78658e+07
3.77389e+07
3.75994e+07
3.74699e+07
3.73681e+07
3.72982e+07
3.72438e+07
3.71756e+07
3.70653e+07
3.69044e+07
3.67162e+07
3.65461e+07
3.64456e+07
3.6453e+07
3.6586e+07
3.68377e+07
3.71724e+07
3.75371e+07
3.78786e+07
3.81574e+07
3.83491e+07
3.84396e+07
3.84184e+07
3.82756e+07
3.80038e+07
3.76079e+07
3.71316e+07
3.66745e+07
3.63703e+07
3.63114e+07
3.64863e+07
3.6806e+07
3.71761e+07
3.75335e+07
3.78501e+07
3.81202e+07
3.83468e+07
3.85395e+07
3.87025e+07
3.88321e+07
3.89195e+07
3.89583e+07
3.89469e+07
3.88875e+07
3.8776e+07
3.86015e+07
3.83527e+07
3.80364e+07
3.76856e+07
3.73659e+07
3.71534e+07
3.71072e+07
3.72336e+07
3.74788e+07
3.77514e+07
3.79742e+07
3.81142e+07
3.81953e+07
3.82661e+07
3.83621e+07
3.84775e+07
3.8574e+07
3.86101e+07
3.85636e+07
3.84294e+07
3.82165e+07
3.7945e+07
3.7661e+07
3.74283e+07
3.72995e+07
3.7277e+07
3.73225e+07
3.74009e+07
3.75139e+07
3.76864e+07
3.79393e+07
3.82634e+07
3.86143e+07
3.89253e+07
3.91251e+07
3.91531e+07
3.89688e+07
3.85616e+07
3.79568e+07
3.72276e+07
3.65147e+07
3.60047e+07
3.58531e+07
3.6088e+07
3.66048e+07
3.72444e+07
3.78727e+07
3.84125e+07
3.88368e+07
3.91487e+07
3.93547e+07
3.9451e+07
3.94224e+07
3.92602e+07
3.89768e+07
3.86113e+07
3.82153e+07
3.78349e+07
3.74991e+07
3.72247e+07
3.70148e+07
3.68619e+07
3.67528e+07
3.66821e+07
3.66685e+07
3.6755e+07
3.69874e+07
3.73688e+07
3.78285e+07
3.82493e+07
3.85368e+07
3.8664e+07
3.86722e+07
3.86414e+07
3.86619e+07
3.87955e+07
3.90532e+07
3.93873e+07
3.97094e+07
3.99268e+07
3.99699e+07
3.98168e+07
3.94877e+07
3.90371e+07
3.85287e+07
3.8016e+07
3.75319e+07
3.70925e+07
3.67147e+07
3.64279e+07
3.62546e+07
3.61948e+07
3.62089e+07
3.62352e+07
3.62179e+07
3.61389e+07
3.6028e+07
3.59469e+07
3.59506e+07
3.60626e+07
3.62588e+07
3.64918e+07
3.67209e+07
3.6928e+07
3.71148e+07
3.72864e+07
3.74381e+07
3.75596e+07
3.76525e+07
3.77395e+07
3.78555e+07
3.80279e+07
3.82595e+07
3.85284e+07
3.8801e+07
3.90455e+07
3.9239e+07
3.93617e+07
3.93913e+07
3.93022e+07
3.90742e+07
3.87044e+07
3.8214e+07
3.7651e+07
3.70761e+07
3.65501e+07
3.6116e+07
3.57922e+07
3.5575e+07
3.54461e+07
3.53866e+07
3.53836e+07
3.54291e+07
3.55135e+07
3.56186e+07
3.57168e+07
3.57816e+07
3.58015e+07
3.57887e+07
3.5782e+07
3.58344e+07
3.59868e+07
3.62546e+07
3.66159e+07
3.70184e+07
3.73924e+07
3.76645e+07
3.77822e+07
3.77241e+07
3.75111e+07
3.71989e+07
3.68616e+07
3.65721e+07
3.63878e+07
3.63411e+07
3.64299e+07
3.66164e+07
3.68317e+07
3.69946e+07
3.70388e+07
3.69316e+07
3.66857e+07
3.63537e+07
3.60089e+07
3.57274e+07
3.55677e+07
3.55623e+07
3.57057e+07
3.5961e+07
3.62706e+07
3.65761e+07
3.68421e+07
3.70691e+07
3.72848e+07
3.75139e+07
3.77551e+07
3.79712e+07
3.81052e+07
3.81078e+07
3.79691e+07
3.77285e+07
3.74693e+07
3.72785e+07
3.71979e+07
3.72144e+07
3.7292e+07
3.74038e+07
3.75307e+07
3.76512e+07
3.7736e+07
3.77599e+07
3.77193e+07
3.76417e+07
3.75901e+07
3.76454e+07
3.78636e+07
3.82319e+07
3.86779e+07
3.91152e+07
3.94893e+07
3.97794e+07
3.99792e+07
4.00881e+07
4.01126e+07
4.00684e+07
3.99765e+07
3.9858e+07
3.97299e+07
3.95997e+07
3.94724e+07
3.93553e+07
3.92562e+07
3.91832e+07
3.91375e+07
3.91197e+07
3.91241e+07
3.91449e+07
3.91744e+07
3.9197e+07
3.9194e+07
3.91424e+07
3.90251e+07
3.88429e+07
3.86151e+07
3.83704e+07
3.81332e+07
3.79163e+07
3.77257e+07
3.75738e+07
3.74742e+07
3.74296e+07
3.74319e+07
3.74691e+07
3.75316e+07
3.7615e+07
3.77144e+07
3.78238e+07
3.79396e+07
3.8054e+07
3.8154e+07
3.8222e+07
3.8244e+07
3.82078e+07
3.81101e+07
3.7948e+07
3.77275e+07
3.74639e+07
3.7188e+07
3.69359e+07
3.67391e+07
3.66121e+07
3.65494e+07
3.65353e+07
3.65575e+07
3.66173e+07
3.67299e+07
3.69127e+07
3.71773e+07
3.75202e+07
3.7918e+07
3.83298e+07
3.87046e+07
3.89874e+07
3.91328e+07
3.91054e+07
3.88851e+07
3.84632e+07
3.78532e+07
3.71077e+07
3.63406e+07
3.57247e+07
3.54287e+07
3.55029e+07
3.58302e+07
3.62104e+07
3.64884e+07
3.66058e+07
3.65802e+07
3.64587e+07
3.629e+07
3.61291e+07
3.60347e+07
3.60605e+07
3.62353e+07
3.65491e+07
3.69647e+07
3.74295e+07
3.79017e+07
3.83499e+07
3.87429e+07
3.9054e+07
3.92606e+07
3.93615e+07
3.93867e+07
3.93833e+07
3.93783e+07
3.9362e+07
3.9296e+07
3.91425e+07
3.88877e+07
3.85373e+07
3.81104e+07
3.76298e+07
3.71141e+07
3.65784e+07
3.60398e+07
3.55381e+07
3.5134e+07
3.48863e+07
3.48135e+07
3.48732e+07
3.49863e+07
3.50762e+07
3.50893e+07
3.49954e+07
3.47831e+07
3.44668e+07
3.4098e+07
3.37718e+07
3.36151e+07
3.37413e+07
3.41926e+07
3.49105e+07
3.57649e+07
3.66145e+07
3.7359e+07
3.79507e+07
3.83788e+07
3.86427e+07
3.87373e+07
3.86613e+07
3.84322e+07
3.80935e+07
3.77168e+07
3.73787e+07
3.71457e+07
3.7057e+07
3.71201e+07
3.73126e+07
3.75881e+07
3.78842e+07
3.81458e+07
3.83351e+07
3.84404e+07
3.84736e+07
3.84616e+07
3.84345e+07
3.84151e+07
3.84076e+07
3.84018e+07
3.83855e+07
3.83577e+07
3.83316e+07
3.83315e+07
3.83859e+07
3.85134e+07
3.87166e+07
3.89821e+07
3.92828e+07
3.95884e+07
3.9878e+07
4.01484e+07
4.04107e+07
4.06665e+07
4.08953e+07
4.10449e+07
4.10639e+07
4.09375e+07
4.07102e+07
4.04736e+07
4.03298e+07
4.03476e+07
4.05406e+07
4.08655e+07
4.12457e+07
4.15927e+07
4.18286e+07
4.18961e+07
4.1765e+07
4.14382e+07
4.09466e+07
4.03487e+07
3.97139e+07
3.91065e+07
3.8572e+07
3.81272e+07
3.77618e+07
3.74462e+07
3.71463e+07
3.68443e+07
3.65479e+07
3.6289e+07
3.61143e+07
3.60647e+07
3.61678e+07
3.64332e+07
3.68438e+07
3.73528e+07
3.78953e+07
3.84019e+07
3.88185e+07
3.9121e+07
3.93125e+07
3.94177e+07
3.94768e+07
3.95286e+07
3.96089e+07
3.97371e+07
3.99181e+07
4.01406e+07
4.03845e+07
4.06246e+07
4.08344e+07
4.09904e+07
4.10737e+07
4.10773e+07
4.10111e+07
4.09032e+07
4.07909e+07
4.07054e+07
4.06563e+07
4.06226e+07
4.05627e+07
4.04285e+07
4.01766e+07
3.97798e+07
3.92263e+07
3.85236e+07
3.77029e+07
3.6828e+07
3.59934e+07
3.5318e+07
3.49161e+07
3.4854e+07
3.51255e+07
3.56621e+07
3.63792e+07
3.72003e+07
3.80497e+07
3.88426e+07
3.95004e+07
3.99674e+07
4.02225e+07
4.02769e+07
4.01593e+07
3.98982e+07
3.95135e+07
3.9015e+07
3.84113e+07
3.7717e+07
3.69557e+07
3.61672e+07
3.54011e+07
3.47151e+07
3.41627e+07
3.37856e+07
3.36084e+07
3.36341e+07
3.38361e+07
3.41603e+07
3.4535e+07
3.48932e+07
3.5194e+07
3.54347e+07
3.56421e+07
3.58491e+07
3.60818e+07
3.6348e+07
3.6647e+07
3.69789e+07
3.7339e+07
3.77176e+07
3.80936e+07
3.84335e+07
3.87005e+07
3.88698e+07
3.89341e+07
3.89117e+07
3.88356e+07
3.87417e+07
3.86516e+07
3.85598e+07
3.84383e+07
3.82523e+07
3.79803e+07
3.76287e+07
3.72262e+07
3.68107e+07
3.64249e+07
3.61198e+07
3.5953e+07
3.5975e+07
3.62015e+07
3.65895e+07
3.70431e+07
3.74631e+07
3.77791e+07
3.79686e+07
3.80426e+07
3.80224e+07
3.7926e+07
3.77602e+07
3.75345e+07
3.72698e+07
3.70163e+07
3.68307e+07
3.67564e+07
3.6789e+07
3.68739e+07
3.6936e+07
3.6935e+07
3.69083e+07
3.69536e+07
3.71605e+07
3.75338e+07
3.79935e+07
3.84255e+07
3.87318e+07
3.88455e+07
3.8732e+07
3.83883e+07
3.78401e+07
3.71446e+07
3.63805e+07
3.56279e+07
3.4941e+07
3.43576e+07
3.39603e+07
3.39219e+07
3.43804e+07
3.52364e+07
3.6196e+07
3.70118e+07
3.75922e+07
3.79509e+07
3.81435e+07
3.8233e+07
3.82801e+07
3.83387e+07
3.84526e+07
3.86394e+07
3.88749e+07
3.90981e+07
3.92405e+07
3.92419e+07
3.90666e+07
3.87005e+07
3.81548e+07
3.74715e+07
3.67291e+07
3.60322e+07
3.54878e+07
3.51705e+07
3.51043e+07
3.52764e+07
3.56522e+07
3.61906e+07
3.68445e+07
3.75652e+07
3.83034e+07
3.90169e+07
3.96722e+07
4.02491e+07
4.07324e+07
4.11095e+07
4.13662e+07
4.1491e+07
4.14733e+07
4.13135e+07
4.10334e+07
4.06737e+07
4.02871e+07
3.99316e+07
3.96587e+07
3.95006e+07
3.94633e+07
3.95226e+07
3.96289e+07
3.97166e+07
3.9717e+07
3.95792e+07
3.92854e+07
3.88671e+07
3.84165e+07
3.80667e+07
3.79327e+07
3.80317e+07
3.82654e+07
3.84804e+07
3.85479e+07
3.8407e+07
3.80715e+07
3.76126e+07
3.71308e+07
3.67229e+07
3.64505e+07
3.63426e+07
3.6402e+07
3.66188e+07
3.6974e+07
3.7429e+07
3.792e+07
3.83594e+07
3.86593e+07
3.876e+07
3.86527e+07
3.83847e+07
3.80539e+07
3.77855e+07
3.76945e+07
3.78422e+07
3.82183e+07
3.87503e+07
3.93455e+07
3.99145e+07
4.03804e+07
4.06795e+07
4.07668e+07
4.06231e+07
4.02543e+07
3.9687e+07
3.89624e+07
3.81377e+07
3.72861e+07
3.64959e+07
3.58664e+07
3.54779e+07
3.53565e+07
3.54649e+07
3.57327e+07
3.60921e+07
3.64935e+07
3.68951e+07
3.72615e+07
3.75545e+07
3.77353e+07
3.77784e+07
3.76709e+07
3.74229e+07
3.70641e+07
3.66484e+07
3.62497e+07
3.59475e+07
3.58045e+07
3.58498e+07
3.60806e+07
3.64641e+07
3.69503e+07
3.74677e+07
3.79411e+07
3.83102e+07
3.85411e+07
3.86209e+07
3.85465e+07
3.8319e+07
3.79614e+07
3.75353e+07
3.71518e+07
3.69439e+07
3.70164e+07
3.73922e+07
3.79963e+07
3.86891e+07
3.93268e+07
3.98045e+07
4.00846e+07
4.01883e+07
4.01749e+07
4.01088e+07
4.0036e+07
3.99667e+07
3.98841e+07
3.97532e+07
3.95383e+07
3.92183e+07
3.8791e+07
3.82798e+07
3.77275e+07
3.71851e+07
3.67017e+07
3.6317e+07
3.60515e+07
3.58995e+07
3.58302e+07
3.58142e+07
3.58521e+07
3.59737e+07
3.62168e+07
3.65928e+07
3.70714e+07
3.75926e+07
3.80788e+07
3.846e+07
3.86912e+07
3.87589e+07
3.86786e+07
3.84764e+07
3.81781e+07
3.78013e+07
3.73697e+07
3.69272e+07
3.65443e+07
3.62994e+07
3.62519e+07
3.64177e+07
3.67686e+07
3.72433e+07
3.77687e+07
3.82766e+07
3.87135e+07
3.90392e+07
3.92296e+07
3.92824e+07
3.92122e+07
3.90449e+07
3.88061e+07
3.85172e+07
3.81977e+07
3.78655e+07
3.75385e+07
3.72319e+07
3.69537e+07
3.6704e+07
3.64846e+07
3.63012e+07
3.61655e+07
3.60816e+07
3.60451e+07
3.60431e+07
3.60696e+07
3.61262e+07
3.62248e+07
3.63789e+07
3.65936e+07
3.68531e+07
3.71224e+07
3.73603e+07
3.75316e+07
3.76162e+07
3.7612e+07
3.75376e+07
3.74204e+07
3.72723e+07
3.7083e+07
3.68307e+07
3.65243e+07
3.62214e+07
3.60191e+07
3.59924e+07
3.61479e+07
3.64225e+07
3.67334e+07
3.70199e+07
3.72684e+07
3.75049e+07
3.77707e+07
3.80911e+07
3.84541e+07
3.8815e+07
3.91092e+07
3.92767e+07
3.92781e+07
3.91107e+07
3.88142e+07
3.8458e+07
3.81236e+07
3.78798e+07
3.7766e+07
3.7782e+07
3.78987e+07
3.80642e+07
3.82307e+07
3.83634e+07
3.8453e+07
3.85065e+07
3.85362e+07
3.85478e+07
3.85358e+07
3.84897e+07
3.84114e+07
3.83278e+07
3.82843e+07
3.83215e+07
3.84526e+07
3.86624e+07
3.89162e+07
3.91687e+07
3.93672e+07
3.94568e+07
3.93935e+07
3.91568e+07
3.87621e+07
3.82526e+07
3.76859e+07
3.71261e+07
3.66289e+07
3.6248e+07
3.60236e+07
3.59802e+07
3.61161e+07
3.63984e+07
3.67669e+07
3.71499e+07
3.74822e+07
3.77153e+07
3.78158e+07
3.77685e+07
3.75746e+07
3.72502e+07
3.68236e+07
3.6325e+07
3.57848e+07
3.5239e+07
3.47329e+07
3.43208e+07
3.4054e+07
3.39562e+07
3.40192e+07
3.42042e+07
3.44607e+07
3.47433e+07
3.50207e+07
3.52711e+07
3.54782e+07
3.56236e+07
3.56949e+07
3.56903e+07
3.5623e+07
3.5514e+07
3.53786e+07
3.52197e+07
3.5031e+07
3.48141e+07
