3.7331e-21
3.72271e-21
3.70414e-21
3.67628e-21
3.63759e-21
3.58611e-21
3.51945e-21
3.4349e-21
3.32992e-21
3.20229e-21
3.05103e-21
2.87723e-21
2.68512e-21
2.48249e-21
2.28042e-21
2.09182e-21
1.92882e-21
1.80054e-21
1.71161e-21
1.66198e-21
1.64785e-21
1.66292e-21
1.69977e-21
1.75088e-21
1.80946e-21
1.86986e-21
1.92773e-21
1.98007e-21
2.0251e-21
2.06211e-21
2.09107e-21
2.11236e-21
2.1264e-21
2.13335e-21
2.13318e-21
2.1258e-21
2.11137e-21
2.0905e-21
2.06453e-21
2.03546e-21
2.00574e-21
1.97809e-21
1.95535e-21
1.94012e-21
1.93435e-21
1.93869e-21
1.95213e-21
1.97216e-21
1.99553e-21
2.01903e-21
4.71316e-21
4.69683e-21
4.64575e-21
4.56258e-21
4.45226e-21
4.32297e-21
4.18642e-21
4.0563e-21
3.94505e-21
3.8603e-21
3.80357e-21
3.77085e-21
3.75485e-21
3.74714e-21
3.7398e-21
3.72645e-21
3.7032e-21
3.66912e-21
3.62682e-21
3.5822e-21
3.54328e-21
3.51749e-21
3.50875e-21
3.51592e-21
3.53347e-21
3.55371e-21
3.56975e-21
3.5779e-21
3.57771e-21
3.56986e-21
3.55315e-21
3.52384e-21
3.47904e-21
3.42141e-21
3.36115e-21
3.31262e-21
3.28702e-21
3.28671e-21
3.30499e-21
3.33143e-21
3.35789e-21
3.38115e-21
3.40158e-21
3.41994e-21
3.43521e-21
3.44517e-21
3.44858e-21
3.44624e-21
3.44025e-21
3.43263e-21
3.5234e-21
3.51344e-21
3.50281e-21
3.49212e-21
3.48227e-21
3.47452e-21
3.47055e-21
3.47288e-21
3.48412e-21
3.50506e-21
3.53323e-21
3.5638e-21
3.5924e-21
3.61716e-21
3.63872e-21
3.65876e-21
3.67843e-21
3.69695e-21
3.71202e-21
3.72178e-21
3.72628e-21
3.72664e-21
3.72379e-21
3.71867e-21
3.71402e-21
3.71446e-21
3.72284e-21
3.73622e-21
3.7467e-21
3.7474e-21
3.73705e-21
3.71995e-21
3.70268e-21
3.69048e-21
3.68531e-21
3.68596e-21
3.68935e-21
3.69182e-21
3.69009e-21
3.68162e-21
3.66473e-21
3.63879e-21
3.60495e-21
3.56757e-21
3.53583e-21
3.52312e-21
3.5413e-21
3.59187e-21
3.66326e-21
3.73819e-21
4.01547e-21
4.0599e-21
4.08241e-21
4.08531e-21
4.07292e-21
4.0506e-21
4.0237e-21
3.99655e-21
3.97177e-21
3.94989e-21
3.92938e-21
3.90694e-21
3.87862e-21
3.84147e-21
3.79525e-21
3.7429e-21
3.68948e-21
3.64018e-21
3.59834e-21
3.56415e-21
3.53493e-21
3.50706e-21
3.47847e-21
3.45036e-21
3.42695e-21
3.41331e-21
3.41251e-21
3.42396e-21
3.44422e-21
3.46931e-21
3.49708e-21
3.52757e-21
3.5612e-21
3.59679e-21
3.63098e-21
3.65961e-21
3.6796e-21
3.69018e-21
3.69309e-21
3.69133e-21
3.68717e-21
3.68055e-21
3.67023e-21
3.65775e-21
3.65038e-21
3.65783e-21
3.68314e-21
3.71861e-21
3.75233e-21
3.777e-21
3.8416e-21
3.84955e-21
3.85298e-21
3.85245e-21
3.84761e-21
3.83875e-21
3.82746e-21
3.81612e-21
3.80707e-21
3.80162e-21
3.79933e-21
3.79793e-21
3.79399e-21
3.78419e-21
3.76615e-21
3.73867e-21
3.70156e-21
3.65539e-21
3.60161e-21
3.54324e-21
3.48591e-21
3.43837e-21
3.41032e-21
3.40839e-21
3.4331e-21
3.47833e-21
3.53394e-21
3.58952e-21
3.63733e-21
3.67282e-21
3.69403e-21
3.70086e-21
3.69518e-21
3.68117e-21
3.66584e-21
3.65814e-21
3.66673e-21
3.69675e-21
3.74743e-21
3.81228e-21
3.88147e-21
3.94502e-21
3.99422e-21
4.02158e-21
4.02095e-21
3.98884e-21
3.92613e-21
3.83913e-21
3.73854e-21
3.63698e-21
3.55254e-21
3.48099e-21
3.4334e-21
3.41051e-21
3.40942e-21
3.42481e-21
3.45065e-21
3.48165e-21
3.51386e-21
3.5441e-21
3.56948e-21
3.58815e-21
3.60121e-21
3.61415e-21
3.63564e-21
3.67333e-21
3.72919e-21
3.79823e-21
3.87117e-21
3.93797e-21
3.99037e-21
4.02268e-21
4.03184e-21
4.01762e-21
3.98269e-21
3.93283e-21
3.87682e-21
3.82494e-21
3.78594e-21
3.76348e-21
3.75542e-21
3.75649e-21
3.76157e-21
3.7675e-21
3.77272e-21
3.77612e-21
3.77621e-21
3.77137e-21
3.76079e-21
3.74539e-21
3.72793e-21
3.71214e-21
3.70072e-21
3.69404e-21
3.69005e-21
3.6858e-21
3.67939e-21
3.67122e-21
3.66388e-21
3.66058e-21
3.66313e-21
3.67099e-21
3.68204e-21
3.69413e-21
3.70618e-21
3.71844e-21
3.73208e-21
3.74824e-21
3.76675e-21
3.78528e-21
3.79975e-21
3.80502e-21
3.79604e-21
3.76964e-21
3.72806e-21
3.68259e-21
3.65138e-21
3.64695e-21
3.66577e-21
3.69375e-21
3.71947e-21
3.739e-21
3.75295e-21
3.76283e-21
3.76952e-21
3.7735e-21
3.77553e-21
3.77718e-21
3.7812e-21
3.7909e-21
3.8085e-21
3.83341e-21
3.86119e-21
3.88413e-21
3.89355e-21
3.88259e-21
3.84837e-21
3.79311e-21
3.72404e-21
3.65263e-21
3.59229e-21
3.55522e-21
3.54864e-21
3.57202e-21
3.61771e-21
3.67459e-21
3.73254e-21
3.78517e-21
3.82981e-21
3.86502e-21
3.88811e-21
3.89445e-21
3.87962e-21
3.84277e-21
3.78957e-21
3.73282e-21
3.68976e-21
3.67554e-21
3.69497e-21
3.73862e-21
3.78767e-21
3.82357e-21
3.83523e-21
3.82054e-21
3.78484e-21
3.73772e-21
3.68947e-21
3.64812e-21
3.61848e-21
3.6022e-21
3.59749e-21
3.59944e-21
3.60229e-21
3.60284e-21
3.60198e-21
3.60257e-21
3.60586e-21
3.60959e-21
3.60919e-21
3.60048e-21
3.5825e-21
3.55887e-21
3.53717e-21
3.52698e-21
3.53697e-21
3.57234e-21
3.63323e-21
3.71481e-21
3.80873e-21
3.90496e-21
3.9936e-21
4.06617e-21
4.11592e-21
4.13804e-21
4.12966e-21
4.0899e-21
4.02013e-21
3.92496e-21
3.8153e-21
3.71212e-21
3.64402e-21
3.63255e-21
3.67622e-21
3.75277e-21
3.83535e-21
3.90444e-21
3.95003e-21
3.96957e-21
3.96577e-21
3.94479e-21
3.9142e-21
3.88046e-21
3.84665e-21
3.81227e-21
3.77487e-21
3.73266e-21
3.68641e-21
3.64051e-21
3.60311e-21
3.58432e-21
3.59156e-21
3.62412e-21
3.67136e-21
3.71691e-21
3.74547e-21
3.74749e-21
3.72116e-21
3.67243e-21
3.61372e-21
3.56092e-21
3.52867e-21
3.52526e-21
3.54998e-21
3.59484e-21
3.64976e-21
3.70717e-21
3.76357e-21
3.818e-21
3.86985e-21
3.9173e-21
3.95774e-21
3.9892e-21
4.01167e-21
4.0272e-21
4.03922e-21
4.05119e-21
4.06532e-21
4.08161e-21
4.09803e-21
4.11132e-21
4.11782e-21
4.11431e-21
4.09853e-21
4.06942e-21
4.02719e-21
3.97364e-21
3.91209e-21
3.84655e-21
3.78073e-21
3.71759e-21
3.66079e-21
3.61634e-21
3.59296e-21
3.59898e-21
3.63701e-21
3.69966e-21
3.77106e-21
3.83439e-21
3.87864e-21
3.90003e-21
3.90022e-21
3.88459e-21
3.86129e-21
3.84027e-21
3.83065e-21
3.83806e-21
3.86272e-21
3.89992e-21
3.94195e-21
3.98073e-21
4.00951e-21
4.02428e-21
4.02431e-21
4.01283e-21
3.99637e-21
3.98186e-21
3.97303e-21
3.96928e-21
3.96816e-21
3.96833e-21
3.97034e-21
3.97511e-21
3.98178e-21
3.98661e-21
3.98365e-21
3.96629e-21
3.92928e-21
3.87024e-21
3.79089e-21
3.69722e-21
3.59912e-21
3.50887e-21
3.43839e-21
3.39585e-21
3.38327e-21
3.39694e-21
3.43004e-21
3.47533e-21
3.52637e-21
3.57694e-21
3.62029e-21
3.64971e-21
3.66061e-21
3.65332e-21
3.63437e-21
3.61477e-21
3.60515e-21
3.61041e-21
3.62904e-21
3.65617e-21
3.68674e-21
3.71656e-21
3.74172e-21
3.75846e-21
3.76341e-21
3.75493e-21
3.7339e-21
3.70387e-21
3.67008e-21
3.63732e-21
3.60824e-21
3.58284e-21
3.55928e-21
3.53476e-21
3.50682e-21
3.47471e-21
3.44167e-21
3.41635e-21
3.41095e-21
3.43427e-21
3.48472e-21
3.54994e-21
3.61337e-21
3.66184e-21
3.68952e-21
3.69832e-21
3.6956e-21
3.6904e-21
3.69014e-21
3.69941e-21
3.71999e-21
3.74984e-21
3.78262e-21
3.81027e-21
3.82708e-21
3.8314e-21
3.82494e-21
3.81147e-21
3.7958e-21
3.78287e-21
3.77627e-21
3.77701e-21
3.78337e-21
3.79215e-21
3.80044e-21
3.80676e-21
3.81071e-21
3.8121e-21
3.81027e-21
3.80428e-21
3.79389e-21
3.78006e-21
3.76502e-21
3.75138e-21
3.74089e-21
3.7335e-21
3.72753e-21
3.72111e-21
3.71356e-21
3.70524e-21
3.69582e-21
3.68354e-21
3.66759e-21
3.65209e-21
3.64613e-21
3.65673e-21
3.68069e-21
3.70624e-21
3.72208e-21
3.72333e-21
3.71118e-21
3.6903e-21
3.66666e-21
3.64567e-21
3.63016e-21
3.61938e-21
3.6104e-21
3.60144e-21
3.59406e-21
3.59294e-21
3.60308e-21
3.62668e-21
3.66154e-21
3.70135e-21
3.73771e-21
3.76267e-21
3.77096e-21
3.76123e-21
3.73643e-21
3.70285e-21
3.66806e-21
3.63865e-21
3.61814e-21
3.60642e-21
3.60087e-21
3.59825e-21
3.59666e-21
3.59676e-21
3.60162e-21
3.61503e-21
3.63951e-21
3.67486e-21
3.71848e-21
3.76684e-21
3.81674e-21
3.86516e-21
3.90824e-21
3.94099e-21
3.95836e-21
3.957e-21
3.93649e-21
3.89971e-21
3.85235e-21
3.80216e-21
3.75821e-21
3.72983e-21
3.72429e-21
3.74339e-21
3.78227e-21
3.83188e-21
3.8831e-21
3.929e-21
3.96465e-21
3.98667e-21
3.99354e-21
3.98629e-21
3.96864e-21
3.94597e-21
3.92403e-21
3.90768e-21
3.9002e-21
3.9029e-21
3.91475e-21
3.9323e-21
3.95074e-21
3.96497e-21
3.97079e-21
3.96526e-21
3.94678e-21
3.91531e-21
3.87356e-21
3.82816e-21
3.78945e-21
3.7681e-21
3.76995e-21
3.79305e-21
3.82955e-21
3.87089e-21
3.91118e-21
3.94724e-21
3.97716e-21
3.99921e-21
4.01218e-21
4.01582e-21
4.01158e-21
4.00259e-21
3.99261e-21
3.9844e-21
3.97826e-21
3.9728e-21
3.96733e-21
3.96272e-21
3.95931e-21
3.95507e-21
3.94607e-21
3.92886e-21
3.90213e-21
3.86722e-21
3.82735e-21
3.78647e-21
3.74801e-21
3.714e-21
3.68535e-21
3.66274e-21
3.64667e-21
3.63604e-21
3.62822e-21
3.62115e-21
3.6156e-21
3.61448e-21
3.62072e-21
3.63479e-21
3.65496e-21
3.67946e-21
3.70776e-21
3.73969e-21
3.7736e-21
3.80618e-21
3.83406e-21
3.85544e-21
3.87069e-21
3.88147e-21
3.88951e-21
3.89624e-21
3.90304e-21
3.91142e-21
3.92219e-21
3.93455e-21
3.94658e-21
3.95623e-21
3.96146e-21
3.95958e-21
3.94705e-21
3.92038e-21
3.87781e-21
3.82043e-21
3.75256e-21
3.68087e-21
3.61295e-21
3.55516e-21
3.51107e-21
3.48085e-21
3.46249e-21
3.45385e-21
3.45391e-21
3.46243e-21
3.47852e-21
3.4999e-21
3.52359e-21
3.5476e-21
3.57267e-21
3.6031e-21
3.6453e-21
3.70475e-21
3.7822e-21
3.87199e-21
3.96306e-21
4.0423e-21
4.09939e-21
4.13041e-21
4.13792e-21
4.12808e-21
4.10673e-21
4.07766e-21
4.04401e-21
4.00996e-21
3.98057e-21
3.95953e-21
3.9472e-21
3.9407e-21
3.93562e-21
3.9276e-21
3.91342e-21
3.89169e-21
3.86302e-21
3.82917e-21
3.79163e-21
3.75143e-21
3.71005e-21
3.6701e-21
3.63555e-21
3.61101e-21
3.60055e-21
3.60572e-21
3.62457e-21
3.65258e-21
3.68503e-21
3.71887e-21
3.75256e-21
3.78474e-21
3.81349e-21
3.83651e-21
3.85243e-21
3.86183e-21
3.86725e-21
3.87198e-21
3.87841e-21
3.88756e-21
3.90007e-21
3.91673e-21
3.93785e-21
3.96161e-21
3.98367e-21
3.99828e-21
3.99998e-21
3.98493e-21
3.95151e-21
3.9011e-21
3.83843e-21
3.77106e-21
3.70728e-21
3.6532e-21
3.61162e-21
3.5835e-21
3.57042e-21
3.57554e-21
3.6016e-21
3.64752e-21
3.70677e-21
3.76874e-21
3.82224e-21
3.85899e-21
3.87588e-21
3.87478e-21
3.86063e-21
3.83913e-21
3.81583e-21
3.79615e-21
3.78534e-21
3.78745e-21
3.80382e-21
3.83205e-21
3.86621e-21
3.89844e-21
3.92137e-21
3.93013e-21
3.92391e-21
3.90675e-21
3.88706e-21
3.87563e-21
3.88176e-21
3.90979e-21
3.95751e-21
4.01779e-21
4.0814e-21
4.1392e-21
4.1834e-21
4.20819e-21
4.21079e-21
4.1931e-21
4.16263e-21
4.13073e-21
4.10646e-21
4.09006e-21
4.07372e-21
4.04823e-21
4.00918e-21
3.95793e-21
3.89938e-21
3.83862e-21
3.77815e-21
3.71626e-21
3.64777e-21
3.56736e-21
3.47425e-21
3.37606e-21
3.28868e-21
3.23083e-21
3.21534e-21
3.24326e-21
3.30545e-21
3.38827e-21
3.47837e-21
3.56468e-21
3.63878e-21
3.69498e-21
3.73063e-21
3.7464e-21
3.74581e-21
3.73419e-21
3.71734e-21
3.70048e-21
3.68785e-21
3.68248e-21
3.68592e-21
3.69815e-21
3.71773e-21
3.74251e-21
3.77029e-21
3.79905e-21
3.82669e-21
3.85094e-21
3.86976e-21
3.88173e-21
3.88632e-21
3.88307e-21
3.87052e-21
3.8453e-21
3.80269e-21
3.73895e-21
3.65464e-21
3.55759e-21
3.46288e-21
3.38793e-21
3.34515e-21
3.33703e-21
3.35741e-21
3.39557e-21
3.44005e-21
3.48164e-21
3.51559e-21
3.54194e-21
3.56396e-21
3.58583e-21
3.61055e-21
3.63872e-21
3.66852e-21
3.69625e-21
3.71745e-21
3.72809e-21
3.72613e-21
3.7127e-21
3.69247e-21
3.67235e-21
3.65855e-21
3.65319e-21
3.65388e-21
3.6558e-21
3.65486e-21
3.64992e-21
3.64307e-21
3.63859e-21
3.64108e-21
3.65357e-21
3.67624e-21
3.70656e-21
3.7405e-21
3.77417e-21
3.80485e-21
3.83146e-21
3.85429e-21
3.87477e-21
3.89481e-21
3.91605e-21
3.93857e-21
3.96043e-21
3.97797e-21
3.98711e-21
3.98458e-21
3.96873e-21
3.93921e-21
3.89591e-21
3.8383e-21
3.76566e-21
3.67855e-21
3.58083e-21
3.48072e-21
3.39008e-21
3.32168e-21
3.28578e-21
3.28789e-21
3.32804e-21
3.40144e-21
3.50009e-21
3.61419e-21
3.73359e-21
3.84871e-21
3.95171e-21
4.03685e-21
4.10048e-21
4.14065e-21
4.1566e-21
4.14859e-21
4.11851e-21
4.07087e-21
4.01344e-21
3.95638e-21
3.90938e-21
3.8776e-21
3.85928e-21
3.84728e-21
3.83408e-21
3.81567e-21
3.79324e-21
3.77233e-21
3.76056e-21
3.76437e-21
3.78693e-21
3.82722e-21
3.8809e-21
3.94185e-21
4.00352e-21
4.05963e-21
4.10449e-21
4.1327e-21
4.13875e-21
4.117e-21
4.0631e-21
3.97745e-21
3.86989e-21
3.76199e-21
3.67945e-21
3.6356e-21
3.6216e-21
3.61599e-21
3.60214e-21
3.57678e-21
3.54645e-21
3.52013e-21
3.50399e-21
3.49965e-21
3.5052e-21
3.51697e-21
3.53091e-21
3.54344e-21
3.55251e-21
3.55883e-21
3.56656e-21
3.58228e-21
3.61186e-21
3.65611e-21
3.70813e-21
3.75473e-21
3.78153e-21
3.77858e-21
3.74363e-21
3.68223e-21
3.60599e-21
3.52965e-21
3.46731e-21
3.42834e-21
3.41472e-21
3.42129e-21
3.43907e-21
3.45916e-21
3.4752e-21
3.48359e-21
3.48214e-21
3.46905e-21
3.44352e-21
3.40715e-21
3.36483e-21
3.32441e-21
3.295e-21
3.28496e-21
3.29956e-21
3.33842e-21
3.39441e-21
3.45707e-21
3.51821e-21
3.57512e-21
3.62888e-21
3.68015e-21
3.72627e-21
3.76121e-21
3.77784e-21
3.7701e-21
3.73429e-21
3.66989e-21
3.58099e-21
3.47843e-21
3.38098e-21
3.31179e-21
3.28962e-21
3.3206e-21
3.39585e-21
3.49526e-21
3.59581e-21
3.67958e-21
3.73746e-21
3.76807e-21
3.77506e-21
3.76494e-21
3.74543e-21
3.72443e-21
3.70896e-21
3.70409e-21
3.71232e-21
3.7333e-21
3.76353e-21
3.79655e-21
3.82419e-21
3.83833e-21
3.83289e-21
3.80549e-21
3.75832e-21
3.69857e-21
3.63779e-21
3.58963e-21
3.56552e-21
3.57009e-21
3.59922e-21
3.64243e-21
3.6876e-21
3.72486e-21
3.74853e-21
3.7572e-21
3.75289e-21
3.74021e-21
3.72559e-21
3.71562e-21
3.71519e-21
3.72587e-21
3.74584e-21
3.77141e-21
3.79879e-21
3.82536e-21
3.84939e-21
3.86931e-21
3.88285e-21
3.88728e-21
3.88095e-21
3.86491e-21
3.844e-21
3.82555e-21
3.81656e-21
3.82079e-21
3.83805e-21
3.86513e-21
3.89724e-21
3.92898e-21
3.95529e-21
3.97204e-21
3.97641e-21
3.96701e-21
3.9439e-21
3.90861e-21
3.8643e-21
3.81533e-21
3.76673e-21
3.72345e-21
3.68993e-21
3.66978e-21
3.66462e-21
3.67294e-21
3.68968e-21
3.70814e-21
3.72242e-21
3.72929e-21
3.72821e-21
3.72038e-21
3.70782e-21
3.69335e-21
3.68176e-21
3.6803e-21
3.6965e-21
3.73305e-21
3.78361e-21
3.8345e-21
3.87116e-21
3.88376e-21
3.86966e-21
3.83328e-21
3.78512e-21
3.7403e-21
3.7145e-21
3.71641e-21
3.74196e-21
3.77671e-21
3.80533e-21
3.81929e-21
3.81811e-21
3.80626e-21
3.78935e-21
3.77151e-21
3.75504e-21
3.74082e-21
3.72922e-21
3.72088e-21
3.71738e-21
3.7215e-21
3.73717e-21
3.76829e-21
3.81675e-21
3.88028e-21
3.95177e-21
4.02087e-21
4.07741e-21
4.11435e-21
4.12887e-21
4.12237e-21
4.09987e-21
4.06924e-21
4.0393e-21
4.01726e-21
4.00638e-21
4.00579e-21
4.01185e-21
4.01991e-21
4.02563e-21
4.02544e-21
4.01662e-21
3.99716e-21
3.96608e-21
3.92373e-21
3.87263e-21
3.81793e-21
3.7666e-21
3.72454e-21
3.69327e-21
3.66866e-21
3.64342e-21
3.61132e-21
3.57035e-21
3.52348e-21
3.47749e-21
3.44108e-21
3.42277e-21
3.42903e-21
3.46246e-21
3.52038e-21
3.59537e-21
3.67735e-21
3.75627e-21
3.82479e-21
3.87965e-21
3.92184e-21
3.95546e-21
3.98572e-21
4.01628e-21
4.04627e-21
4.06955e-21
4.07818e-21
4.06856e-21
4.04485e-21
4.01799e-21
4.00106e-21
4.00427e-21
4.03149e-21
4.07917e-21
4.13796e-21
4.19599e-21
4.24237e-21
4.26921e-21
4.2724e-21
4.25159e-21
4.20918e-21
4.14951e-21
4.07754e-21
3.99792e-21
3.91497e-21
3.83307e-21
3.75704e-21
3.69197e-21
3.64253e-21
3.61197e-21
3.60183e-21
3.61204e-21
3.64121e-21
3.6868e-21
3.74451e-21
3.80799e-21
3.8692e-21
3.91984e-21
3.9531e-21
3.96488e-21
3.95398e-21
3.92182e-21
3.87207e-21
3.81033e-21
