2.73153e-21
2.72393e-21
2.71035e-21
2.68996e-21
2.66165e-21
2.62398e-21
2.57521e-21
2.51334e-21
2.43653e-21
2.34314e-21
2.23246e-21
2.10529e-21
1.96472e-21
1.81646e-21
1.6686e-21
1.5306e-21
1.41134e-21
1.31747e-21
1.2524e-21
1.21609e-21
1.20575e-21
1.21677e-21
1.24374e-21
1.28113e-21
1.32399e-21
1.36819e-21
1.41054e-21
1.44883e-21
1.48178e-21
1.50886e-21
1.53005e-21
1.54563e-21
1.5559e-21
1.56099e-21
1.56086e-21
1.55547e-21
1.5449e-21
1.52964e-21
1.51063e-21
1.48936e-21
1.46761e-21
1.44738e-21
1.43074e-21
1.4196e-21
1.41538e-21
1.41855e-21
1.42839e-21
1.44305e-21
1.46014e-21
1.47734e-21
3.44867e-21
3.43672e-21
3.39934e-21
3.33849e-21
3.25777e-21
3.16316e-21
3.06325e-21
2.96804e-21
2.88663e-21
2.82462e-21
2.78311e-21
2.75917e-21
2.74747e-21
2.74182e-21
2.73645e-21
2.72668e-21
2.70967e-21
2.68474e-21
2.65378e-21
2.62113e-21
2.59265e-21
2.57378e-21
2.56739e-21
2.57263e-21
2.58548e-21
2.60029e-21
2.61202e-21
2.61799e-21
2.61785e-21
2.6121e-21
2.59988e-21
2.57843e-21
2.54564e-21
2.50348e-21
2.45939e-21
2.42387e-21
2.40515e-21
2.40492e-21
2.41829e-21
2.43764e-21
2.457e-21
2.47402e-21
2.48897e-21
2.50241e-21
2.51358e-21
2.52087e-21
2.52336e-21
2.52165e-21
2.51727e-21
2.51169e-21
2.57985e-21
2.57259e-21
2.56481e-21
2.55696e-21
2.54968e-21
2.54391e-21
2.54088e-21
2.54245e-21
2.55057e-21
2.56581e-21
2.58635e-21
2.60867e-21
2.62956e-21
2.64768e-21
2.6635e-21
2.67824e-21
2.69273e-21
2.70638e-21
2.71744e-21
2.72454e-21
2.7277e-21
2.72774e-21
2.72539e-21
2.7214e-21
2.71787e-21
2.71825e-21
2.7246e-21
2.73463e-21
2.74247e-21
2.74303e-21
2.73545e-21
2.72294e-21
2.71032e-21
2.7014e-21
2.69755e-21
2.69787e-21
2.70008e-21
2.70154e-21
2.69991e-21
2.69335e-21
2.68072e-21
2.66157e-21
2.63676e-21
2.60957e-21
2.58683e-21
2.5784e-21
2.59278e-21
2.6307e-21
2.68333e-21
2.738e-21
2.93913e-21
2.9709e-21
2.98663e-21
2.98812e-21
2.97861e-21
2.96212e-21
2.94267e-21
2.9234e-21
2.90609e-21
2.89094e-21
2.87664e-21
2.86068e-21
2.84016e-21
2.81302e-21
2.77921e-21
2.74098e-21
2.70207e-21
2.66623e-21
2.63581e-21
2.6109e-21
2.58946e-21
2.56884e-21
2.54752e-21
2.52642e-21
2.50875e-21
2.49832e-21
2.49753e-21
2.506e-21
2.52123e-21
2.5403e-21
2.56159e-21
2.58499e-21
2.61054e-21
2.63708e-21
2.66195e-21
2.68212e-21
2.69558e-21
2.70206e-21
2.70304e-21
2.70086e-21
2.69718e-21
2.69186e-21
2.68393e-21
2.67453e-21
2.6691e-21
2.67471e-21
2.69342e-21
2.71952e-21
2.74442e-21
2.76294e-21
2.80818e-21
2.81497e-21
2.81862e-21
2.81939e-21
2.81685e-21
2.81119e-21
2.80356e-21
2.79578e-21
2.78963e-21
2.78595e-21
2.78426e-21
2.78271e-21
2.77876e-21
2.77012e-21
2.75521e-21
2.73332e-21
2.70443e-21
2.66909e-21
2.62851e-21
2.58516e-21
2.54346e-21
2.5101e-21
2.49229e-21
2.49467e-21
2.51695e-21
2.55393e-21
2.5978e-21
2.64113e-21
2.67869e-21
2.70757e-21
2.7264e-21
2.73487e-21
2.73374e-21
2.72521e-21
2.71347e-21
2.70453e-21
2.70507e-21
2.7201e-21
2.75058e-21
2.79273e-21
2.83968e-21
2.88397e-21
2.91898e-21
2.93918e-21
2.94001e-21
2.9187e-21
2.87554e-21
2.81462e-21
2.74325e-21
2.67023e-21
2.60053e-21
2.54674e-21
2.50938e-21
2.48934e-21
2.48498e-21
2.49281e-21
2.50867e-21
2.52888e-21
2.55057e-21
2.57138e-21
2.58931e-21
2.60343e-21
2.61528e-21
2.62962e-21
2.65298e-21
2.69022e-21
2.74135e-21
2.80125e-21
2.86219e-21
2.91646e-21
2.95809e-21
2.98312e-21
2.98962e-21
2.97754e-21
2.94889e-21
2.90803e-21
2.86159e-21
2.81742e-21
2.78231e-21
2.75947e-21
2.748e-21
2.74466e-21
2.74604e-21
2.74954e-21
2.75318e-21
2.755e-21
2.75293e-21
2.74534e-21
2.73186e-21
2.71422e-21
2.69589e-21
2.68108e-21
2.67292e-21
2.67212e-21
2.67671e-21
2.68307e-21
2.68768e-21
2.6885e-21
2.68568e-21
2.68066e-21
2.67505e-21
2.66987e-21
2.66596e-21
2.66469e-21
2.66816e-21
2.6781e-21
2.69469e-21
2.71622e-21
2.73993e-21
2.76287e-21
2.7825e-21
2.79614e-21
2.80036e-21
2.79156e-21
2.76755e-21
2.72975e-21
2.68525e-21
2.64592e-21
2.62302e-21
2.62058e-21
2.63378e-21
2.65417e-21
2.67493e-21
2.69218e-21
2.70394e-21
2.70906e-21
2.70761e-21
2.7017e-21
2.69537e-21
2.69279e-21
2.69527e-21
2.6999e-21
2.70153e-21
2.69554e-21
2.67949e-21
2.65353e-21
2.62027e-21
2.58486e-21
2.55421e-21
2.53504e-21
2.5318e-21
2.54534e-21
2.57346e-21
2.61209e-21
2.65636e-21
2.70149e-21
2.7435e-21
2.77946e-21
2.80799e-21
2.82903e-21
2.84363e-21
2.85305e-21
2.85794e-21
2.8576e-21
2.8501e-21
2.83338e-21
2.80781e-21
2.77936e-21
2.75939e-21
2.75734e-21
2.77184e-21
2.79205e-21
2.80696e-21
2.81141e-21
2.8062e-21
2.7959e-21
2.78621e-21
2.78074e-21
2.77908e-21
2.77812e-21
2.77525e-21
2.76962e-21
2.76138e-21
2.75107e-21
2.73979e-21
2.72915e-21
2.72062e-21
2.71453e-21
2.70958e-21
2.70349e-21
2.69407e-21
2.68076e-21
2.66535e-21
2.65147e-21
2.64314e-21
2.6434e-21
2.6537e-21
2.67336e-21
2.69958e-21
2.72816e-21
2.75494e-21
2.77676e-21
2.79172e-21
2.79868e-21
2.79682e-21
2.78538e-21
2.76376e-21
2.73242e-21
2.6948e-21
2.65879e-21
2.63493e-21
2.63038e-21
2.64422e-21
2.66949e-21
2.69873e-21
2.72707e-21
2.75223e-21
2.77369e-21
2.7918e-21
2.80726e-21
2.82034e-21
2.8308e-21
2.83793e-21
2.84121e-21
2.84051e-21
2.83598e-21
2.82735e-21
2.81375e-21
2.79435e-21
2.76964e-21
2.74234e-21
2.71749e-21
2.70117e-21
2.69799e-21
2.70842e-21
2.72814e-21
2.75004e-21
2.76794e-21
2.77936e-21
2.7861e-21
2.79206e-21
2.79994e-21
2.80924e-21
2.81697e-21
2.81989e-21
2.81615e-21
2.80548e-21
2.78851e-21
2.76696e-21
2.74438e-21
2.7259e-21
2.71556e-21
2.71354e-21
2.71691e-21
2.72295e-21
2.73168e-21
2.74513e-21
2.76491e-21
2.79027e-21
2.81767e-21
2.84187e-21
2.85724e-21
2.859e-21
2.84398e-21
2.81141e-21
2.76332e-21
2.70557e-21
2.64923e-21
2.60906e-21
2.59715e-21
2.6157e-21
2.65645e-21
2.70685e-21
2.75636e-21
2.79891e-21
2.83234e-21
2.85687e-21
2.87304e-21
2.88048e-21
2.87804e-21
2.86501e-21
2.84245e-21
2.81343e-21
2.78201e-21
2.75182e-21
2.72527e-21
2.70361e-21
2.68708e-21
2.67508e-21
2.66659e-21
2.6613e-21
2.66059e-21
2.66782e-21
2.68656e-21
2.71704e-21
2.75364e-21
2.78713e-21
2.81005e-21
2.82032e-21
2.82119e-21
2.81906e-21
2.82089e-21
2.83159e-21
2.85196e-21
2.87816e-21
2.90327e-21
2.91992e-21
2.92282e-21
2.91017e-21
2.88367e-21
2.84758e-21
2.80697e-21
2.76608e-21
2.72741e-21
2.6923e-21
2.66219e-21
2.63928e-21
2.6255e-21
2.62068e-21
2.62174e-21
2.62375e-21
2.62238e-21
2.61627e-21
2.60772e-21
2.60153e-21
2.60217e-21
2.61129e-21
2.62708e-21
2.64583e-21
2.6643e-21
2.68111e-21
2.6964e-21
2.7105e-21
2.72304e-21
2.73324e-21
2.74125e-21
2.7488e-21
2.75861e-21
2.77281e-21
2.79159e-21
2.81324e-21
2.83509e-21
2.8546e-21
2.86992e-21
2.87949e-21
2.88155e-21
2.87409e-21
2.85547e-21
2.82552e-21
2.78607e-21
2.74083e-21
2.69462e-21
2.65225e-21
2.61716e-21
2.59086e-21
2.57302e-21
2.56224e-21
2.55706e-21
2.55643e-21
2.55973e-21
2.56623e-21
2.57442e-21
2.58215e-21
2.58736e-21
2.58905e-21
2.58825e-21
2.58803e-21
2.59245e-21
2.60481e-21
2.62622e-21
2.655e-21
2.68699e-21
2.71659e-21
2.73816e-21
2.74748e-21
2.74297e-21
2.72626e-21
2.70173e-21
2.67522e-21
2.6525e-21
2.63803e-21
2.63432e-21
2.64126e-21
2.65577e-21
2.67245e-21
2.68496e-21
2.68801e-21
2.67909e-21
2.65929e-21
2.63271e-21
2.6052e-21
2.58266e-21
2.56982e-21
2.56914e-21
2.58021e-21
2.60014e-21
2.62438e-21
2.64834e-21
2.66924e-21
2.68711e-21
2.70406e-21
2.72212e-21
2.74109e-21
2.75801e-21
2.76846e-21
2.76862e-21
2.75761e-21
2.7386e-21
2.71823e-21
2.70337e-21
2.69724e-21
2.69879e-21
2.70525e-21
2.71441e-21
2.7248e-21
2.73469e-21
2.74177e-21
2.74407e-21
2.74129e-21
2.73564e-21
2.73208e-21
2.73692e-21
2.75456e-21
2.78403e-21
2.81949e-21
2.85424e-21
2.88401e-21
2.90709e-21
2.92301e-21
2.93179e-21
2.9339e-21
2.93055e-21
2.92344e-21
2.9143e-21
2.90427e-21
2.89403e-21
2.88404e-21
2.8748e-21
2.86697e-21
2.86114e-21
2.85755e-21
2.85606e-21
2.85631e-21
2.85786e-21
2.86002e-21
2.86167e-21
2.86121e-21
2.85684e-21
2.84735e-21
2.83277e-21
2.81456e-21
2.79503e-21
2.77612e-21
2.75879e-21
2.74368e-21
2.73167e-21
2.72377e-21
2.72028e-21
2.72048e-21
2.72341e-21
2.72837e-21
2.73503e-21
2.74298e-21
2.75177e-21
2.76105e-21
2.77025e-21
2.77829e-21
2.78382e-21
2.78563e-21
2.7829e-21
2.77527e-21
2.7626e-21
2.74529e-21
2.72462e-21
2.70295e-21
2.6832e-21
2.66784e-21
2.65795e-21
2.65311e-21
2.65207e-21
2.65394e-21
2.65883e-21
2.66783e-21
2.68234e-21
2.70325e-21
2.73025e-21
2.76154e-21
2.79389e-21
2.82321e-21
2.84522e-21
2.85623e-21
2.85362e-21
2.83569e-21
2.80188e-21
2.75328e-21
2.69405e-21
2.63322e-21
2.58447e-21
2.56099e-21
2.56665e-21
2.59224e-21
2.62205e-21
2.64385e-21
2.65311e-21
2.65118e-21
2.64179e-21
2.62886e-21
2.6166e-21
2.60963e-21
2.61219e-21
2.62656e-21
2.65201e-21
2.6854e-21
2.72274e-21
2.76066e-21
2.79656e-21
2.82818e-21
2.85321e-21
2.8699e-21
2.87822e-21
2.88052e-21
2.88039e-21
2.88004e-21
2.87866e-21
2.87316e-21
2.86064e-21
2.84002e-21
2.8118e-21
2.77749e-21
2.7389e-21
2.69757e-21
2.65467e-21
2.61171e-21
2.57174e-21
2.53956e-21
2.51989e-21
2.51406e-21
2.5187e-21
2.52763e-21
2.53481e-21
2.53601e-21
2.52881e-21
2.51239e-21
2.48787e-21
2.45928e-21
2.43422e-21
2.42257e-21
2.43321e-21
2.46939e-21
2.52651e-21
2.5943e-21
2.6616e-21
2.72047e-21
2.76723e-21
2.80099e-21
2.82168e-21
2.82894e-21
2.82261e-21
2.80412e-21
2.77709e-21
2.74705e-21
2.72011e-21
2.70148e-21
2.69419e-21
2.69889e-21
2.71382e-21
2.73525e-21
2.75835e-21
2.77866e-21
2.79331e-21
2.80138e-21
2.8038e-21
2.80266e-21
2.80035e-21
2.79861e-21
2.79781e-21
2.7972e-21
2.79582e-21
2.79353e-21
2.79143e-21
2.79155e-21
2.79603e-21
2.80636e-21
2.82273e-21
2.84402e-21
2.86816e-21
2.8928e-21
2.91624e-21
2.93819e-21
2.95942e-21
2.98023e-21
2.99878e-21
3.01107e-21
3.01306e-21
3.00365e-21
2.98635e-21
2.96833e-21
2.95761e-21
2.95967e-21
2.97546e-21
3.00152e-21
3.03178e-21
3.05932e-21
3.07796e-21
3.08319e-21
3.0727e-21
3.04666e-21
3.00762e-21
2.96007e-21
2.90958e-21
2.86122e-21
2.81861e-21
2.78305e-21
2.75367e-21
2.72819e-21
2.70403e-21
2.67977e-21
2.656e-21
2.63539e-21
2.62148e-21
2.61754e-21
2.62578e-21
2.64686e-21
2.6794e-21
2.71981e-21
2.76282e-21
2.80302e-21
2.83624e-21
2.86047e-21
2.87597e-21
2.88472e-21
2.88977e-21
2.89433e-21
2.90107e-21
2.91163e-21
2.9263e-21
2.94421e-21
2.96371e-21
2.98284e-21
2.99952e-21
3.01188e-21
3.01848e-21
3.01877e-21
3.01352e-21
3.00495e-21
2.996e-21
2.98913e-21
2.98497e-21
2.98197e-21
2.97691e-21
2.96594e-21
2.94566e-21
2.91388e-21
2.86973e-21
2.81386e-21
2.74879e-21
2.67951e-21
2.61361e-21
2.56042e-21
2.52889e-21
2.52425e-21
2.54591e-21
2.5885e-21
2.64535e-21
2.71035e-21
2.77751e-21
2.84019e-21
2.89213e-21
2.92888e-21
2.94882e-21
2.95282e-21
2.94312e-21
2.92198e-21
2.89089e-21
2.85072e-21
2.80219e-21
2.74644e-21
2.68544e-21
2.62229e-21
2.56104e-21
2.50617e-21
2.46195e-21
2.43167e-21
2.41731e-21
2.41904e-21
2.43474e-21
2.46013e-21
2.4896e-21
2.51784e-21
2.54167e-21
2.56089e-21
2.57752e-21
2.59426e-21
2.613e-21
2.63438e-21
2.65841e-21
2.68494e-21
2.71374e-21
2.74405e-21
2.77404e-21
2.80114e-21
2.82243e-21
2.83592e-21
2.84112e-21
2.83937e-21
2.83332e-21
2.82583e-21
2.81852e-21
2.81097e-21
2.801e-21
2.78592e-21
2.76417e-21
2.73619e-21
2.70421e-21
2.67133e-21
2.641e-21
2.61714e-21
2.60423e-21
2.60632e-21
2.62457e-21
2.6555e-21
2.69166e-21
2.72506e-21
2.75031e-21
2.76559e-21
2.77171e-21
2.77037e-21
2.76289e-21
2.7499e-21
2.73209e-21
2.71124e-21
2.69115e-21
2.67645e-21
2.67037e-21
2.67266e-21
2.67902e-21
2.68362e-21
2.68334e-21
2.68108e-21
2.68465e-21
2.70096e-21
2.73037e-21
2.7665e-21
2.80041e-21
2.82433e-21
2.83305e-21
2.82385e-21
2.79645e-21
2.75295e-21
2.69784e-21
2.63739e-21
2.57789e-21
2.52361e-21
2.47751e-21
2.44622e-21
2.44338e-21
2.47969e-21
2.54713e-21
2.62267e-21
2.68694e-21
2.73269e-21
2.76105e-21
2.77634e-21
2.78353e-21
2.78735e-21
2.79216e-21
2.80133e-21
2.81616e-21
2.83476e-21
2.85241e-21
2.86354e-21
2.8635e-21
2.84947e-21
2.82041e-21
2.77722e-21
2.72324e-21
2.66467e-21
2.60984e-21
2.56715e-21
2.54245e-21
2.53775e-21
2.5519e-21
2.58223e-21
2.62546e-21
2.67795e-21
2.73573e-21
2.7949e-21
2.85208e-21
2.90468e-21
2.95098e-21
2.9898e-21
3.02014e-21
3.04095e-21
3.05112e-21
3.04987e-21
3.03733e-21
3.01522e-21
2.98676e-21
2.95615e-21
2.92796e-21
2.90618e-21
2.89335e-21
2.88994e-21
2.89412e-21
2.90191e-21
2.90807e-21
2.90732e-21
2.89566e-21
2.87168e-21
2.83794e-21
2.80168e-21
2.77345e-21
2.76221e-21
2.76924e-21
2.78685e-21
2.80296e-21
2.80747e-21
2.79566e-21
2.76861e-21
2.73197e-21
2.69368e-21
2.66124e-21
2.63966e-21
2.63111e-21
2.63583e-21
2.65305e-21
2.68122e-21
2.71731e-21
2.75615e-21
2.79085e-21
2.8145e-21
2.82244e-21
2.81397e-21
2.79289e-21
2.76692e-21
2.74593e-21
2.73895e-21
2.75083e-21
2.78057e-21
2.82258e-21
2.86948e-21
2.9142e-21
2.95067e-21
2.9739e-21
2.98031e-21
2.96841e-21
2.9387e-21
2.89329e-21
2.83557e-21
2.77003e-21
2.7024e-21
2.63976e-21
2.58991e-21
2.55917e-21
2.5496e-21
2.55823e-21
2.57946e-21
2.60801e-21
2.63985e-21
2.6718e-21
2.70095e-21
2.72427e-21
2.73883e-21
2.74242e-21
2.73417e-21
2.71478e-21
2.68667e-21
2.6541e-21
2.62288e-21
2.5993e-21
2.58832e-21
2.59223e-21
2.61067e-21
2.64121e-21
2.67972e-21
2.72062e-21
2.75799e-21
2.78711e-21
2.80532e-21
2.81162e-21
2.80572e-21
2.78783e-21
2.75968e-21
2.72627e-21
2.69628e-21
2.68019e-21
2.68621e-21
2.71609e-21
2.76388e-21
2.81862e-21
2.86889e-21
2.90658e-21
2.92868e-21
2.9369e-21
2.93588e-21
2.93068e-21
2.92482e-21
2.9192e-21
2.91239e-21
2.9017e-21
2.88438e-21
2.85868e-21
2.82453e-21
2.78381e-21
2.73987e-21
2.69676e-21
2.65836e-21
2.62778e-21
2.60671e-21
2.59462e-21
2.58911e-21
2.58793e-21
2.59109e-21
2.60104e-21
2.62066e-21
2.6508e-21
2.68908e-21
2.73064e-21
2.76942e-21
2.79988e-21
2.81837e-21
2.82386e-21
2.8176e-21
2.80175e-21
2.77823e-21
2.74849e-21
2.71444e-21
2.67964e-21
2.6496e-21
2.63054e-21
2.62707e-21
2.64048e-21
2.66848e-21
2.7062e-21
2.74791e-21
2.78827e-21
2.82297e-21
2.8488e-21
2.86392e-21
2.86811e-21
2.86256e-21
2.8493e-21
2.83034e-21
2.80742e-21
2.782e-21
2.75553e-21
2.72951e-21
2.70511e-21
2.68293e-21
2.66302e-21
2.64546e-21
2.63083e-21
2.61999e-21
2.61327e-21
2.61025e-21
2.61006e-21
2.61211e-21
2.61655e-21
2.62433e-21
2.63659e-21
2.65364e-21
2.67421e-21
2.69558e-21
2.71445e-21
2.72806e-21
2.7348e-21
2.73461e-21
2.72887e-21
2.71962e-21
2.70791e-21
2.69283e-21
2.67281e-21
2.64845e-21
2.62451e-21
2.60847e-21
2.60628e-21
2.61843e-21
2.63999e-21
2.66436e-21
2.68685e-21
2.70642e-21
2.72511e-21
2.7461e-21
2.77137e-21
2.80003e-21
2.82846e-21
2.8516e-21
2.86466e-21
2.86463e-21
2.85137e-21
2.82791e-21
2.79977e-21
2.77337e-21
2.75414e-21
2.7451e-21
2.74636e-21
2.75547e-21
2.76847e-21
2.78145e-21
2.79187e-21
2.79889e-21
2.80311e-21
2.80548e-21
2.80646e-21
2.80561e-21
2.80215e-21
2.79625e-21
2.78996e-21
2.78687e-21
2.79017e-21
2.80091e-21
2.81779e-21
2.83806e-21
2.85813e-21
2.87381e-21
2.88083e-21
2.87568e-21
2.85688e-21
2.82553e-21
2.78504e-21
2.74006e-21
2.69556e-21
2.65613e-21
2.62585e-21
2.60797e-21
2.6044e-21
2.61499e-21
2.63715e-21
2.66608e-21
2.69617e-21
2.72225e-21
2.74046e-21
2.74825e-21
2.74439e-21
2.72895e-21
2.70324e-21
2.66943e-21
2.62992e-21
2.58717e-21
2.54402e-21
2.50407e-21
2.47166e-21
2.45075e-21
2.44326e-21
2.44846e-21
2.46332e-21
2.48379e-21
2.50634e-21
2.52848e-21
2.5485e-21
2.56506e-21
2.57673e-21
2.58249e-21
2.58223e-21
2.57698e-21
2.56837e-21
2.55761e-21
2.54495e-21
2.53003e-21
2.5129e-21
