-1.44078e-20
-1.43967e-20
-1.43772e-20
-1.43477e-20
-1.43054e-20
-1.42477e-20
-1.41763e-20
-1.40813e-20
-1.39677e-20
-1.38305e-20
-1.36718e-20
-1.34921e-20
-1.32961e-20
-1.30889e-20
-1.28883e-20
-1.27027e-20
-1.25436e-20
-1.24184e-20
-1.23342e-20
-1.22904e-20
-1.22798e-20
-1.23008e-20
-1.23391e-20
-1.23926e-20
-1.24516e-20
-1.2513e-20
-1.25694e-20
-1.26241e-20
-1.2667e-20
-1.27045e-20
-1.27337e-20
-1.27533e-20
-1.27656e-20
-1.27725e-20
-1.27743e-20
-1.27666e-20
-1.27498e-20
-1.2728e-20
-1.27016e-20
-1.26713e-20
-1.26417e-20
-1.26157e-20
-1.25933e-20
-1.25807e-20
-1.25762e-20
-1.25792e-20
-1.25958e-20
-1.26153e-20
-1.26388e-20
-1.26632e-20
-1.26826e-20
-1.26637e-20
-1.2609e-20
-1.25235e-20
-1.24102e-20
-1.22813e-20
-1.21437e-20
-1.20115e-20
-1.19027e-20
-1.18215e-20
-1.17667e-20
-1.17381e-20
-1.17202e-20
-1.17129e-20
-1.17035e-20
-1.1691e-20
-1.1668e-20
-1.16336e-20
-1.15901e-20
-1.1548e-20
-1.15098e-20
-1.1486e-20
-1.14793e-20
-1.14888e-20
-1.15063e-20
-1.15268e-20
-1.15421e-20
-1.15494e-20
-1.15505e-20
-1.15412e-20
-1.15241e-20
-1.14929e-20
-1.14446e-20
-1.13864e-20
-1.13281e-20
-1.12804e-20
-1.1255e-20
-1.12559e-20
-1.12765e-20
-1.13036e-20
-1.13281e-20
-1.13521e-20
-1.13733e-20
-1.13904e-20
-1.14042e-20
-1.14101e-20
-1.14125e-20
-1.14111e-20
-1.14045e-20
-1.13968e-20
-1.13869e-20
-1.13769e-20
-1.13682e-20
-1.13583e-20
-1.13489e-20
-1.13401e-20
-1.13356e-20
-1.13408e-20
-1.13543e-20
-1.13755e-20
-1.14031e-20
-1.14343e-20
-1.14646e-20
-1.14883e-20
-1.15114e-20
-1.1532e-20
-1.15503e-20
-1.15689e-20
-1.15856e-20
-1.15934e-20
-1.15981e-20
-1.15981e-20
-1.15953e-20
-1.15915e-20
-1.15864e-20
-1.15869e-20
-1.1596e-20
-1.16068e-20
-1.16193e-20
-1.16222e-20
-1.16123e-20
-1.15932e-20
-1.15769e-20
-1.15657e-20
-1.15612e-20
-1.15616e-20
-1.15647e-20
-1.15645e-20
-1.15629e-20
-1.15509e-20
-1.15332e-20
-1.1507e-20
-1.14708e-20
-1.14352e-20
-1.14041e-20
-1.13961e-20
-1.1418e-20
-1.14727e-20
-1.15439e-20
-1.16183e-20
-1.1683e-20
-1.17242e-20
-1.17459e-20
-1.17478e-20
-1.17348e-20
-1.17108e-20
-1.1683e-20
-1.1654e-20
-1.16295e-20
-1.16082e-20
-1.15887e-20
-1.15651e-20
-1.15364e-20
-1.14996e-20
-1.14506e-20
-1.13979e-20
-1.1346e-20
-1.1298e-20
-1.12539e-20
-1.12204e-20
-1.11915e-20
-1.11656e-20
-1.1138e-20
-1.11108e-20
-1.10875e-20
-1.10743e-20
-1.10732e-20
-1.10864e-20
-1.11076e-20
-1.1131e-20
-1.11603e-20
-1.11905e-20
-1.12244e-20
-1.126e-20
-1.12921e-20
-1.13183e-20
-1.1336e-20
-1.1344e-20
-1.13469e-20
-1.13435e-20
-1.13378e-20
-1.13308e-20
-1.13212e-20
-1.13077e-20
-1.13008e-20
-1.13104e-20
-1.13365e-20
-1.1373e-20
-1.14054e-20
-1.14304e-20
-1.1446e-20
-1.14541e-20
-1.14544e-20
-1.14544e-20
-1.14478e-20
-1.14393e-20
-1.14296e-20
-1.14204e-20
-1.14114e-20
-1.14053e-20
-1.14029e-20
-1.14024e-20
-1.13977e-20
-1.13854e-20
-1.13654e-20
-1.13373e-20
-1.12989e-20
-1.12523e-20
-1.11958e-20
-1.11372e-20
-1.10804e-20
-1.10378e-20
-1.10115e-20
-1.1013e-20
-1.10419e-20
-1.10886e-20
-1.11454e-20
-1.11988e-20
-1.12448e-20
-1.12799e-20
-1.1298e-20
-1.12993e-20
-1.12933e-20
-1.12784e-20
-1.12617e-20
-1.12546e-20
-1.12666e-20
-1.12988e-20
-1.13489e-20
-1.14146e-20
-1.14844e-20
-1.15479e-20
-1.15952e-20
-1.16193e-20
-1.16157e-20
-1.15821e-20
-1.15169e-20
-1.1428e-20
-1.13274e-20
-1.12251e-20
-1.11338e-20
-1.10631e-20
-1.10183e-20
-1.09978e-20
-1.09993e-20
-1.10171e-20
-1.10416e-20
-1.10763e-20
-1.11084e-20
-1.1139e-20
-1.11627e-20
-1.11807e-20
-1.11959e-20
-1.12092e-20
-1.123e-20
-1.12706e-20
-1.13291e-20
-1.13966e-20
-1.14707e-20
-1.15357e-20
-1.15836e-20
-1.1614e-20
-1.16201e-20
-1.16054e-20
-1.15711e-20
-1.15239e-20
-1.14661e-20
-1.14148e-20
-1.13778e-20
-1.13552e-20
-1.13487e-20
-1.13476e-20
-1.13536e-20
-1.13609e-20
-1.13656e-20
-1.1367e-20
-1.13671e-20
-1.13603e-20
-1.13498e-20
-1.13358e-20
-1.13159e-20
-1.13001e-20
-1.12889e-20
-1.1284e-20
-1.12791e-20
-1.12753e-20
-1.12673e-20
-1.12587e-20
-1.12527e-20
-1.12475e-20
-1.12479e-20
-1.12573e-20
-1.12695e-20
-1.1282e-20
-1.12944e-20
-1.13064e-20
-1.13205e-20
-1.13366e-20
-1.13556e-20
-1.13746e-20
-1.13871e-20
-1.13925e-20
-1.13846e-20
-1.13575e-20
-1.13148e-20
-1.12717e-20
-1.12418e-20
-1.12428e-20
-1.12615e-20
-1.129e-20
-1.13135e-20
-1.13348e-20
-1.13483e-20
-1.13585e-20
-1.13676e-20
-1.13724e-20
-1.13746e-20
-1.13767e-20
-1.13794e-20
-1.13902e-20
-1.14083e-20
-1.14341e-20
-1.14618e-20
-1.14851e-20
-1.14945e-20
-1.14829e-20
-1.14481e-20
-1.13914e-20
-1.13202e-20
-1.12493e-20
-1.11894e-20
-1.11555e-20
-1.11521e-20
-1.11778e-20
-1.12261e-20
-1.12828e-20
-1.13405e-20
-1.13931e-20
-1.14358e-20
-1.14683e-20
-1.14899e-20
-1.14953e-20
-1.14793e-20
-1.14383e-20
-1.13834e-20
-1.13265e-20
-1.12858e-20
-1.12743e-20
-1.12954e-20
-1.13398e-20
-1.13883e-20
-1.14218e-20
-1.14301e-20
-1.14116e-20
-1.13784e-20
-1.13297e-20
-1.12849e-20
-1.12449e-20
-1.122e-20
-1.12067e-20
-1.12022e-20
-1.12055e-20
-1.12096e-20
-1.12099e-20
-1.12094e-20
-1.12089e-20
-1.12114e-20
-1.12152e-20
-1.12125e-20
-1.12021e-20
-1.11847e-20
-1.11619e-20
-1.11409e-20
-1.11307e-20
-1.11403e-20
-1.11766e-20
-1.12398e-20
-1.13231e-20
-1.14139e-20
-1.15095e-20
-1.15989e-20
-1.16698e-20
-1.17153e-20
-1.17358e-20
-1.1724e-20
-1.16798e-20
-1.16072e-20
-1.15092e-20
-1.13998e-20
-1.13001e-20
-1.1237e-20
-1.12308e-20
-1.12766e-20
-1.13549e-20
-1.14355e-20
-1.15022e-20
-1.15435e-20
-1.15609e-20
-1.15513e-20
-1.15317e-20
-1.1503e-20
-1.14709e-20
-1.14388e-20
-1.14035e-20
-1.13664e-20
-1.1322e-20
-1.12762e-20
-1.12307e-20
-1.11947e-20
-1.11769e-20
-1.11879e-20
-1.12205e-20
-1.12697e-20
-1.13128e-20
-1.13384e-20
-1.13385e-20
-1.13113e-20
-1.12626e-20
-1.12048e-20
-1.11514e-20
-1.11204e-20
-1.1119e-20
-1.11482e-20
-1.11918e-20
-1.12465e-20
-1.1306e-20
-1.13602e-20
-1.14154e-20
-1.14679e-20
-1.15148e-20
-1.15548e-20
-1.15846e-20
-1.16039e-20
-1.16192e-20
-1.16304e-20
-1.16418e-20
-1.16552e-20
-1.16713e-20
-1.16879e-20
-1.17013e-20
-1.1707e-20
-1.17023e-20
-1.16859e-20
-1.16551e-20
-1.1611e-20
-1.15568e-20
-1.14943e-20
-1.14262e-20
-1.13598e-20
-1.12988e-20
-1.12409e-20
-1.11968e-20
-1.1176e-20
-1.11842e-20
-1.12256e-20
-1.12926e-20
-1.13622e-20
-1.14237e-20
-1.1465e-20
-1.14855e-20
-1.14825e-20
-1.14667e-20
-1.14452e-20
-1.14253e-20
-1.14179e-20
-1.14271e-20
-1.14536e-20
-1.14941e-20
-1.15337e-20
-1.15704e-20
-1.16007e-20
-1.16153e-20
-1.16109e-20
-1.15993e-20
-1.15827e-20
-1.15683e-20
-1.15608e-20
-1.15564e-20
-1.15551e-20
-1.15567e-20
-1.15604e-20
-1.15651e-20
-1.15738e-20
-1.15768e-20
-1.15713e-20
-1.15515e-20
-1.15137e-20
-1.14542e-20
-1.13741e-20
-1.12812e-20
-1.1183e-20
-1.10932e-20
-1.10259e-20
-1.09884e-20
-1.09787e-20
-1.09943e-20
-1.10293e-20
-1.10751e-20
-1.11264e-20
-1.11765e-20
-1.12178e-20
-1.12486e-20
-1.12575e-20
-1.12494e-20
-1.12295e-20
-1.12084e-20
-1.11998e-20
-1.12066e-20
-1.12225e-20
-1.12529e-20
-1.12826e-20
-1.13118e-20
-1.13359e-20
-1.13516e-20
-1.13553e-20
-1.13458e-20
-1.13236e-20
-1.1293e-20
-1.12595e-20
-1.12253e-20
-1.11956e-20
-1.11701e-20
-1.11459e-20
-1.11222e-20
-1.10948e-20
-1.10607e-20
-1.10286e-20
-1.1004e-20
-1.10033e-20
-1.10276e-20
-1.10805e-20
-1.11453e-20
-1.12057e-20
-1.12539e-20
-1.12809e-20
-1.12888e-20
-1.12871e-20
-1.12845e-20
-1.12847e-20
-1.12947e-20
-1.13147e-20
-1.13472e-20
-1.13785e-20
-1.14087e-20
-1.14232e-20
-1.14277e-20
-1.14183e-20
-1.14047e-20
-1.13905e-20
-1.13757e-20
-1.13725e-20
-1.13729e-20
-1.13797e-20
-1.13875e-20
-1.13946e-20
-1.14004e-20
-1.14047e-20
-1.14065e-20
-1.14047e-20
-1.14006e-20
-1.13916e-20
-1.13802e-20
-1.13649e-20
-1.13501e-20
-1.13369e-20
-1.13287e-20
-1.13228e-20
-1.13145e-20
-1.13072e-20
-1.13002e-20
-1.12923e-20
-1.128e-20
-1.12634e-20
-1.1246e-20
-1.12405e-20
-1.12525e-20
-1.12758e-20
-1.13029e-20
-1.13187e-20
-1.13192e-20
-1.13056e-20
-1.12834e-20
-1.12612e-20
-1.12407e-20
-1.12254e-20
-1.12146e-20
-1.1205e-20
-1.11961e-20
-1.11891e-20
-1.11878e-20
-1.11983e-20
-1.12221e-20
-1.12554e-20
-1.12974e-20
-1.13339e-20
-1.13574e-20
-1.13608e-20
-1.13501e-20
-1.13254e-20
-1.1291e-20
-1.12596e-20
-1.12293e-20
-1.12087e-20
-1.11987e-20
-1.11926e-20
-1.11891e-20
-1.11873e-20
-1.11907e-20
-1.1197e-20
-1.12148e-20
-1.12422e-20
-1.12764e-20
-1.13193e-20
-1.13683e-20
-1.14199e-20
-1.14687e-20
-1.15106e-20
-1.15404e-20
-1.1558e-20
-1.15547e-20
-1.1531e-20
-1.14922e-20
-1.14449e-20
-1.13956e-20
-1.13555e-20
-1.13301e-20
-1.13274e-20
-1.13485e-20
-1.13851e-20
-1.14367e-20
-1.14876e-20
-1.15337e-20
-1.15712e-20
-1.15904e-20
-1.15992e-20
-1.15903e-20
-1.15729e-20
-1.15494e-20
-1.15258e-20
-1.15099e-20
-1.15047e-20
-1.15057e-20
-1.15183e-20
-1.15396e-20
-1.15599e-20
-1.15742e-20
-1.15776e-20
-1.15715e-20
-1.15527e-20
-1.15193e-20
-1.14748e-20
-1.14289e-20
-1.13928e-20
-1.1373e-20
-1.13775e-20
-1.14027e-20
-1.14414e-20
-1.14839e-20
-1.15228e-20
-1.15563e-20
-1.15862e-20
-1.16064e-20
-1.16184e-20
-1.16194e-20
-1.16156e-20
-1.16042e-20
-1.15916e-20
-1.15884e-20
-1.15838e-20
-1.15756e-20
-1.15698e-20
-1.15664e-20
-1.1564e-20
-1.15578e-20
-1.15488e-20
-1.1532e-20
-1.15061e-20
-1.14685e-20
-1.14276e-20
-1.13886e-20
-1.13525e-20
-1.13197e-20
-1.12916e-20
-1.127e-20
-1.12542e-20
-1.1243e-20
-1.12336e-20
-1.12225e-20
-1.12176e-20
-1.12157e-20
-1.12241e-20
-1.12392e-20
-1.12609e-20
-1.12841e-20
-1.13142e-20
-1.1345e-20
-1.13807e-20
-1.14136e-20
-1.14423e-20
-1.14613e-20
-1.1476e-20
-1.1485e-20
-1.14936e-20
-1.15006e-20
-1.15082e-20
-1.15171e-20
-1.15281e-20
-1.15395e-20
-1.15514e-20
-1.15576e-20
-1.15623e-20
-1.15605e-20
-1.1546e-20
-1.15175e-20
-1.14747e-20
-1.14181e-20
-1.13488e-20
-1.12775e-20
-1.12124e-20
-1.11569e-20
-1.11132e-20
-1.1087e-20
-1.10718e-20
-1.10643e-20
-1.10639e-20
-1.10715e-20
-1.10886e-20
-1.11097e-20
-1.11331e-20
-1.11561e-20
-1.11808e-20
-1.12093e-20
-1.12538e-20
-1.13151e-20
-1.13938e-20
-1.14853e-20
-1.15761e-20
-1.16522e-20
-1.17067e-20
-1.17338e-20
-1.17413e-20
-1.17318e-20
-1.17068e-20
-1.16775e-20
-1.16442e-20
-1.16104e-20
-1.15814e-20
-1.15599e-20
-1.15511e-20
-1.15456e-20
-1.15428e-20
-1.15343e-20
-1.15201e-20
-1.14973e-20
-1.14676e-20
-1.14351e-20
-1.13962e-20
-1.13562e-20
-1.13148e-20
-1.12745e-20
-1.12404e-20
-1.12178e-20
-1.12075e-20
-1.12111e-20
-1.12287e-20
-1.12577e-20
-1.12931e-20
-1.1327e-20
-1.13606e-20
-1.13943e-20
-1.14236e-20
-1.14445e-20
-1.14591e-20
-1.14696e-20
-1.14738e-20
-1.148e-20
-1.14853e-20
-1.14937e-20
-1.15063e-20
-1.15217e-20
-1.15445e-20
-1.1567e-20
-1.15879e-20
-1.16011e-20
-1.16047e-20
-1.15885e-20
-1.15519e-20
-1.15003e-20
-1.14365e-20
-1.13701e-20
-1.1303e-20
-1.12518e-20
-1.12122e-20
-1.11865e-20
-1.11755e-20
-1.11802e-20
-1.12091e-20
-1.12577e-20
-1.13137e-20
-1.13746e-20
-1.14277e-20
-1.14619e-20
-1.14768e-20
-1.14765e-20
-1.1459e-20
-1.14378e-20
-1.14135e-20
-1.13932e-20
-1.13831e-20
-1.13863e-20
-1.14051e-20
-1.14312e-20
-1.14638e-20
-1.14961e-20
-1.1516e-20
-1.15222e-20
-1.1515e-20
-1.14982e-20
-1.14802e-20
-1.14677e-20
-1.14763e-20
-1.15079e-20
-1.15569e-20
-1.16169e-20
-1.16817e-20
-1.17378e-20
-1.17786e-20
-1.18012e-20
-1.18006e-20
-1.17801e-20
-1.17493e-20
-1.17193e-20
-1.16959e-20
-1.16831e-20
-1.16669e-20
-1.16381e-20
-1.15987e-20
-1.15475e-20
-1.14888e-20
-1.1428e-20
-1.13669e-20
-1.1307e-20
-1.12379e-20
-1.11571e-20
-1.10641e-20
-1.09658e-20
-1.08798e-20
-1.08272e-20
-1.08145e-20
-1.0844e-20
-1.09078e-20
-1.0995e-20
-1.10835e-20
-1.11713e-20
-1.12415e-20
-1.12943e-20
-1.13272e-20
-1.13428e-20
-1.13423e-20
-1.13281e-20
-1.13104e-20
-1.1291e-20
-1.12807e-20
-1.12772e-20
-1.12795e-20
-1.12912e-20
-1.13111e-20
-1.13373e-20
-1.13642e-20
-1.13912e-20
-1.14176e-20
-1.144e-20
-1.14565e-20
-1.14681e-20
-1.14702e-20
-1.14672e-20
-1.14535e-20
-1.14278e-20
-1.13836e-20
-1.13153e-20
-1.12282e-20
-1.11333e-20
-1.10401e-20
-1.09697e-20
-1.09304e-20
-1.09252e-20
-1.09489e-20
-1.09882e-20
-1.10311e-20
-1.1071e-20
-1.11072e-20
-1.11333e-20
-1.11554e-20
-1.11816e-20
-1.12073e-20
-1.12365e-20
-1.12673e-20
-1.12959e-20
-1.13145e-20
-1.13243e-20
-1.13221e-20
-1.13081e-20
-1.12875e-20
-1.12668e-20
-1.12538e-20
-1.12475e-20
-1.12475e-20
-1.1249e-20
-1.12483e-20
-1.12444e-20
-1.12372e-20
-1.12316e-20
-1.1237e-20
-1.12499e-20
-1.12731e-20
-1.13043e-20
-1.13381e-20
-1.13705e-20
-1.14008e-20
-1.1426e-20
-1.14464e-20
-1.14664e-20
-1.14872e-20
-1.15103e-20
-1.15309e-20
-1.15504e-20
-1.15676e-20
-1.15757e-20
-1.15719e-20
-1.15554e-20
-1.15238e-20
-1.14795e-20
-1.14221e-20
-1.13466e-20
-1.12588e-20
-1.11611e-20
-1.1061e-20
-1.09724e-20
-1.09065e-20
-1.08756e-20
-1.08809e-20
-1.09243e-20
-1.10027e-20
-1.11044e-20
-1.12178e-20
-1.13365e-20
-1.14514e-20
-1.15546e-20
-1.1638e-20
-1.17011e-20
-1.17419e-20
-1.17572e-20
-1.17448e-20
-1.1712e-20
-1.1663e-20
-1.16075e-20
-1.15531e-20
-1.15112e-20
-1.14766e-20
-1.14603e-20
-1.14471e-20
-1.14338e-20
-1.14142e-20
-1.13923e-20
-1.13723e-20
-1.13618e-20
-1.13684e-20
-1.13912e-20
-1.14337e-20
-1.14881e-20
-1.15487e-20
-1.16094e-20
-1.16629e-20
-1.17057e-20
-1.17296e-20
-1.173e-20
-1.17049e-20
-1.16494e-20
-1.15605e-20
-1.14542e-20
-1.1347e-20
-1.12678e-20
-1.1229e-20
-1.12141e-20
-1.12103e-20
-1.11959e-20
-1.1168e-20
-1.11376e-20
-1.11118e-20
-1.10975e-20
-1.10919e-20
-1.10996e-20
-1.11094e-20
-1.11237e-20
-1.11366e-20
-1.11433e-20
-1.11474e-20
-1.1156e-20
-1.11722e-20
-1.11999e-20
-1.12464e-20
-1.12982e-20
-1.13417e-20
-1.13662e-20
-1.13597e-20
-1.132e-20
-1.12562e-20
-1.11775e-20
-1.11023e-20
-1.10441e-20
-1.10084e-20
-1.09978e-20
-1.10042e-20
-1.10215e-20
-1.10439e-20
-1.10617e-20
-1.10685e-20
-1.10683e-20
-1.10533e-20
-1.10273e-20
-1.09886e-20
-1.09485e-20
-1.0906e-20
-1.08806e-20
-1.08736e-20
-1.0889e-20
-1.09297e-20
-1.09854e-20
-1.10489e-20
-1.11083e-20
-1.11638e-20
-1.12194e-20
-1.12724e-20
-1.13173e-20
-1.13501e-20
-1.13625e-20
-1.1352e-20
-1.13123e-20
-1.12459e-20
-1.11553e-20
-1.10537e-20
-1.09569e-20
-1.08935e-20
-1.08773e-20
-1.0914e-20
-1.0992e-20
-1.10926e-20
-1.11914e-20
-1.12736e-20
-1.13294e-20
-1.13594e-20
-1.13634e-20
-1.13523e-20
-1.13319e-20
-1.13105e-20
-1.12938e-20
-1.12905e-20
-1.12998e-20
-1.13226e-20
-1.13524e-20
-1.13836e-20
-1.14095e-20
-1.14233e-20
-1.14154e-20
-1.13861e-20
-1.13366e-20
-1.12765e-20
-1.12177e-20
-1.11722e-20
-1.1152e-20
-1.11596e-20
-1.11924e-20
-1.12357e-20
-1.12818e-20
-1.13176e-20
-1.1338e-20
-1.13456e-20
-1.13406e-20
-1.1327e-20
-1.13143e-20
-1.13037e-20
-1.13054e-20
-1.13144e-20
-1.13351e-20
-1.13614e-20
-1.13867e-20
-1.14118e-20
-1.14344e-20
-1.14511e-20
-1.14659e-20
-1.14666e-20
-1.14581e-20
-1.14434e-20
-1.14223e-20
-1.14039e-20
-1.13961e-20
-1.14031e-20
-1.14164e-20
-1.14445e-20
-1.14792e-20
-1.1512e-20
-1.15389e-20
-1.15556e-20
-1.15596e-20
-1.15492e-20
-1.15254e-20
-1.14897e-20
-1.14451e-20
-1.13983e-20
-1.13504e-20
-1.13086e-20
-1.12766e-20
-1.12582e-20
-1.12563e-20
-1.12647e-20
-1.12819e-20
-1.13002e-20
-1.13159e-20
-1.1323e-20
-1.13205e-20
-1.13127e-20
-1.13002e-20
-1.12854e-20
-1.12731e-20
-1.12744e-20
-1.12913e-20
-1.13307e-20
-1.13817e-20
-1.14277e-20
-1.14612e-20
-1.14743e-20
-1.146e-20
-1.14233e-20
-1.1374e-20
-1.13321e-20
-1.13065e-20
-1.13112e-20
-1.13381e-20
-1.13721e-20
-1.14006e-20
-1.14119e-20
-1.1409e-20
-1.13971e-20
-1.13817e-20
-1.13639e-20
-1.13459e-20
-1.13323e-20
-1.13206e-20
-1.13147e-20
-1.13119e-20
-1.13156e-20
-1.13323e-20
-1.13661e-20
-1.14163e-20
-1.14803e-20
-1.15514e-20
-1.16193e-20
-1.16748e-20
-1.17103e-20
-1.17229e-20
-1.17135e-20
-1.16877e-20
-1.16581e-20
-1.1628e-20
-1.16036e-20
-1.15932e-20
-1.15924e-20
-1.15979e-20
-1.16055e-20
-1.16125e-20
-1.16136e-20
-1.16048e-20
-1.15846e-20
-1.15493e-20
-1.15055e-20
-1.14552e-20
-1.14022e-20
-1.13529e-20
-1.13123e-20
-1.12837e-20
-1.12563e-20
-1.12344e-20
-1.11997e-20
-1.11579e-20
-1.11094e-20
-1.10646e-20
-1.10324e-20
-1.1019e-20
-1.103e-20
-1.10682e-20
-1.11289e-20
-1.12054e-20
-1.12879e-20
-1.13663e-20
-1.14336e-20
-1.14891e-20
-1.15271e-20
-1.15602e-20
-1.15914e-20
-1.16248e-20
-1.16551e-20
-1.16821e-20
-1.16882e-20
-1.16752e-20
-1.16523e-20
-1.16279e-20
-1.16092e-20
-1.1613e-20
-1.16415e-20
-1.16908e-20
-1.17467e-20
-1.1803e-20
-1.18467e-20
-1.18692e-20
-1.18693e-20
-1.18492e-20
-1.18062e-20
-1.17451e-20
-1.16708e-20
-1.15893e-20
-1.15069e-20
-1.14247e-20
-1.13499e-20
-1.12841e-20
-1.12324e-20
-1.12045e-20
-1.1195e-20
-1.12058e-20
-1.12361e-20
-1.12818e-20
-1.13428e-20
-1.14061e-20
-1.14663e-20
-1.15161e-20
-1.15453e-20
-1.15548e-20
-1.15427e-20
-1.1511e-20
-1.14584e-20
-1.13934e-20
