3.85889e+07
3.84912e+07
3.83152e+07
3.80492e+07
3.76779e+07
3.71809e+07
3.65319e+07
3.57047e+07
3.467e+07
3.34049e+07
3.18972e+07
3.01571e+07
2.8227e+07
2.61868e+07
2.41477e+07
2.22435e+07
2.05994e+07
1.93092e+07
1.84201e+07
1.79316e+07
1.78054e+07
1.79752e+07
1.83671e+07
1.89019e+07
1.95112e+07
2.01365e+07
2.07343e+07
2.12722e+07
2.17351e+07
2.21139e+07
2.24095e+07
2.2627e+07
2.27699e+07
2.28399e+07
2.28365e+07
2.276e+07
2.26119e+07
2.23974e+07
2.21303e+07
2.18316e+07
2.15257e+07
2.12405e+07
2.10062e+07
2.08483e+07
2.07879e+07
2.08326e+07
2.09695e+07
2.11754e+07
2.14154e+07
2.16564e+07
5.14359e+07
5.12724e+07
5.07538e+07
4.99062e+07
4.87808e+07
4.74599e+07
4.60654e+07
4.4738e+07
4.36044e+07
4.27443e+07
4.21737e+07
4.18503e+07
4.17005e+07
4.16348e+07
4.15725e+07
4.1446e+07
4.12158e+07
4.08725e+07
4.04425e+07
3.99857e+07
3.95866e+07
3.93217e+07
3.92321e+07
3.93064e+07
3.94887e+07
3.96986e+07
3.98655e+07
3.9951e+07
3.99502e+07
3.98718e+07
3.97023e+07
3.94034e+07
3.8945e+07
3.83522e+07
3.77304e+07
3.72292e+07
3.69648e+07
3.69614e+07
3.71494e+07
3.74216e+07
3.7694e+07
3.79315e+07
3.81393e+07
3.83261e+07
3.84811e+07
3.85825e+07
3.86151e+07
3.85882e+07
3.85242e+07
3.84436e+07
3.94528e+07
3.93489e+07
3.92376e+07
3.91263e+07
3.90237e+07
3.8943e+07
3.89008e+07
3.89224e+07
3.90359e+07
3.92503e+07
3.95392e+07
3.98522e+07
4.01439e+07
4.03959e+07
4.06133e+07
4.08148e+07
4.10129e+07
4.11988e+07
4.13485e+07
4.14447e+07
4.14861e+07
4.14853e+07
4.14518e+07
4.13951e+07
4.13445e+07
4.13472e+07
4.14331e+07
4.15729e+07
4.16823e+07
4.16907e+07
4.15852e+07
4.14104e+07
4.12326e+07
4.11072e+07
4.10547e+07
4.10627e+07
4.10991e+07
4.11268e+07
4.11104e+07
4.10252e+07
4.08523e+07
4.05852e+07
4.02366e+07
3.98493e+07
3.95198e+07
3.93852e+07
3.95704e+07
4.00912e+07
4.08295e+07
4.16051e+07
4.46256e+07
4.5087e+07
4.53213e+07
4.53532e+07
4.52274e+07
4.49996e+07
4.47249e+07
4.44485e+07
4.41965e+07
4.39752e+07
4.37683e+07
4.35427e+07
4.32564e+07
4.28785e+07
4.24076e+07
4.18724e+07
4.13253e+07
4.08209e+07
4.03947e+07
4.00469e+07
3.97507e+07
3.94677e+07
3.91769e+07
3.88901e+07
3.86512e+07
3.8512e+07
3.85048e+07
3.86226e+07
3.88307e+07
3.90883e+07
3.93714e+07
3.96826e+07
4.00256e+07
4.03891e+07
4.0739e+07
4.1032e+07
4.12361e+07
4.13435e+07
4.1371e+07
4.13513e+07
4.13073e+07
4.12377e+07
4.11296e+07
4.09994e+07
4.09212e+07
4.09961e+07
4.12571e+07
4.1624e+07
4.1974e+07
4.22298e+07
4.29342e+07
4.30176e+07
4.30559e+07
4.30527e+07
4.30061e+07
4.29176e+07
4.28037e+07
4.26892e+07
4.25991e+07
4.25464e+07
4.25264e+07
4.25152e+07
4.24783e+07
4.23814e+07
4.2199e+07
4.19186e+07
4.15387e+07
4.10647e+07
4.05122e+07
3.9911e+07
3.9319e+07
3.88256e+07
3.85337e+07
3.85104e+07
3.87619e+07
3.92259e+07
3.97969e+07
4.0368e+07
4.08583e+07
4.12202e+07
4.1435e+07
4.15016e+07
4.14368e+07
4.12855e+07
4.11202e+07
4.10328e+07
4.11131e+07
4.1416e+07
4.19346e+07
4.26008e+07
4.33138e+07
4.39708e+07
4.44824e+07
4.47709e+07
4.47724e+07
4.44497e+07
4.38122e+07
4.29242e+07
4.18952e+07
4.08563e+07
3.99985e+07
3.92681e+07
3.8784e+07
3.85543e+07
3.8549e+07
3.87132e+07
3.89855e+07
3.93089e+07
3.96453e+07
3.99606e+07
4.02259e+07
4.04207e+07
4.05558e+07
4.0689e+07
4.09102e+07
4.12975e+07
4.18729e+07
4.25862e+07
4.33393e+07
4.40302e+07
4.45738e+07
4.49093e+07
4.50064e+07
4.48613e+07
4.45019e+07
4.39874e+07
4.34101e+07
4.28745e+07
4.24713e+07
4.22395e+07
4.21559e+07
4.21675e+07
4.22192e+07
4.22793e+07
4.23325e+07
4.23673e+07
4.23674e+07
4.23171e+07
4.22066e+07
4.20454e+07
4.18635e+07
4.16974e+07
4.15762e+07
4.15029e+07
4.1458e+07
4.14094e+07
4.13384e+07
4.12484e+07
4.1166e+07
4.11262e+07
4.1147e+07
4.12216e+07
4.13293e+07
4.1448e+07
4.15659e+07
4.16859e+07
4.18196e+07
4.19795e+07
4.21639e+07
4.23488e+07
4.24932e+07
4.25422e+07
4.24442e+07
4.21668e+07
4.17321e+07
4.12558e+07
4.09275e+07
4.08759e+07
4.10677e+07
4.13547e+07
4.1619e+07
4.18177e+07
4.19593e+07
4.20584e+07
4.21241e+07
4.21624e+07
4.21808e+07
4.21956e+07
4.22358e+07
4.23348e+07
4.25166e+07
4.27754e+07
4.30657e+07
4.33074e+07
4.34108e+07
4.33043e+07
4.29575e+07
4.23931e+07
4.16852e+07
4.09511e+07
4.03301e+07
3.99477e+07
3.98797e+07
4.0121e+07
4.05924e+07
4.11798e+07
4.17776e+07
4.23201e+07
4.27805e+07
4.31442e+07
4.33827e+07
4.34485e+07
4.32957e+07
4.29158e+07
4.23653e+07
4.17767e+07
4.13286e+07
4.11788e+07
4.13783e+07
4.18298e+07
4.23384e+07
4.27116e+07
4.28342e+07
4.26838e+07
4.23135e+07
4.18259e+07
4.13249e+07
4.08957e+07
4.05867e+07
4.04166e+07
4.03673e+07
4.03868e+07
4.04159e+07
4.04217e+07
4.04128e+07
4.04199e+07
4.04555e+07
4.04958e+07
4.04947e+07
4.04073e+07
4.02228e+07
3.9979e+07
3.97542e+07
3.96478e+07
3.97497e+07
4.01138e+07
4.07418e+07
4.15847e+07
4.25579e+07
4.35557e+07
4.44759e+07
4.52321e+07
4.57549e+07
4.59928e+07
4.59173e+07
4.55187e+07
4.48096e+07
4.38377e+07
4.27136e+07
4.16537e+07
4.09547e+07
4.0841e+07
4.12987e+07
4.20966e+07
4.29572e+07
4.36771e+07
4.41533e+07
4.43583e+07
4.4322e+07
4.41051e+07
4.37881e+07
4.3438e+07
4.3087e+07
4.27303e+07
4.23414e+07
4.19025e+07
4.14198e+07
4.09393e+07
4.05449e+07
4.03422e+07
4.04075e+07
4.07362e+07
4.12169e+07
4.16822e+07
4.19723e+07
4.19878e+07
4.17097e+07
4.11993e+07
4.05854e+07
4.00329e+07
3.96926e+07
3.9651e+07
3.99003e+07
4.03605e+07
4.09247e+07
4.15145e+07
4.20953e+07
4.26555e+07
4.31898e+07
4.36798e+07
4.4098e+07
4.44242e+07
4.46585e+07
4.48206e+07
4.4947e+07
4.50736e+07
4.52234e+07
4.53967e+07
4.55724e+07
4.57172e+07
4.57935e+07
4.57677e+07
4.56162e+07
4.53282e+07
4.49054e+07
4.43655e+07
4.37428e+07
4.3079e+07
4.24106e+07
4.17677e+07
4.11892e+07
4.07356e+07
4.04968e+07
4.056e+07
4.09527e+07
4.15987e+07
4.23366e+07
4.299e+07
4.34458e+07
4.36636e+07
4.36624e+07
4.3496e+07
4.32494e+07
4.3026e+07
4.29201e+07
4.29904e+07
4.32393e+07
4.36177e+07
4.40481e+07
4.44449e+07
4.47373e+07
4.48852e+07
4.48819e+07
4.4758e+07
4.45826e+07
4.44276e+07
4.43316e+07
4.42894e+07
4.42747e+07
4.42732e+07
4.42914e+07
4.43397e+07
4.44083e+07
4.44606e+07
4.44343e+07
4.42607e+07
4.38848e+07
4.32822e+07
4.24704e+07
4.15104e+07
4.05049e+07
3.95799e+07
3.88579e+07
3.84237e+07
3.82989e+07
3.84448e+07
3.87901e+07
3.92604e+07
3.9789e+07
4.03119e+07
4.07601e+07
4.10624e+07
4.11736e+07
4.10956e+07
4.08963e+07
4.06899e+07
4.0586e+07
4.06362e+07
4.08263e+07
4.11028e+07
4.14165e+07
4.17226e+07
4.19813e+07
4.21533e+07
4.22044e+07
4.21171e+07
4.19007e+07
4.15916e+07
4.12441e+07
4.09082e+07
4.06106e+07
4.03514e+07
4.01113e+07
3.98607e+07
3.95741e+07
3.92442e+07
3.89024e+07
3.86394e+07
3.85805e+07
3.882e+07
3.93405e+07
4.00155e+07
4.06732e+07
4.11754e+07
4.14622e+07
4.15533e+07
4.15242e+07
4.14688e+07
4.1465e+07
4.15599e+07
4.17725e+07
4.20805e+07
4.24206e+07
4.27067e+07
4.28822e+07
4.29276e+07
4.28623e+07
4.27235e+07
4.2561e+07
4.24278e+07
4.23583e+07
4.23659e+07
4.24311e+07
4.25215e+07
4.26066e+07
4.26705e+07
4.2709e+07
4.27207e+07
4.26988e+07
4.2633e+07
4.25214e+07
4.23735e+07
4.22139e+07
4.2069e+07
4.19576e+07
4.18781e+07
4.18136e+07
4.17453e+07
4.16651e+07
4.15771e+07
4.1478e+07
4.13499e+07
4.1184e+07
4.10227e+07
4.09596e+07
4.10683e+07
4.13168e+07
4.15823e+07
4.17482e+07
4.17638e+07
4.1641e+07
4.1428e+07
4.11859e+07
4.09718e+07
4.08148e+07
4.07069e+07
4.06177e+07
4.0528e+07
4.04537e+07
4.04436e+07
4.05495e+07
4.07947e+07
4.1157e+07
4.15701e+07
4.19484e+07
4.22098e+07
4.23e+07
4.22027e+07
4.1949e+07
4.16046e+07
4.12463e+07
4.09447e+07
4.07348e+07
4.06151e+07
4.05595e+07
4.05338e+07
4.0518e+07
4.05176e+07
4.05663e+07
4.07019e+07
4.09521e+07
4.13156e+07
4.17647e+07
4.22624e+07
4.27759e+07
4.3275e+07
4.37202e+07
4.40599e+07
4.42402e+07
4.42279e+07
4.40179e+07
4.36389e+07
4.31492e+07
4.2629e+07
4.2171e+07
4.18733e+07
4.18108e+07
4.2003e+07
4.24008e+07
4.29081e+07
4.34325e+07
4.39018e+07
4.42644e+07
4.44878e+07
4.4553e+07
4.44733e+07
4.42852e+07
4.40455e+07
4.38134e+07
4.36385e+07
4.35547e+07
4.3578e+07
4.36959e+07
4.38726e+07
4.40601e+07
4.42058e+07
4.42661e+07
4.42093e+07
4.40192e+07
4.36956e+07
4.32659e+07
4.27973e+07
4.23963e+07
4.21749e+07
4.21929e+07
4.24306e+07
4.28066e+07
4.3232e+07
4.36467e+07
4.40172e+07
4.43229e+07
4.45474e+07
4.46775e+07
4.47114e+07
4.46626e+07
4.45655e+07
4.44584e+07
4.43677e+07
4.43e+07
4.42412e+07
4.41821e+07
4.41323e+07
4.4096e+07
4.40532e+07
4.39616e+07
4.37856e+07
4.35116e+07
4.31544e+07
4.27455e+07
4.23257e+07
4.1931e+07
4.15827e+07
4.12901e+07
4.10596e+07
4.08968e+07
4.079e+07
4.07121e+07
4.0642e+07
4.05853e+07
4.05743e+07
4.06381e+07
4.07829e+07
4.09904e+07
4.12432e+07
4.1534e+07
4.18631e+07
4.22115e+07
4.25467e+07
4.2833e+07
4.30528e+07
4.32085e+07
4.33185e+07
4.33996e+07
4.34675e+07
4.35363e+07
4.36219e+07
4.3733e+07
4.38617e+07
4.39877e+07
4.40911e+07
4.41492e+07
4.41349e+07
4.40126e+07
4.3745e+07
4.33133e+07
4.27287e+07
4.20364e+07
4.1304e+07
4.06097e+07
4.002e+07
3.95721e+07
3.92661e+07
3.90822e+07
3.89983e+07
3.90039e+07
3.9096e+07
3.92648e+07
3.94875e+07
3.97327e+07
3.998e+07
4.02363e+07
4.05466e+07
4.0976e+07
4.1583e+07
4.23762e+07
4.32971e+07
4.42324e+07
4.50472e+07
4.56333e+07
4.59509e+07
4.60249e+07
4.59204e+07
4.5699e+07
4.53978e+07
4.50496e+07
4.46976e+07
4.43943e+07
4.4178e+07
4.40509e+07
4.39853e+07
4.39342e+07
4.38535e+07
4.37089e+07
4.34863e+07
4.31915e+07
4.28422e+07
4.24551e+07
4.20395e+07
4.1611e+07
4.11965e+07
4.08367e+07
4.05792e+07
4.04673e+07
4.05173e+07
4.07087e+07
4.09941e+07
4.13249e+07
4.16709e+07
4.20155e+07
4.23442e+07
4.26378e+07
4.28731e+07
4.30346e+07
4.31277e+07
4.31802e+07
4.32248e+07
4.32878e+07
4.3379e+07
4.35051e+07
4.3675e+07
4.38908e+07
4.41358e+07
4.43645e+07
4.45175e+07
4.45372e+07
4.43861e+07
4.40465e+07
4.35316e+07
4.28905e+07
4.22006e+07
4.15496e+07
4.09974e+07
4.05747e+07
4.02908e+07
4.01617e+07
4.02206e+07
4.04943e+07
4.09728e+07
4.15907e+07
4.22359e+07
4.2793e+07
4.31773e+07
4.33557e+07
4.33468e+07
4.32039e+07
4.29834e+07
4.27441e+07
4.25414e+07
4.24295e+07
4.24502e+07
4.26177e+07
4.29088e+07
4.32609e+07
4.35924e+07
4.38282e+07
4.39168e+07
4.38489e+07
4.36662e+07
4.34558e+07
4.33303e+07
4.33846e+07
4.36645e+07
4.41482e+07
4.47624e+07
4.54106e+07
4.6e+07
4.645e+07
4.66996e+07
4.67213e+07
4.6534e+07
4.6215e+07
4.58826e+07
4.56317e+07
4.54645e+07
4.53013e+07
4.50469e+07
4.46527e+07
4.41335e+07
4.35401e+07
4.29248e+07
4.23138e+07
4.16878e+07
4.09944e+07
4.01767e+07
3.92258e+07
3.822e+07
3.73228e+07
3.67274e+07
3.65692e+07
3.68592e+07
3.75025e+07
3.83574e+07
3.92888e+07
4.01797e+07
4.0946e+07
4.15274e+07
4.18967e+07
4.206e+07
4.20547e+07
4.19366e+07
4.17644e+07
4.15929e+07
4.14639e+07
4.14103e+07
4.1449e+07
4.15785e+07
4.17837e+07
4.20424e+07
4.23329e+07
4.26337e+07
4.29231e+07
4.31777e+07
4.33765e+07
4.35043e+07
4.35567e+07
4.35278e+07
4.34037e+07
4.31488e+07
4.27147e+07
4.20625e+07
4.11958e+07
4.01942e+07
3.92152e+07
3.84383e+07
3.79933e+07
3.79064e+07
3.81138e+07
3.85052e+07
3.89622e+07
3.93886e+07
3.97341e+07
4.00013e+07
4.02233e+07
4.04427e+07
4.0693e+07
4.09796e+07
4.12839e+07
4.15677e+07
4.1786e+07
4.18953e+07
4.18745e+07
4.17356e+07
4.15264e+07
4.13188e+07
4.11766e+07
4.11228e+07
4.11317e+07
4.11534e+07
4.11448e+07
4.10941e+07
4.10233e+07
4.09765e+07
4.1e+07
4.11274e+07
4.13597e+07
4.16708e+07
4.20194e+07
4.23652e+07
4.26798e+07
4.29524e+07
4.31862e+07
4.33955e+07
4.36003e+07
4.38177e+07
4.40506e+07
4.42778e+07
4.44609e+07
4.45585e+07
4.45367e+07
4.43778e+07
4.40789e+07
4.3638e+07
4.30491e+07
4.23057e+07
4.14112e+07
4.04052e+07
3.93723e+07
3.84343e+07
3.77232e+07
3.73446e+07
3.73572e+07
3.77605e+07
3.85049e+07
3.95094e+07
4.06738e+07
4.18924e+07
4.3067e+07
4.4117e+07
4.49846e+07
4.56316e+07
4.60383e+07
4.61979e+07
4.61137e+07
4.58032e+07
4.5313e+07
4.47222e+07
4.41364e+07
4.36551e+07
4.3335e+07
4.31534e+07
4.30383e+07
4.29099e+07
4.27267e+07
4.24996e+07
4.22862e+07
4.21651e+07
4.22028e+07
4.24336e+07
4.28459e+07
4.33961e+07
4.40215e+07
4.46548e+07
4.52319e+07
4.56939e+07
4.59863e+07
4.6052e+07
4.58315e+07
4.52794e+07
4.44e+07
4.32927e+07
4.21817e+07
4.13331e+07
4.08856e+07
4.07506e+07
4.07024e+07
4.05694e+07
4.03171e+07
4.00117e+07
3.97471e+07
3.95869e+07
3.95492e+07
3.96122e+07
3.97403e+07
3.98894e+07
4.00233e+07
4.01215e+07
4.01905e+07
4.02727e+07
4.04369e+07
4.07455e+07
4.1205e+07
4.17464e+07
4.22333e+07
4.25154e+07
4.24901e+07
4.21336e+07
4.1502e+07
4.07162e+07
3.99275e+07
3.92821e+07
3.88785e+07
3.8737e+07
3.88054e+07
3.89894e+07
3.91964e+07
3.93611e+07
3.94476e+07
3.94312e+07
3.92952e+07
3.90297e+07
3.86517e+07
3.821e+07
3.77882e+07
3.74773e+07
3.73664e+07
3.75107e+07
3.79056e+07
3.84786e+07
3.91203e+07
3.97469e+07
4.03297e+07
4.08793e+07
4.14041e+07
4.18777e+07
4.22376e+07
4.241e+07
4.23312e+07
4.19633e+07
4.12995e+07
4.03817e+07
3.93208e+07
3.83114e+07
3.75916e+07
3.73575e+07
3.76733e+07
3.84484e+07
3.94744e+07
4.0513e+07
4.13782e+07
4.19756e+07
4.22906e+07
4.23623e+07
4.22569e+07
4.20545e+07
4.18368e+07
4.16766e+07
4.16255e+07
4.17101e+07
4.19266e+07
4.22399e+07
4.25831e+07
4.28711e+07
4.30196e+07
4.29665e+07
4.26861e+07
4.2201e+07
4.15846e+07
4.09561e+07
4.04571e+07
4.02062e+07
4.02522e+07
4.05522e+07
4.09989e+07
4.14657e+07
4.1851e+07
4.2096e+07
4.21847e+07
4.21387e+07
4.20056e+07
4.18511e+07
4.17449e+07
4.17363e+07
4.18437e+07
4.20463e+07
4.23069e+07
4.25873e+07
4.28593e+07
4.31057e+07
4.33108e+07
4.34493e+07
4.34961e+07
4.34316e+07
4.3266e+07
4.30505e+07
4.28606e+07
4.27682e+07
4.28124e+07
4.29936e+07
4.32753e+07
4.36089e+07
4.39398e+07
4.42154e+07
4.4393e+07
4.44433e+07
4.43521e+07
4.41192e+07
4.37604e+07
4.33079e+07
4.28056e+07
4.23067e+07
4.18611e+07
4.15151e+07
4.13057e+07
4.12495e+07
4.13325e+07
4.15013e+07
4.16871e+07
4.18281e+07
4.18922e+07
4.1874e+07
4.17851e+07
4.16473e+07
4.14898e+07
4.13622e+07
4.13386e+07
4.14992e+07
4.18711e+07
4.23908e+07
4.29176e+07
4.32984e+07
4.34302e+07
4.32868e+07
4.29133e+07
4.24182e+07
4.19566e+07
4.16927e+07
4.17155e+07
4.19842e+07
4.23493e+07
4.26508e+07
4.2801e+07
4.27935e+07
4.26747e+07
4.25025e+07
4.23204e+07
4.2152e+07
4.20053e+07
4.18844e+07
4.1795e+07
4.17546e+07
4.17919e+07
4.19472e+07
4.22612e+07
4.27551e+07
4.34059e+07
4.41405e+07
4.48521e+07
4.54352e+07
4.5817e+07
4.59681e+07
4.59031e+07
4.56735e+07
4.53591e+07
4.50528e+07
4.48295e+07
4.47215e+07
4.47207e+07
4.47893e+07
4.48791e+07
4.49448e+07
4.49499e+07
4.48667e+07
4.46744e+07
4.43635e+07
4.39353e+07
4.3416e+07
4.2859e+07
4.23363e+07
4.19094e+07
4.15933e+07
4.13468e+07
4.10908e+07
4.07636e+07
4.03417e+07
3.98561e+07
3.93758e+07
3.89908e+07
3.87899e+07
3.88408e+07
3.91707e+07
3.9753e+07
4.05113e+07
4.13415e+07
4.21399e+07
4.28309e+07
4.33804e+07
4.3801e+07
4.41332e+07
4.44319e+07
4.47351e+07
4.50356e+07
4.52677e+07
4.53516e+07
4.52474e+07
4.49963e+07
4.47119e+07
4.45316e+07
4.4559e+07
4.48352e+07
4.53238e+07
4.59299e+07
4.65289e+07
4.70088e+07
4.72882e+07
4.73241e+07
4.71117e+07
4.66776e+07
4.60664e+07
4.5329e+07
4.45129e+07
4.36616e+07
4.2821e+07
4.20396e+07
4.13711e+07
4.08633e+07
4.05477e+07
4.04425e+07
4.05466e+07
4.0846e+07
4.13151e+07
4.19088e+07
4.25641e+07
4.31973e+07
4.37225e+07
4.40706e+07
4.41976e+07
4.40912e+07
4.37657e+07
4.326e+07
4.26308e+07
