180.258
179.756
178.86
177.515
175.646
173.161
169.942
165.859
160.79
154.628
147.323
138.931
129.655
119.871
110.114
101.007
93.1362
86.9417
82.6476
80.2514
79.569
80.2967
82.0761
84.5439
87.3723
90.289
93.0835
95.6106
97.785
99.5722
100.97
101.999
102.676
103.012
103.004
102.648
101.95
100.943
99.6887
98.285
96.85
95.5148
94.417
93.6817
93.4028
93.6124
94.2614
95.2288
96.3572
97.492
227.582
226.793
224.327
220.311
214.984
208.741
202.147
195.864
190.493
186.4
183.661
182.081
181.309
180.936
180.582
179.937
178.814
177.169
175.126
172.972
171.092
169.847
169.425
169.771
170.619
171.596
172.371
172.764
172.755
172.376
171.569
170.154
167.99
165.208
162.298
159.955
158.719
158.704
159.586
160.863
162.141
163.264
164.251
165.137
165.874
166.355
166.52
166.407
166.118
165.75
170.133
169.652
169.138
168.622
168.147
167.772
167.581
167.693
168.236
169.247
170.607
172.083
173.464
174.66
175.701
176.669
177.618
178.513
179.24
179.712
179.929
179.946
179.809
179.562
179.337
179.358
179.763
180.409
180.915
180.949
180.449
179.623
178.79
178.2
177.951
177.982
178.146
178.265
178.182
177.772
176.957
175.705
174.07
172.265
170.733
170.119
170.997
173.439
176.886
180.504
193.893
196.038
197.125
197.265
196.667
195.589
194.291
192.979
191.783
190.727
189.736
188.652
187.285
185.491
183.259
180.732
178.152
175.772
173.751
172.1
170.689
169.344
167.963
166.606
165.475
164.817
164.778
165.331
166.309
167.521
168.862
170.334
171.958
173.677
175.327
176.71
177.675
178.186
178.326
178.241
178.041
177.721
177.222
176.62
176.264
176.624
177.846
179.559
181.187
182.378
185.498
185.881
186.047
186.021
185.787
185.36
184.815
184.267
183.83
183.567
183.456
183.389
183.198
182.725
181.854
180.527
178.735
176.506
173.909
171.091
168.323
166.027
164.672
164.579
165.772
167.957
170.642
173.325
175.634
177.348
178.372
178.702
178.427
177.751
177.01
176.639
177.053
178.503
180.95
184.082
187.423
190.491
192.867
194.188
194.158
192.607
189.579
185.378
180.521
175.617
171.54
168.085
165.787
164.681
164.629
165.372
166.62
168.117
169.672
171.132
172.358
173.259
173.89
174.514
175.552
177.372
180.07
183.403
186.925
190.151
192.681
194.241
194.683
193.997
192.31
189.903
187.198
184.693
182.81
181.725
181.336
181.388
181.633
181.92
182.172
182.335
182.34
182.106
181.595
180.852
180.009
179.246
178.695
178.372
178.18
177.975
177.665
177.27
176.916
176.757
176.88
177.259
177.793
178.377
178.958
179.551
180.209
180.989
181.883
182.778
183.477
183.731
183.297
182.023
180.015
177.819
176.313
176.099
177.007
178.358
179.6
180.543
181.217
181.694
182.017
182.209
182.307
182.387
182.581
183.049
183.899
185.102
186.443
187.551
188.006
187.477
185.824
183.156
179.821
176.373
173.459
171.669
171.351
172.48
174.687
177.433
180.231
182.773
184.928
186.628
187.743
188.049
187.333
185.554
182.985
180.245
178.166
177.479
178.417
180.525
182.893
184.627
185.19
184.48
182.756
180.481
178.151
176.155
174.724
173.938
173.71
173.804
173.942
173.969
173.927
173.955
174.114
174.294
174.275
173.854
172.986
171.845
170.798
170.306
170.788
172.496
175.436
179.375
183.91
188.557
192.837
196.341
198.743
199.811
199.407
197.487
194.118
189.523
184.227
179.245
175.957
175.403
177.512
181.208
185.195
188.532
190.733
191.677
191.493
190.48
189.003
187.374
185.741
184.081
182.275
180.237
178.004
175.787
173.981
173.074
173.424
174.996
177.277
179.477
180.856
180.953
179.682
177.329
174.494
171.944
170.387
170.223
171.416
173.582
176.234
179.006
181.729
184.358
186.861
189.153
191.105
192.624
193.71
194.46
195.04
195.618
196.3
197.086
197.879
198.521
198.835
198.665
197.903
196.498
194.459
191.873
188.901
185.737
182.558
179.51
176.767
174.62
173.492
173.782
175.618
178.643
182.091
185.149
187.286
188.319
188.328
187.573
186.448
185.433
184.969
185.326
186.517
188.313
190.343
192.215
193.605
194.318
194.32
193.766
192.971
192.27
191.844
191.663
191.609
191.617
191.714
191.944
192.266
192.5
192.357
191.518
189.731
186.88
183.049
178.526
173.789
169.431
166.028
163.974
163.366
164.027
165.625
167.811
170.276
172.718
174.811
176.232
176.758
176.406
175.491
174.544
174.08
174.334
175.233
176.544
178.02
179.459
180.675
181.483
181.722
181.313
180.297
178.847
177.215
175.634
174.229
173.003
171.865
170.681
169.332
167.781
166.186
164.964
164.703
165.829
168.265
171.414
174.477
176.818
178.154
178.579
178.447
178.197
178.184
178.632
179.625
181.067
182.649
183.984
184.796
185.005
184.693
184.043
183.286
182.661
182.343
182.378
182.685
183.11
183.51
183.815
184.006
184.073
183.984
183.695
183.194
182.526
181.799
181.141
180.634
180.277
179.99
179.679
179.315
178.913
178.458
177.865
177.095
176.347
176.059
176.571
177.727
178.961
179.726
179.786
179.2
178.191
177.05
176.037
175.288
174.767
174.334
173.901
173.544
173.49
173.98
175.12
176.803
178.725
180.481
181.686
182.086
181.617
180.419
178.797
177.118
175.698
174.707
174.142
173.873
173.747
173.67
173.675
173.909
174.557
175.739
177.446
179.552
181.888
184.297
186.635
188.715
190.296
191.135
191.07
190.079
188.303
186.016
183.593
181.471
180.1
179.833
180.755
182.632
185.028
187.501
189.718
191.439
192.502
192.834
192.484
191.631
190.537
189.478
188.688
188.327
188.457
189.03
189.877
190.767
191.455
191.736
191.469
190.576
189.057
187.041
184.848
182.979
181.948
182.038
183.153
184.916
186.911
188.857
190.598
192.043
193.108
193.734
193.91
193.705
193.271
192.789
192.393
192.096
191.833
191.569
191.346
191.181
190.976
190.542
189.711
188.42
186.735
184.809
182.835
180.978
179.336
177.953
176.861
176.085
175.571
175.194
174.853
174.585
174.531
174.832
175.511
176.485
177.668
179.035
180.577
182.214
183.787
185.133
186.166
186.902
187.423
187.811
188.136
188.464
188.869
189.389
189.986
190.567
191.033
191.285
191.194
190.589
189.302
187.246
184.475
181.198
177.736
174.457
171.666
169.537
168.078
167.191
166.774
166.777
167.189
167.966
168.998
170.142
171.301
172.512
173.981
176.019
178.889
182.629
186.965
191.362
195.189
197.945
199.443
199.805
199.331
198.299
196.896
195.271
193.627
192.208
191.192
190.596
190.282
190.037
189.65
188.965
187.916
186.532
184.897
183.085
181.143
179.145
177.216
175.548
174.363
173.858
174.107
175.018
176.37
177.937
179.571
181.198
182.752
184.14
185.252
186.02
186.474
186.736
186.964
187.275
187.717
188.321
189.125
190.145
191.292
192.358
193.063
193.145
192.418
190.804
188.37
185.344
182.091
179.011
176.4
174.393
173.035
172.403
172.65
173.909
176.126
178.987
181.979
184.562
186.337
187.153
187.1
186.416
185.378
184.253
183.303
182.781
182.883
183.673
185.036
186.685
188.242
189.349
189.772
189.472
188.643
187.692
187.14
187.437
188.79
191.094
194.005
197.077
199.867
202.002
203.199
203.324
202.47
200.999
199.459
198.286
197.495
196.705
195.475
193.589
191.114
188.287
185.353
182.434
179.445
176.138
172.255
167.759
163.018
158.799
156.006
155.257
156.606
159.609
163.608
167.958
172.126
175.704
178.418
180.139
180.9
180.872
180.311
179.497
178.683
178.073
177.814
177.98
178.571
179.516
180.713
182.054
183.443
184.777
185.949
186.857
187.435
187.657
187.5
186.894
185.676
183.618
180.541
176.47
171.784
167.21
163.591
161.526
161.133
162.118
163.96
166.108
168.116
169.756
171.028
172.091
173.147
174.341
175.701
177.14
178.479
179.503
180.016
179.922
179.273
178.296
177.325
176.658
176.4
176.433
176.526
176.48
176.242
175.911
175.695
175.815
176.418
177.513
178.977
180.616
182.241
183.723
185.008
186.11
187.099
188.067
189.092
190.18
191.235
192.082
192.523
192.402
191.636
190.211
188.12
185.338
181.83
177.624
172.906
168.072
163.695
160.392
158.659
158.761
160.7
164.243
169.007
174.517
180.282
185.841
190.814
194.925
197.998
199.937
200.708
200.321
198.868
196.568
193.795
191.04
188.77
187.236
186.351
185.772
185.134
184.245
183.162
182.153
181.584
181.768
182.858
184.803
187.395
190.338
193.316
196.025
198.191
199.554
199.846
198.795
196.193
192.057
186.863
181.653
177.668
175.55
174.874
174.604
173.935
172.71
171.245
169.975
169.195
168.986
169.254
169.822
170.495
171.1
171.538
171.843
172.217
172.976
174.404
176.541
179.053
181.303
182.597
182.454
180.767
177.802
174.121
170.435
167.424
165.543
164.885
165.202
166.06
167.031
167.805
168.21
168.14
167.508
166.276
164.519
162.476
160.524
159.104
158.619
159.324
161.2
163.904
166.93
169.882
172.63
175.226
177.702
179.929
181.616
182.419
182.045
180.316
177.206
172.914
167.961
163.255
159.915
158.844
160.34
163.974
168.774
173.629
177.674
180.469
181.947
182.284
181.796
180.854
179.84
179.093
178.857
179.255
180.268
181.728
183.322
184.657
185.34
185.077
183.754
181.476
178.591
175.656
173.33
172.166
172.387
173.794
175.88
178.061
179.86
181.003
181.422
181.214
180.601
179.896
179.414
179.393
179.909
180.873
182.108
183.43
184.713
185.874
186.836
187.489
187.703
187.398
186.623
185.613
184.722
184.288
184.492
185.326
186.634
188.184
189.717
190.987
191.796
192.007
191.553
190.437
188.733
186.594
184.229
181.882
179.792
178.174
177.201
176.951
177.353
178.162
179.053
179.742
180.074
180.022
179.644
179.038
178.339
177.779
177.709
178.491
180.256
182.697
185.154
186.925
187.533
186.852
185.096
182.77
180.606
179.36
179.453
180.686
182.364
183.746
184.42
184.363
183.791
182.974
182.113
181.317
180.631
180.071
179.668
179.499
179.698
180.455
181.957
184.298
187.365
190.817
194.154
196.884
198.668
199.369
199.055
197.968
196.489
195.043
193.979
193.454
193.425
193.718
194.107
194.383
194.375
193.948
193.009
191.508
189.463
186.996
184.354
181.876
179.845
178.335
177.147
175.928
174.378
172.4
170.136
167.916
166.158
165.273
165.576
167.19
169.987
173.608
177.566
181.377
184.686
187.335
189.372
190.995
192.457
193.932
195.38
196.504
196.921
196.456
195.311
194.015
193.197
193.352
194.667
196.969
199.807
202.61
204.849
206.145
206.299
205.294
203.246
200.365
196.89
193.046
189.04
185.085
181.414
178.272
175.885
174.41
173.92
174.413
175.821
178.023
180.809
183.874
186.83
189.275
190.881
191.45
190.924
189.371
186.969
183.987
