131.896
131.529
130.873
129.889
128.522
126.703
124.348
121.36
117.651
113.142
107.798
101.657
94.8695
87.7103
80.5709
73.9072
68.1484
63.6158
60.4739
58.7205
58.2212
58.7537
60.0557
61.8614
63.931
66.0651
68.1099
69.959
71.55
72.8577
73.8807
74.6331
75.1289
75.3747
75.3686
75.108
74.5979
73.8607
72.9429
71.9159
70.8659
69.8889
69.0856
68.5476
68.3435
68.4969
68.9717
69.6796
70.5052
71.3356
166.524
165.947
164.142
161.204
157.306
152.738
147.913
143.316
139.385
136.391
134.387
133.231
132.665
132.393
132.134
131.662
130.84
129.636
128.142
126.565
125.19
124.279
123.97
124.223
124.844
125.559
126.125
126.413
126.407
126.129
125.539
124.503
122.92
120.884
118.755
117.04
116.136
116.125
116.771
117.705
118.64
119.462
120.184
120.832
121.372
121.724
121.844
121.762
121.55
121.281
124.572
124.222
123.846
123.467
123.115
122.836
122.69
122.766
123.158
123.894
124.886
125.963
126.972
127.847
128.611
129.323
130.023
130.682
131.216
131.558
131.711
131.713
131.6
131.407
131.236
131.255
131.561
132.046
132.424
132.451
132.085
131.481
130.872
130.441
130.255
130.271
130.377
130.448
130.369
130.053
129.443
128.518
127.32
126.007
124.909
124.502
125.196
127.027
129.568
132.209
141.92
143.454
144.214
144.286
143.826
143.03
142.091
141.16
140.325
139.594
138.903
138.132
137.141
135.831
134.198
132.353
130.473
128.743
127.274
126.071
125.036
124.04
123.011
121.992
121.139
120.635
120.597
121.006
121.741
122.662
123.69
124.82
126.054
127.335
128.536
129.51
130.16
130.473
130.52
130.415
130.238
129.98
129.598
129.144
128.882
129.152
130.056
131.316
132.518
133.413
135.597
135.925
136.101
136.139
136.016
135.742
135.374
134.999
134.701
134.524
134.442
134.367
134.177
133.759
133.039
131.982
130.587
128.881
126.922
124.829
122.815
121.204
120.344
120.459
121.535
123.32
125.439
127.531
129.345
130.739
131.649
132.057
132.003
131.591
131.024
130.592
130.618
131.344
132.816
134.851
137.118
139.257
140.947
141.923
141.963
140.934
138.85
135.908
132.462
128.936
125.571
122.973
121.169
120.201
119.991
120.369
121.135
122.111
123.158
124.163
125.029
125.71
126.283
126.975
128.103
129.901
132.37
135.263
138.205
140.826
142.836
144.045
144.358
143.775
142.391
140.418
138.176
136.043
134.348
133.245
132.691
132.53
132.597
132.766
132.941
133.029
132.929
132.563
131.912
131.06
130.175
129.46
129.066
129.027
129.249
129.556
129.778
129.818
129.682
129.44
129.169
128.919
128.73
128.669
128.836
129.316
130.117
131.157
132.301
133.409
134.357
135.016
135.22
134.795
133.635
131.81
129.661
127.762
126.657
126.539
127.176
128.161
129.163
129.996
130.564
130.811
130.741
130.455
130.15
130.026
130.145
130.369
130.447
130.158
129.383
128.13
126.523
124.814
123.334
122.408
122.252
122.906
124.263
126.129
128.266
130.445
132.474
134.211
135.588
136.604
137.309
137.764
138
137.983
137.621
136.814
135.579
134.206
133.241
133.142
133.843
134.818
135.538
135.753
135.502
135.004
134.537
134.272
134.192
134.145
134.007
133.735
133.337
132.84
132.295
131.781
131.369
131.075
130.836
130.542
130.087
129.445
128.7
128.03
127.628
127.641
128.138
129.087
130.353
131.733
133.026
134.08
134.802
135.138
135.048
134.496
133.452
131.939
130.123
128.384
127.232
127.012
127.68
128.9
130.312
131.681
132.895
133.932
134.806
135.553
136.185
136.689
137.034
137.192
137.158
136.94
136.523
135.866
134.929
133.736
132.418
131.218
130.43
130.276
130.78
131.732
132.79
133.654
134.206
134.531
134.819
135.199
135.649
136.022
136.163
135.982
135.467
134.647
133.607
132.516
131.624
131.125
131.027
131.19
131.482
131.903
132.553
133.508
134.733
136.056
137.224
137.966
138.051
137.326
135.753
133.431
130.642
127.922
125.982
125.407
126.303
128.27
130.704
133.095
135.149
136.764
137.948
138.729
139.088
138.97
138.341
137.252
135.851
134.333
132.875
131.594
130.548
129.75
129.17
128.76
128.505
128.471
128.819
129.725
131.196
132.964
134.581
135.687
136.183
136.225
136.122
136.211
136.728
137.711
138.976
140.189
140.993
141.133
140.522
139.242
137.5
135.539
133.564
131.697
130.002
128.548
127.442
126.776
126.543
126.594
126.692
126.626
126.331
125.918
125.619
125.65
126.09
126.852
127.758
128.65
129.462
130.2
130.881
131.486
131.978
132.366
132.73
133.204
133.889
134.796
135.842
136.896
137.839
138.578
139.041
139.14
138.78
137.881
136.435
134.53
132.345
130.114
128.068
126.373
125.103
124.242
123.722
123.471
123.441
123.6
123.914
124.31
124.683
124.934
125.016
124.978
124.967
125.18
125.777
126.811
128.201
129.745
131.174
132.216
132.666
132.449
131.641
130.457
129.177
128.08
127.381
127.202
127.537
128.238
129.043
129.647
129.795
129.364
128.408
127.124
125.796
124.707
124.088
124.055
124.589
125.552
126.722
127.879
128.888
129.751
130.569
131.442
132.358
133.175
133.679
133.687
133.155
132.238
131.254
130.536
130.24
130.315
130.627
131.069
131.571
132.049
132.39
132.502
132.367
132.095
131.922
132.156
133.008
134.431
136.143
137.821
139.259
140.373
141.142
141.566
141.668
141.506
141.163
140.721
140.237
139.743
139.26
138.814
138.436
138.154
137.981
137.909
137.921
137.996
138.1
138.18
138.158
137.947
137.489
136.784
135.905
134.962
134.049
133.213
132.483
131.903
131.521
131.353
131.362
131.504
131.744
132.065
132.449
132.873
133.321
133.766
134.154
134.421
134.508
134.377
134.008
133.396
132.561
131.562
130.516
129.562
128.821
128.343
128.109
128.059
128.149
128.386
128.82
129.521
130.53
131.834
133.345
134.907
136.323
137.386
137.917
137.791
136.925
135.293
132.946
130.086
127.149
124.795
123.661
123.935
125.17
126.609
127.662
128.109
128.016
127.563
126.938
126.346
126.01
126.134
126.827
128.056
129.668
131.471
133.302
135.036
136.563
137.772
138.577
138.979
139.09
139.084
139.067
139
138.735
138.13
137.134
135.772
134.115
132.252
130.256
128.185
126.11
124.18
122.627
121.677
121.395
121.619
122.05
122.397
122.455
122.107
121.314
120.131
118.75
117.54
116.978
117.491
119.238
121.996
125.27
128.519
131.362
133.62
135.25
136.249
136.6
136.294
135.401
134.096
132.646
131.345
130.445
130.093
130.32
131.041
132.076
133.191
134.172
134.879
135.269
135.385
135.33
135.219
135.135
135.096
135.067
135
134.89
134.788
134.794
135.01
135.509
136.3
137.328
138.493
139.683
140.815
141.875
142.9
143.905
144.8
145.394
145.49
145.036
144.2
143.33
142.812
142.912
143.674
144.933
146.394
147.724
148.624
148.877
148.37
147.113
145.227
142.932
140.493
138.158
136.101
134.384
132.965
131.735
130.568
129.397
128.249
127.254
126.582
126.392
126.79
127.807
129.379
131.33
133.407
135.348
136.952
138.122
138.87
139.293
139.537
139.757
140.083
140.592
141.301
142.166
143.107
144.031
144.836
145.433
145.752
145.766
145.512
145.099
144.667
144.334
144.133
143.989
143.745
143.215
142.236
140.701
138.569
135.871
132.729
129.384
126.202
123.634
122.111
121.887
122.933
124.99
127.734
130.873
134.116
137.143
139.651
141.425
142.388
142.581
142.113
141.092
139.591
137.651
135.308
132.616
129.671
126.621
123.663
121.014
118.879
117.417
116.723
116.807
117.565
118.791
120.214
121.578
122.728
123.656
124.459
125.268
126.173
127.205
128.365
129.646
131.037
132.5
133.948
135.257
136.285
136.937
137.188
137.103
136.811
136.449
136.097
135.732
135.25
134.522
133.472
132.121
130.577
128.989
127.525
126.372
125.749
125.85
126.731
128.225
129.971
131.584
132.803
133.541
133.836
133.772
133.41
132.783
131.923
130.916
129.946
129.236
128.943
129.053
129.361
129.583
129.569
129.46
129.632
130.42
131.84
133.585
135.222
136.377
136.798
136.354
135.031
132.931
130.269
127.35
124.477
121.856
119.63
118.119
117.982
119.735
122.992
126.639
129.743
131.952
133.321
134.06
134.407
134.592
134.823
135.266
135.982
136.88
137.733
138.27
138.269
137.591
136.188
134.102
131.496
128.667
126.02
123.958
122.766
122.539
123.222
124.687
126.774
129.309
132.099
134.956
137.717
140.257
142.492
144.367
145.832
146.837
147.328
147.267
146.662
145.595
144.22
142.742
141.381
140.329
139.71
139.545
139.747
140.123
140.42
140.384
139.821
138.663
137.034
135.283
133.92
133.377
133.717
134.567
135.345
135.563
134.992
133.687
131.917
130.068
128.502
127.46
127.047
127.275
128.107
129.467
131.209
133.085
134.76
135.902
136.286
135.877
134.859
133.605
132.591
132.254
132.828
134.264
136.293
138.557
140.716
142.477
143.599
143.909
143.334
141.899
139.707
136.92
133.755
130.489
127.465
125.058
123.574
123.111
123.528
124.553
125.931
127.469
129.012
130.42
131.546
132.248
132.422
132.023
131.087
129.73
128.157
126.65
125.511
124.981
125.17
126.06
127.535
129.394
131.369
133.173
134.58
135.459
135.763
135.478
134.614
133.255
131.642
130.194
129.417
129.708
131.15
133.458
136.101
138.529
140.348
141.416
141.813
141.763
141.512
141.229
140.958
140.629
140.113
139.276
138.035
136.387
134.42
132.299
130.217
128.363
126.886
125.869
125.285
125.019
124.962
125.115
125.595
126.542
127.998
129.846
131.853
133.726
135.196
136.089
136.354
136.052
135.287
134.151
132.715
131.071
129.39
127.94
127.019
126.852
127.499
128.852
130.673
132.687
134.636
136.311
137.559
138.289
138.491
138.223
137.582
136.667
135.561
134.333
133.055
131.798
130.62
129.549
128.588
127.74
127.034
126.51
126.186
126.04
126.031
126.13
126.344
126.72
127.312
128.135
129.128
130.16
131.071
131.728
132.054
132.045
131.768
131.321
130.755
130.027
129.061
127.884
126.728
125.954
125.848
126.435
127.476
128.652
129.739
130.683
131.586
132.599
133.82
135.203
136.576
137.694
138.324
138.323
137.683
136.55
135.191
133.916
132.988
132.551
132.612
133.052
133.68
134.307
134.809
135.149
135.352
135.467
135.514
135.473
135.306
135.021
134.718
134.568
134.727
135.246
136.061
137.04
138.009
138.766
139.105
138.857
137.949
136.435
134.48
132.308
130.159
128.255
126.793
125.93
125.757
126.269
127.339
128.736
130.188
131.448
132.327
132.704
132.517
131.771
130.53
128.897
126.989
124.925
122.842
120.913
119.348
118.338
117.977
118.228
118.945
119.934
121.022
122.091
123.058
123.858
124.421
124.699
124.687
124.433
124.017
123.498
122.887
122.166
121.339
