-1.06747e-20
-1.0674e-20
-1.06731e-20
-1.06714e-20
-1.06678e-20
-1.06616e-20
-1.06569e-20
-1.06464e-20
-1.06377e-20
-1.06282e-20
-1.06207e-20
-1.06149e-20
-1.0611e-20
-1.06064e-20
-1.06079e-20
-1.06109e-20
-1.06147e-20
-1.06179e-20
-1.06225e-20
-1.06284e-20
-1.06319e-20
-1.06379e-20
-1.06393e-20
-1.06417e-20
-1.06421e-20
-1.06431e-20
-1.06416e-20
-1.0644e-20
-1.06419e-20
-1.06424e-20
-1.06427e-20
-1.06409e-20
-1.06392e-20
-1.06391e-20
-1.06412e-20
-1.06408e-20
-1.06384e-20
-1.06375e-20
-1.06371e-20
-1.06358e-20
-1.06359e-20
-1.06377e-20
-1.0638e-20
-1.06405e-20
-1.06419e-20
-1.06405e-20
-1.06437e-20
-1.06431e-20
-1.06433e-20
-1.06442e-20
-7.96944e-21
-7.96691e-21
-7.96321e-21
-7.96091e-21
-7.9579e-21
-7.95829e-21
-7.95728e-21
-7.95523e-21
-7.95763e-21
-7.96115e-21
-7.96313e-21
-7.96722e-21
-7.96536e-21
-7.96574e-21
-7.96369e-21
-7.96454e-21
-7.96481e-21
-7.9645e-21
-7.96326e-21
-7.96584e-21
-7.96651e-21
-7.96846e-21
-7.97053e-21
-7.9729e-21
-7.97284e-21
-7.97304e-21
-7.97236e-21
-7.97151e-21
-7.97277e-21
-7.97131e-21
-7.97092e-21
-7.96911e-21
-7.96552e-21
-7.96502e-21
-7.9669e-21
-7.96777e-21
-7.96797e-21
-7.96922e-21
-7.97154e-21
-7.97219e-21
-7.97022e-21
-7.97091e-21
-7.97172e-21
-7.97046e-21
-7.96901e-21
-7.96495e-21
-7.96397e-21
-7.96487e-21
-7.96428e-21
-7.96419e-21
-7.8635e-21
-7.86341e-21
-7.86543e-21
-7.86615e-21
-7.86664e-21
-7.86556e-21
-7.86504e-21
-7.86788e-21
-7.87023e-21
-7.87043e-21
-7.86988e-21
-7.87054e-21
-7.87224e-21
-7.87118e-21
-7.87265e-21
-7.87328e-21
-7.87186e-21
-7.87198e-21
-7.87356e-21
-7.87163e-21
-7.87184e-21
-7.87149e-21
-7.87155e-21
-7.87279e-21
-7.8724e-21
-7.87245e-21
-7.8732e-21
-7.87057e-21
-7.87256e-21
-7.87483e-21
-7.87526e-21
-7.87322e-21
-7.87422e-21
-7.87524e-21
-7.87592e-21
-7.87566e-21
-7.8754e-21
-7.87272e-21
-7.87283e-21
-7.86932e-21
-7.86843e-21
-7.86822e-21
-7.86589e-21
-7.86766e-21
-7.86823e-21
-7.87294e-21
-7.87668e-21
-7.88084e-21
-7.88061e-21
-7.88011e-21
-7.66753e-21
-7.66428e-21
-7.66354e-21
-7.66247e-21
-7.66191e-21
-7.66019e-21
-7.65931e-21
-7.65741e-21
-7.65771e-21
-7.65829e-21
-7.6593e-21
-7.6582e-21
-7.65776e-21
-7.65818e-21
-7.65533e-21
-7.65497e-21
-7.65653e-21
-7.65785e-21
-7.65559e-21
-7.65624e-21
-7.65654e-21
-7.65857e-21
-7.65953e-21
-7.66045e-21
-7.66052e-21
-7.66104e-21
-7.66064e-21
-7.6624e-21
-7.66339e-21
-7.66166e-21
-7.66327e-21
-7.66289e-21
-7.66318e-21
-7.66322e-21
-7.66114e-21
-7.65868e-21
-7.65636e-21
-7.65377e-21
-7.65384e-21
-7.65216e-21
-7.6506e-21
-7.65027e-21
-7.65093e-21
-7.64999e-21
-7.65038e-21
-7.65255e-21
-7.65338e-21
-7.65441e-21
-7.65303e-21
-7.65337e-21
-7.60436e-21
-7.60451e-21
-7.60138e-21
-7.602e-21
-7.60019e-21
-7.60054e-21
-7.60213e-21
-7.60431e-21
-7.6043e-21
-7.60364e-21
-7.60352e-21
-7.60446e-21
-7.60367e-21
-7.60122e-21
-7.59929e-21
-7.59866e-21
-7.59738e-21
-7.59688e-21
-7.5942e-21
-7.59399e-21
-7.59453e-21
-7.59947e-21
-7.60118e-21
-7.60462e-21
-7.60876e-21
-7.61029e-21
-7.61142e-21
-7.60923e-21
-7.60747e-21
-7.60713e-21
-7.60395e-21
-7.59848e-21
-7.59809e-21
-7.59725e-21
-7.59588e-21
-7.59646e-21
-7.59982e-21
-7.60203e-21
-7.60143e-21
-7.60234e-21
-7.60289e-21
-7.60286e-21
-7.601e-21
-7.59776e-21
-7.59472e-21
-7.59324e-21
-7.59078e-21
-7.58887e-21
-7.58888e-21
-7.58809e-21
-7.58122e-21
-7.5821e-21
-7.58494e-21
-7.58731e-21
-7.58991e-21
-7.59225e-21
-7.59094e-21
-7.59464e-21
-7.59458e-21
-7.5949e-21
-7.59326e-21
-7.59258e-21
-7.59464e-21
-7.59508e-21
-7.59436e-21
-7.59723e-21
-7.5999e-21
-7.59836e-21
-7.59956e-21
-7.59777e-21
-7.59324e-21
-7.59136e-21
-7.5883e-21
-7.58777e-21
-7.58836e-21
-7.59107e-21
-7.58929e-21
-7.5899e-21
-7.59184e-21
-7.59174e-21
-7.59326e-21
-7.59113e-21
-7.59201e-21
-7.59336e-21
-7.59289e-21
-7.59092e-21
-7.59085e-21
-7.58892e-21
-7.58904e-21
-7.5904e-21
-7.588e-21
-7.588e-21
-7.58816e-21
-7.58992e-21
-7.58901e-21
-7.58952e-21
-7.58792e-21
-7.58752e-21
-7.58881e-21
-7.58696e-21
-7.58481e-21
-7.58627e-21
-7.58748e-21
-7.58785e-21
-7.58818e-21
-7.58791e-21
-7.58846e-21
-7.5884e-21
-7.58889e-21
-7.58937e-21
-7.58733e-21
-7.58749e-21
-7.58858e-21
-7.58786e-21
-7.58679e-21
-7.58907e-21
-7.59037e-21
-7.59587e-21
-7.59576e-21
-7.59627e-21
-7.59401e-21
-7.59578e-21
-7.59531e-21
-7.59565e-21
-7.59809e-21
-7.59888e-21
-7.59909e-21
-7.59953e-21
-7.59824e-21
-7.5993e-21
-7.59978e-21
-7.60068e-21
-7.60058e-21
-7.60098e-21
-7.60092e-21
-7.60035e-21
-7.59977e-21
-7.59832e-21
-7.59614e-21
-7.59663e-21
-7.59708e-21
-7.60026e-21
-7.60342e-21
-7.60574e-21
-7.60842e-21
-7.60825e-21
-7.60794e-21
-7.6079e-21
-7.606e-21
-7.60324e-21
-7.60179e-21
-7.60087e-21
-7.59965e-21
-7.59558e-21
-7.59385e-21
-7.59371e-21
-7.59602e-21
-7.59871e-21
-7.60042e-21
-7.60121e-21
-7.60065e-21
-7.59824e-21
-7.59487e-21
-7.59106e-21
-7.59354e-21
-7.59195e-21
-7.59541e-21
-7.59676e-21
-7.60149e-21
-7.6045e-21
-7.60474e-21
-7.60611e-21
-7.60732e-21
-7.60708e-21
-7.60743e-21
-7.60633e-21
-7.60551e-21
-7.60566e-21
-7.60327e-21
-7.60163e-21
-7.6022e-21
-7.60302e-21
-7.60372e-21
-7.60367e-21
-7.60331e-21
-7.60424e-21
-7.6066e-21
-7.60825e-21
-7.60519e-21
-7.60452e-21
-7.60533e-21
-7.60366e-21
-7.59938e-21
-7.5978e-21
-7.59432e-21
-7.58985e-21
-7.58703e-21
-7.58426e-21
-7.58445e-21
-7.58798e-21
-7.59295e-21
-7.59829e-21
-7.60041e-21
-7.60218e-21
-7.60018e-21
-7.59781e-21
-7.5935e-21
-7.59131e-21
-7.58551e-21
-7.58694e-21
-7.58876e-21
-7.59039e-21
-7.59212e-21
-7.59126e-21
-7.59151e-21
-7.58931e-21
-7.58976e-21
-7.59019e-21
-7.59159e-21
-7.59258e-21
-7.59634e-21
-7.59639e-21
-7.59836e-21
-7.59593e-21
-7.5929e-21
-7.59104e-21
-7.59012e-21
-7.59018e-21
-7.59105e-21
-7.59045e-21
-7.59173e-21
-7.5937e-21
-7.59822e-21
-7.59693e-21
-7.59677e-21
-7.59882e-21
-7.59659e-21
-7.5974e-21
-7.59809e-21
-7.59751e-21
-7.59702e-21
-7.5954e-21
-7.59219e-21
-7.59201e-21
-7.59117e-21
-7.59064e-21
-7.58986e-21
-7.58966e-21
-7.58985e-21
-7.59002e-21
-7.58915e-21
-7.58801e-21
-7.58739e-21
-7.5857e-21
-7.58378e-21
-7.58315e-21
-7.58222e-21
-7.57965e-21
-7.5791e-21
-7.58125e-21
-7.58011e-21
-7.58042e-21
-7.58303e-21
-7.58523e-21
-7.58855e-21
-7.59297e-21
-7.59116e-21
-7.58929e-21
-7.58638e-21
-7.58548e-21
-7.58223e-21
-7.58208e-21
-7.58389e-21
-7.585e-21
-7.5872e-21
-7.58901e-21
-7.59089e-21
-7.59415e-21
-7.59178e-21
-7.58968e-21
-7.59116e-21
-7.59102e-21
-7.58658e-21
-7.58643e-21
-7.58634e-21
-7.58647e-21
-7.58775e-21
-7.5871e-21
-7.58691e-21
-7.58842e-21
-7.59003e-21
-7.58996e-21
-7.59205e-21
-7.59019e-21
-7.58768e-21
-7.58524e-21
-7.58445e-21
-7.58398e-21
-7.58323e-21
-7.58399e-21
-7.58385e-21
-7.5843e-21
-7.58749e-21
-7.59256e-21
-7.59543e-21
-7.59737e-21
-7.59925e-21
-7.59976e-21
-7.6e-21
-7.5996e-21
-7.59748e-21
-7.59885e-21
-7.59691e-21
-7.59603e-21
-7.59508e-21
-7.5936e-21
-7.59464e-21
-7.59614e-21
-7.59346e-21
-7.59676e-21
-7.59584e-21
-7.59521e-21
-7.5942e-21
-7.59315e-21
-7.59185e-21
-7.59085e-21
-7.58975e-21
-7.58912e-21
-7.58938e-21
-7.58796e-21
-7.58734e-21
-7.58729e-21
-7.58664e-21
-7.58742e-21
-7.58802e-21
-7.58599e-21
-7.58696e-21
-7.5877e-21
-7.59235e-21
-7.59329e-21
-7.59581e-21
-7.59535e-21
-7.5923e-21
-7.59206e-21
-7.59133e-21
-7.59047e-21
-7.59152e-21
-7.59412e-21
-7.59456e-21
-7.59532e-21
-7.5947e-21
-7.5974e-21
-7.59587e-21
-7.59841e-21
-7.59614e-21
-7.59631e-21
-7.59336e-21
-7.59325e-21
-7.59468e-21
-7.59279e-21
-7.59626e-21
-7.59591e-21
-7.59631e-21
-7.59535e-21
-7.59417e-21
-7.59359e-21
-7.59404e-21
-7.59444e-21
-7.59441e-21
-7.59636e-21
-7.59766e-21
-7.60016e-21
-7.59984e-21
-7.59873e-21
-7.596e-21
-7.59521e-21
-7.59523e-21
-7.59341e-21
-7.59366e-21
-7.59496e-21
-7.59648e-21
-7.59644e-21
-7.59586e-21
-7.59396e-21
-7.59439e-21
-7.59572e-21
-7.59512e-21
-7.59663e-21
-7.59664e-21
-7.59586e-21
-7.59439e-21
-7.59315e-21
-7.59457e-21
-7.59504e-21
-7.59527e-21
-7.59525e-21
-7.5946e-21
-7.59462e-21
-7.59501e-21
-7.5949e-21
-7.59518e-21
-7.59546e-21
-7.59391e-21
-7.59601e-21
-7.59623e-21
-7.59474e-21
-7.58985e-21
-7.58883e-21
-7.58899e-21
-7.58818e-21
-7.59153e-21
-7.59061e-21
-7.59053e-21
-7.59231e-21
-7.59172e-21
-7.59085e-21
-7.5906e-21
-7.59398e-21
-7.59535e-21
-7.5998e-21
-7.60266e-21
-7.60158e-21
-7.60085e-21
-7.60148e-21
-7.60319e-21
-7.60354e-21
-7.60241e-21
-7.59937e-21
-7.59966e-21
-7.59771e-21
-7.59453e-21
-7.59249e-21
-7.59251e-21
-7.59339e-21
-7.59728e-21
-7.60032e-21
-7.60316e-21
-7.60511e-21
-7.60287e-21
-7.60478e-21
-7.60453e-21
-7.60473e-21
-7.60658e-21
-7.60372e-21
-7.60564e-21
-7.60405e-21
-7.6043e-21
-7.60344e-21
-7.60175e-21
-7.60217e-21
-7.60454e-21
-7.6028e-21
-7.60356e-21
-7.60731e-21
-7.60917e-21
-7.60918e-21
-7.60679e-21
-7.60623e-21
-7.60593e-21
-7.60403e-21
-7.60124e-21
-7.60071e-21
-7.60337e-21
-7.60486e-21
-7.60754e-21
-7.60964e-21
-7.61185e-21
-7.61298e-21
-7.61165e-21
-7.60906e-21
-7.60903e-21
-7.60714e-21
-7.60619e-21
-7.6036e-21
-7.60398e-21
-7.60166e-21
-7.59901e-21
-7.60404e-21
-7.60554e-21
-7.60281e-21
-7.6025e-21
-7.60366e-21
-7.60474e-21
-7.60274e-21
-7.60274e-21
-7.60317e-21
-7.60396e-21
-7.60124e-21
-7.60028e-21
-7.6021e-21
-7.60453e-21
-7.60572e-21
-7.60629e-21
-7.60727e-21
-7.60756e-21
-7.60695e-21
-7.60537e-21
-7.60133e-21
-7.60197e-21
-7.60123e-21
-7.6034e-21
-7.60446e-21
-7.60597e-21
-7.60465e-21
-7.6064e-21
-7.60534e-21
-7.60708e-21
-7.60744e-21
-7.6082e-21
-7.60583e-21
-7.60529e-21
-7.60358e-21
-7.60407e-21
-7.60436e-21
-7.60513e-21
-7.60569e-21
-7.60592e-21
-7.60495e-21
-7.6048e-21
-7.60138e-21
-7.60081e-21
-7.60095e-21
-7.59899e-21
-7.5971e-21
-7.59688e-21
-7.59764e-21
-7.59624e-21
-7.59662e-21
-7.59943e-21
-7.60172e-21
-7.60212e-21
-7.60615e-21
-7.60926e-21
-7.6105e-21
-7.60999e-21
-7.6091e-21
-7.61009e-21
-7.60978e-21
-7.60952e-21
-7.60851e-21
-7.60811e-21
-7.60624e-21
-7.60845e-21
-7.61032e-21
-7.61158e-21
-7.61331e-21
-7.61306e-21
-7.60986e-21
-7.60731e-21
-7.60338e-21
-7.60339e-21
-7.60371e-21
-7.60006e-21
-7.5998e-21
-7.60022e-21
-7.60047e-21
-7.60084e-21
-7.60038e-21
-7.60387e-21
-7.60491e-21
-7.6072e-21
-7.6067e-21
-7.60666e-21
-7.60557e-21
-7.60463e-21
-7.60591e-21
-7.60458e-21
-7.60472e-21
-7.60472e-21
-7.60438e-21
-7.60482e-21
-7.60676e-21
-7.60693e-21
-7.60537e-21
-7.60412e-21
-7.6051e-21
-7.60809e-21
-7.60812e-21
-7.60805e-21
-7.60951e-21
-7.61007e-21
-7.60802e-21
-7.60663e-21
-7.6078e-21
-7.60655e-21
-7.60801e-21
-7.60688e-21
-7.60616e-21
-7.60619e-21
-7.60493e-21
-7.60669e-21
-7.60539e-21
-7.60423e-21
-7.60283e-21
-7.60472e-21
-7.60359e-21
-7.60041e-21
-7.59925e-21
-7.59806e-21
-7.59908e-21
-7.59573e-21
-7.59861e-21
-7.60061e-21
-7.60304e-21
-7.60504e-21
-7.60465e-21
-7.60746e-21
-7.6102e-21
-7.60689e-21
-7.60585e-21
-7.6055e-21
-7.60288e-21
-7.60093e-21
-7.60176e-21
-7.59837e-21
-7.59863e-21
-7.59772e-21
-7.59701e-21
-7.5978e-21
-7.59888e-21
-7.60127e-21
-7.5991e-21
-7.59757e-21
-7.59763e-21
-7.59467e-21
-7.59211e-21
-7.59109e-21
-7.59142e-21
-7.59311e-21
-7.5921e-21
-7.59455e-21
-7.59808e-21
-7.59938e-21
-7.59912e-21
-7.60031e-21
-7.59859e-21
-7.59517e-21
-7.59301e-21
-7.58978e-21
-7.58704e-21
-7.5867e-21
-7.58853e-21
-7.58947e-21
-7.593e-21
-7.59314e-21
-7.58983e-21
-7.58949e-21
-7.58954e-21
-7.58945e-21
-7.58943e-21
-7.58875e-21
-7.59076e-21
-7.59012e-21
-7.58979e-21
-7.58981e-21
-7.58972e-21
-7.59116e-21
-7.59635e-21
-7.59913e-21
-7.60071e-21
-7.60239e-21
-7.60678e-21
-7.60515e-21
-7.60666e-21
-7.60269e-21
-7.59933e-21
-7.59657e-21
-7.59645e-21
-7.59645e-21
-7.59395e-21
-7.59304e-21
-7.59056e-21
-7.59288e-21
-7.59474e-21
-7.59359e-21
-7.59304e-21
-7.59332e-21
-7.59475e-21
-7.59391e-21
-7.59219e-21
-7.59093e-21
-7.5891e-21
-7.58675e-21
-7.58637e-21
-7.58391e-21
-7.58409e-21
-7.58302e-21
-7.58253e-21
-7.58089e-21
-7.57631e-21
-7.57352e-21
-7.57571e-21
-7.57725e-21
-7.58176e-21
-7.58528e-21
-7.58818e-21
-7.59151e-21
-7.59265e-21
-7.59101e-21
-7.58935e-21
-7.5916e-21
-7.59132e-21
-7.59146e-21
-7.59575e-21
-7.59679e-21
-7.59776e-21
-7.59877e-21
-7.59969e-21
-7.59709e-21
-7.59622e-21
-7.59599e-21
-7.59538e-21
-7.59506e-21
-7.59443e-21
-7.59526e-21
-7.59433e-21
-7.59366e-21
-7.59318e-21
-7.59346e-21
-7.59449e-21
-7.59417e-21
-7.59296e-21
-7.59592e-21
-7.5963e-21
-7.59687e-21
-7.59777e-21
-7.59756e-21
-7.59633e-21
-7.59595e-21
-7.59451e-21
-7.59214e-21
-7.59167e-21
-7.59241e-21
-7.59428e-21
-7.59229e-21
-7.58999e-21
-7.58968e-21
-7.58863e-21
-7.58735e-21
-7.58667e-21
-7.58462e-21
-7.58356e-21
-7.5838e-21
-7.58092e-21
-7.5803e-21
-7.58029e-21
-7.58031e-21
-7.58232e-21
-7.58482e-21
-7.58983e-21
-7.59304e-21
-7.5963e-21
-7.60129e-21
-7.60432e-21
-7.6036e-21
-7.6029e-21
-7.60269e-21
-7.60284e-21
-7.60117e-21
-7.6006e-21
-7.60128e-21
-7.60056e-21
-7.59618e-21
-7.59348e-21
-7.59209e-21
-7.59404e-21
-7.5967e-21
-7.60185e-21
-7.59896e-21
-7.60099e-21
-7.59981e-21
-7.59973e-21
-7.59851e-21
-7.59903e-21
-7.59994e-21
-7.60124e-21
-7.60407e-21
-7.60424e-21
-7.6065e-21
-7.60718e-21
-7.60687e-21
-7.6059e-21
-7.60332e-21
-7.60122e-21
-7.59686e-21
-7.59126e-21
-7.58786e-21
-7.58626e-21
-7.58308e-21
-7.58429e-21
-7.58503e-21
-7.5883e-21
-7.5934e-21
-7.59254e-21
-7.59432e-21
-7.59378e-21
-7.59117e-21
-7.59118e-21
-7.59165e-21
-7.59351e-21
-7.59223e-21
-7.59441e-21
-7.59241e-21
-7.59276e-21
-7.59316e-21
-7.59074e-21
-7.58859e-21
-7.58941e-21
-7.58989e-21
-7.58802e-21
-7.59026e-21
-7.59005e-21
-7.58698e-21
-7.58469e-21
-7.58111e-21
-7.57639e-21
-7.57395e-21
-7.57154e-21
-7.57268e-21
-7.57675e-21
-7.58001e-21
-7.58305e-21
-7.5829e-21
-7.58248e-21
-7.5847e-21
-7.58646e-21
-7.58488e-21
-7.58619e-21
-7.58427e-21
-7.58374e-21
-7.5815e-21
-7.58369e-21
-7.58164e-21
-7.58561e-21
-7.5886e-21
-7.58945e-21
-7.59124e-21
-7.59102e-21
-7.59184e-21
-7.59009e-21
-7.58867e-21
-7.59048e-21
-7.59221e-21
-7.59106e-21
-7.58887e-21
-7.58462e-21
-7.58194e-21
-7.57802e-21
-7.57597e-21
-7.57432e-21
-7.57522e-21
-7.57597e-21
-7.58168e-21
-7.58765e-21
-7.5934e-21
-7.59617e-21
-7.5973e-21
-7.59562e-21
-7.59399e-21
-7.5919e-21
-7.59136e-21
-7.58829e-21
-7.58733e-21
-7.58649e-21
-7.58606e-21
-7.58488e-21
-7.58646e-21
-7.58746e-21
-7.58928e-21
-7.58887e-21
-7.58701e-21
-7.58532e-21
-7.58496e-21
-7.58246e-21
-7.58065e-21
-7.57829e-21
-7.57795e-21
-7.57995e-21
-7.5826e-21
-7.58643e-21
-7.58955e-21
-7.59322e-21
-7.59327e-21
-7.59424e-21
-7.59272e-21
-7.58951e-21
-7.58841e-21
-7.58767e-21
-7.58682e-21
-7.5887e-21
-7.58812e-21
-7.59024e-21
-7.58856e-21
-7.5893e-21
-7.58999e-21
-7.58796e-21
-7.5864e-21
-7.58504e-21
-7.58179e-21
-7.58305e-21
-7.57928e-21
-7.57717e-21
-7.57846e-21
-7.57835e-21
-7.57832e-21
-7.57954e-21
-7.58228e-21
-7.57832e-21
-7.5794e-21
-7.58201e-21
-7.58305e-21
-7.58363e-21
-7.58352e-21
-7.58321e-21
-7.58216e-21
-7.58153e-21
-7.58114e-21
-7.5808e-21
-7.583e-21
-7.58365e-21
-7.58512e-21
-7.58666e-21
-7.58847e-21
-7.59166e-21
-7.59175e-21
-7.59224e-21
-7.59206e-21
-7.59346e-21
-7.59368e-21
-7.59225e-21
-7.59235e-21
-7.59236e-21
-7.59204e-21
-7.59132e-21
-7.59415e-21
-7.59482e-21
-7.5977e-21
-7.59809e-21
-7.59318e-21
-7.59009e-21
-7.5905e-21
-7.59035e-21
-7.58997e-21
-7.58888e-21
-7.59182e-21
-7.59199e-21
-7.59476e-21
-7.5961e-21
-7.59543e-21
-7.59523e-21
-7.5926e-21
-7.59094e-21
-7.59087e-21
-7.59233e-21
-7.59239e-21
-7.59089e-21
-7.59147e-21
-7.59142e-21
-7.59386e-21
-7.59448e-21
-7.59407e-21
-7.59511e-21
-7.59784e-21
-7.59953e-21
-7.60004e-21
-7.59961e-21
-7.59845e-21
-7.59743e-21
-7.59592e-21
-7.59403e-21
-7.59112e-21
-7.58786e-21
-7.5889e-21
-7.58873e-21
-7.58635e-21
-7.58679e-21
-7.58662e-21
-7.58601e-21
-7.58563e-21
-7.58689e-21
-7.58819e-21
-7.58823e-21
-7.58744e-21
-7.58319e-21
-7.58181e-21
-7.58255e-21
-7.58426e-21
-7.58634e-21
-7.58779e-21
-7.59043e-21
-7.58764e-21
-7.59095e-21
-7.58836e-21
-7.58755e-21
-7.58592e-21
-7.58715e-21
-7.59133e-21
-7.59628e-21
-7.60101e-21
-7.60572e-21
-7.60851e-21
-7.61004e-21
-7.61051e-21
-7.61008e-21
-7.60879e-21
-7.60947e-21
-7.60531e-21
-7.60474e-21
-7.60568e-21
-7.60849e-21
-7.60885e-21
-7.61252e-21
-7.61005e-21
-7.60661e-21
-7.60743e-21
-7.60989e-21
-7.6081e-21
-7.60874e-21
-7.61004e-21
-7.61165e-21
-7.6087e-21
-7.60697e-21
-7.60428e-21
-7.6e-21
-7.59686e-21
-7.59763e-21
-7.59706e-21
-7.59561e-21
-7.59327e-21
-7.59137e-21
-7.59196e-21
-7.59163e-21
-7.59284e-21
-7.59216e-21
-7.58982e-21
-7.5925e-21
-7.5932e-21
-7.5938e-21
-7.5949e-21
-7.59497e-21
-7.59827e-21
-7.59808e-21
-7.59705e-21
-7.59627e-21
-7.5922e-21
-7.58995e-21
-7.58874e-21
-7.58918e-21
-7.58632e-21
-7.5831e-21
