-1.05423e-20
-1.05341e-20
-1.05199e-20
-1.04983e-20
-1.04674e-20
-1.04252e-20
-1.03729e-20
-1.03034e-20
-1.02202e-20
-1.01199e-20
-1.00037e-20
-9.87228e-21
-9.72888e-21
-9.57725e-21
-9.43045e-21
-9.29469e-21
-9.17821e-21
-9.08663e-21
-9.02499e-21
-8.99294e-21
-8.98522e-21
-9.0006e-21
-9.0286e-21
-9.06776e-21
-9.11093e-21
-9.15582e-21
-9.19709e-21
-9.23715e-21
-9.26852e-21
-9.29601e-21
-9.31737e-21
-9.33166e-21
-9.34066e-21
-9.34573e-21
-9.34708e-21
-9.34141e-21
-9.32909e-21
-9.31315e-21
-9.29384e-21
-9.27169e-21
-9.25e-21
-9.23103e-21
-9.21462e-21
-9.20536e-21
-9.20212e-21
-9.20427e-21
-9.21643e-21
-9.2307e-21
-9.24791e-21
-9.26575e-21
-9.27995e-21
-9.26615e-21
-9.22607e-21
-9.16352e-21
-9.0806e-21
-8.98628e-21
-8.88563e-21
-8.78892e-21
-8.70928e-21
-8.64984e-21
-8.60977e-21
-8.58883e-21
-8.57576e-21
-8.5704e-21
-8.56352e-21
-8.55438e-21
-8.53756e-21
-8.5124e-21
-8.48054e-21
-8.44978e-21
-8.42179e-21
-8.40435e-21
-8.39947e-21
-8.40645e-21
-8.41925e-21
-8.4342e-21
-8.44544e-21
-8.45078e-21
-8.45157e-21
-8.44475e-21
-8.43224e-21
-8.40946e-21
-8.37406e-21
-8.33153e-21
-8.28881e-21
-8.25393e-21
-8.23535e-21
-8.23604e-21
-8.25111e-21
-8.27093e-21
-8.28885e-21
-8.30638e-21
-8.32192e-21
-8.33443e-21
-8.34454e-21
-8.34887e-21
-8.35063e-21
-8.34958e-21
-8.34477e-21
-8.33913e-21
-8.33193e-21
-8.3246e-21
-8.31829e-21
-8.31097e-21
-8.30429e-21
-8.29747e-21
-8.29431e-21
-8.29771e-21
-8.30755e-21
-8.32244e-21
-8.34309e-21
-8.36588e-21
-8.38778e-21
-8.40562e-21
-8.42227e-21
-8.43772e-21
-8.45068e-21
-8.46466e-21
-8.47687e-21
-8.48255e-21
-8.48586e-21
-8.48563e-21
-8.48332e-21
-8.48025e-21
-8.47619e-21
-8.47663e-21
-8.48379e-21
-8.4919e-21
-8.50093e-21
-8.50314e-21
-8.49587e-21
-8.48212e-21
-8.47024e-21
-8.4623e-21
-8.4587e-21
-8.45882e-21
-8.46057e-21
-8.46032e-21
-8.45852e-21
-8.4494e-21
-8.43663e-21
-8.41708e-21
-8.39059e-21
-8.36472e-21
-8.34268e-21
-8.33747e-21
-8.3551e-21
-8.39502e-21
-8.44843e-21
-8.50218e-21
-8.5491e-21
-8.57849e-21
-8.59344e-21
-8.59416e-21
-8.58426e-21
-8.56655e-21
-8.5465e-21
-8.52611e-21
-8.50928e-21
-8.49406e-21
-8.48047e-21
-8.46393e-21
-8.44307e-21
-8.41572e-21
-8.38008e-21
-8.3416e-21
-8.30384e-21
-8.26921e-21
-8.23789e-21
-8.21218e-21
-8.1917e-21
-8.17254e-21
-8.15116e-21
-8.13023e-21
-8.11286e-21
-8.10333e-21
-8.10203e-21
-8.11231e-21
-8.12804e-21
-8.14563e-21
-8.16812e-21
-8.1915e-21
-8.21698e-21
-8.24399e-21
-8.26651e-21
-8.28558e-21
-8.29557e-21
-8.30241e-21
-8.30247e-21
-8.29934e-21
-8.29453e-21
-8.28873e-21
-8.28179e-21
-8.27072e-21
-8.26611e-21
-8.27381e-21
-8.29238e-21
-8.31948e-21
-8.34364e-21
-8.3622e-21
-8.37478e-21
-8.38094e-21
-8.38332e-21
-8.38453e-21
-8.38015e-21
-8.37497e-21
-8.36799e-21
-8.3608e-21
-8.35563e-21
-8.3522e-21
-8.35037e-21
-8.3497e-21
-8.34513e-21
-8.33491e-21
-8.31857e-21
-8.29472e-21
-8.26516e-21
-8.23022e-21
-8.18748e-21
-8.14481e-21
-8.1026e-21
-8.07349e-21
-8.05756e-21
-8.06153e-21
-8.08784e-21
-8.12588e-21
-8.1705e-21
-8.2112e-21
-8.24775e-21
-8.27466e-21
-8.29271e-21
-8.2984e-21
-8.29566e-21
-8.28632e-21
-8.27357e-21
-8.26577e-21
-8.26834e-21
-8.2827e-21
-8.31508e-21
-8.35705e-21
-8.40483e-21
-8.44848e-21
-8.48224e-21
-8.49968e-21
-8.49914e-21
-8.47757e-21
-8.43289e-21
-8.36955e-21
-8.29785e-21
-8.22439e-21
-8.15934e-21
-8.10532e-21
-8.07019e-21
-8.05233e-21
-8.04862e-21
-8.05745e-21
-8.07365e-21
-8.09638e-21
-8.11758e-21
-8.13843e-21
-8.1555e-21
-8.17001e-21
-8.18235e-21
-8.19704e-21
-8.22188e-21
-8.2591e-21
-8.31116e-21
-8.37254e-21
-8.43439e-21
-8.48588e-21
-8.52599e-21
-8.54873e-21
-8.55459e-21
-8.54123e-21
-8.51287e-21
-8.47137e-21
-8.4253e-21
-8.38176e-21
-8.34581e-21
-8.3232e-21
-8.31146e-21
-8.30824e-21
-8.31093e-21
-8.31353e-21
-8.31783e-21
-8.31911e-21
-8.3163e-21
-8.3071e-21
-8.2941e-21
-8.27545e-21
-8.25853e-21
-8.24428e-21
-8.23587e-21
-8.23673e-21
-8.24193e-21
-8.24701e-21
-8.2523e-21
-8.25247e-21
-8.2481e-21
-8.24271e-21
-8.2351e-21
-8.2295e-21
-8.22527e-21
-8.22438e-21
-8.23069e-21
-8.24056e-21
-8.258e-21
-8.27989e-21
-8.30339e-21
-8.32536e-21
-8.34378e-21
-8.35839e-21
-8.36172e-21
-8.35346e-21
-8.32967e-21
-8.29203e-21
-8.24746e-21
-8.20933e-21
-8.18896e-21
-8.18792e-21
-8.20047e-21
-8.22316e-21
-8.24445e-21
-8.26047e-21
-8.2716e-21
-8.27604e-21
-8.27502e-21
-8.2706e-21
-8.26273e-21
-8.25917e-21
-8.2638e-21
-8.27039e-21
-8.27168e-21
-8.26601e-21
-8.25043e-21
-8.22357e-21
-8.19132e-21
-8.15756e-21
-8.12653e-21
-8.10755e-21
-8.10576e-21
-8.1204e-21
-8.14978e-21
-8.18945e-21
-8.23401e-21
-8.27899e-21
-8.32001e-21
-8.35677e-21
-8.38327e-21
-8.40336e-21
-8.41614e-21
-8.42435e-21
-8.42852e-21
-8.42981e-21
-8.42047e-21
-8.40128e-21
-8.37504e-21
-8.34712e-21
-8.32863e-21
-8.32852e-21
-8.34467e-21
-8.36702e-21
-8.38127e-21
-8.38513e-21
-8.37966e-21
-8.37068e-21
-8.36131e-21
-8.3558e-21
-8.35336e-21
-8.3523e-21
-8.34917e-21
-8.34351e-21
-8.33579e-21
-8.32332e-21
-8.31302e-21
-8.30154e-21
-8.29251e-21
-8.28612e-21
-8.28092e-21
-8.27408e-21
-8.26326e-21
-8.25012e-21
-8.23417e-21
-8.22068e-21
-8.21159e-21
-8.21132e-21
-8.22337e-21
-8.24334e-21
-8.26926e-21
-8.29683e-21
-8.32223e-21
-8.34268e-21
-8.35613e-21
-8.3615e-21
-8.35821e-21
-8.34603e-21
-8.32364e-21
-8.29219e-21
-8.25481e-21
-8.21953e-21
-8.19814e-21
-8.1951e-21
-8.20946e-21
-8.23493e-21
-8.263e-21
-8.29184e-21
-8.31714e-21
-8.33598e-21
-8.3538e-21
-8.36952e-21
-8.38186e-21
-8.39226e-21
-8.40003e-21
-8.40316e-21
-8.40207e-21
-8.39591e-21
-8.38582e-21
-8.37067e-21
-8.35043e-21
-8.3243e-21
-8.29823e-21
-8.27271e-21
-8.25755e-21
-8.25603e-21
-8.26917e-21
-8.28995e-21
-8.31394e-21
-8.33097e-21
-8.34279e-21
-8.34877e-21
-8.35584e-21
-8.36519e-21
-8.375e-21
-8.38363e-21
-8.38844e-21
-8.38426e-21
-8.37416e-21
-8.35613e-21
-8.33553e-21
-8.31287e-21
-8.29632e-21
-8.28662e-21
-8.28406e-21
-8.28728e-21
-8.29529e-21
-8.30364e-21
-8.31717e-21
-8.3376e-21
-8.36386e-21
-8.39144e-21
-8.41576e-21
-8.43097e-21
-8.43141e-21
-8.41463e-21
-8.38011e-21
-8.33046e-21
-8.27276e-21
-8.21633e-21
-8.17932e-21
-8.16879e-21
-8.18882e-21
-8.23036e-21
-8.28059e-21
-8.3286e-21
-8.36953e-21
-8.40155e-21
-8.42396e-21
-8.43955e-21
-8.44581e-21
-8.44256e-21
-8.42775e-21
-8.40437e-21
-8.37493e-21
-8.34223e-21
-8.31031e-21
-8.28522e-21
-8.26507e-21
-8.24979e-21
-8.23794e-21
-8.22876e-21
-8.22533e-21
-8.22649e-21
-8.23473e-21
-8.25423e-21
-8.28592e-21
-8.32339e-21
-8.3576e-21
-8.37874e-21
-8.3866e-21
-8.38459e-21
-8.38305e-21
-8.38485e-21
-8.39757e-21
-8.42001e-21
-8.44695e-21
-8.47204e-21
-8.485e-21
-8.48611e-21
-8.47095e-21
-8.44351e-21
-8.40674e-21
-8.36694e-21
-8.32844e-21
-8.28982e-21
-8.25389e-21
-8.22463e-21
-8.20082e-21
-8.18924e-21
-8.18545e-21
-8.18759e-21
-8.18893e-21
-8.18659e-21
-8.18082e-21
-8.17277e-21
-8.16533e-21
-8.16881e-21
-8.17798e-21
-8.19374e-21
-8.21283e-21
-8.23092e-21
-8.24731e-21
-8.26347e-21
-8.2772e-21
-8.28878e-21
-8.29823e-21
-8.30734e-21
-8.31549e-21
-8.32542e-21
-8.33936e-21
-8.35702e-21
-8.37857e-21
-8.40054e-21
-8.42071e-21
-8.43527e-21
-8.44443e-21
-8.44638e-21
-8.43886e-21
-8.41859e-21
-8.38607e-21
-8.34734e-21
-8.30278e-21
-8.25674e-21
-8.21447e-21
-8.17973e-21
-8.15481e-21
-8.1375e-21
-8.1271e-21
-8.12241e-21
-8.12119e-21
-8.12386e-21
-8.13061e-21
-8.13811e-21
-8.14542e-21
-8.15129e-21
-8.15216e-21
-8.15074e-21
-8.15155e-21
-8.15489e-21
-8.16789e-21
-8.18916e-21
-8.21924e-21
-8.25226e-21
-8.27955e-21
-8.3003e-21
-8.30676e-21
-8.30116e-21
-8.28343e-21
-8.25817e-21
-8.23204e-21
-8.21047e-21
-8.1975e-21
-8.19391e-21
-8.20204e-21
-8.2163e-21
-8.23134e-21
-8.24387e-21
-8.24503e-21
-8.23391e-21
-8.21345e-21
-8.18676e-21
-8.16073e-21
-8.13797e-21
-8.12729e-21
-8.12735e-21
-8.13872e-21
-8.1593e-21
-8.18396e-21
-8.20769e-21
-8.2295e-21
-8.2474e-21
-8.2634e-21
-8.28261e-21
-8.3023e-21
-8.31853e-21
-8.3291e-21
-8.33112e-21
-8.31909e-21
-8.29811e-21
-8.27651e-21
-8.26221e-21
-8.2567e-21
-8.25837e-21
-8.26669e-21
-8.27602e-21
-8.2872e-21
-8.29793e-21
-8.3051e-21
-8.30813e-21
-8.30516e-21
-8.30021e-21
-8.29744e-21
-8.30294e-21
-8.3209e-21
-8.35304e-21
-8.38846e-21
-8.42335e-21
-8.45425e-21
-8.47688e-21
-8.49108e-21
-8.49965e-21
-8.50191e-21
-8.4976e-21
-8.49046e-21
-8.48394e-21
-8.47362e-21
-8.46213e-21
-8.45243e-21
-8.44281e-21
-8.4349e-21
-8.42779e-21
-8.42693e-21
-8.42513e-21
-8.42578e-21
-8.42893e-21
-8.43085e-21
-8.43412e-21
-8.43335e-21
-8.4265e-21
-8.41698e-21
-8.40269e-21
-8.38374e-21
-8.36346e-21
-8.34418e-21
-8.32479e-21
-8.31093e-21
-8.30105e-21
-8.29335e-21
-8.29151e-21
-8.29253e-21
-8.29469e-21
-8.29909e-21
-8.30539e-21
-8.31294e-21
-8.32255e-21
-8.3311e-21
-8.34075e-21
-8.34835e-21
-8.35405e-21
-8.35368e-21
-8.35148e-21
-8.34284e-21
-8.33068e-21
-8.31271e-21
-8.29231e-21
-8.26944e-21
-8.24979e-21
-8.2357e-21
-8.22636e-21
-8.22171e-21
-8.21974e-21
-8.22238e-21
-8.23013e-21
-8.24012e-21
-8.25549e-21
-8.2768e-21
-8.30309e-21
-8.33415e-21
-8.36714e-21
-8.39592e-21
-8.41798e-21
-8.42624e-21
-8.42265e-21
-8.40215e-21
-8.36702e-21
-8.31785e-21
-8.25796e-21
-8.19666e-21
-8.14991e-21
-8.1289e-21
-8.13591e-21
-8.16189e-21
-8.19234e-21
-8.21272e-21
-8.22099e-21
-8.21738e-21
-8.20645e-21
-8.19564e-21
-8.18469e-21
-8.178e-21
-8.18019e-21
-8.19449e-21
-8.22317e-21
-8.25537e-21
-8.29366e-21
-8.33224e-21
-8.36532e-21
-8.39788e-21
-8.42139e-21
-8.4357e-21
-8.44303e-21
-8.44592e-21
-8.44446e-21
-8.4451e-21
-8.44472e-21
-8.43862e-21
-8.42581e-21
-8.40389e-21
-8.37523e-21
-8.34016e-21
-8.30024e-21
-8.2582e-21
-8.2137e-21
-8.17238e-21
-8.13345e-21
-8.10158e-21
-8.08507e-21
-8.08125e-21
-8.08662e-21
-8.09588e-21
-8.10337e-21
-8.10457e-21
-8.0957e-21
-8.07863e-21
-8.05422e-21
-8.02483e-21
-8.00214e-21
-7.99263e-21
-8.00505e-21
-8.0419e-21
-8.10012e-21
-8.16909e-21
-8.23633e-21
-8.29284e-21
-8.33806e-21
-8.37052e-21
-8.39014e-21
-8.39678e-21
-8.38839e-21
-8.36634e-21
-8.34024e-21
-8.31048e-21
-8.28517e-21
-8.26832e-21
-8.26099e-21
-8.26608e-21
-8.28236e-21
-8.30318e-21
-8.32668e-21
-8.34502e-21
-8.35877e-21
-8.3662e-21
-8.36916e-21
-8.3683e-21
-8.367e-21
-8.36485e-21
-8.36362e-21
-8.36397e-21
-8.36424e-21
-8.36114e-21
-8.35791e-21
-8.35938e-21
-8.36489e-21
-8.37635e-21
-8.39378e-21
-8.41396e-21
-8.4375e-21
-8.46308e-21
-8.48811e-21
-8.51095e-21
-8.52989e-21
-8.5516e-21
-8.56798e-21
-8.57866e-21
-8.57848e-21
-8.5683e-21
-8.55105e-21
-8.53291e-21
-8.52178e-21
-8.52676e-21
-8.54479e-21
-8.57258e-21
-8.60238e-21
-8.63004e-21
-8.64827e-21
-8.65224e-21
-8.64165e-21
-8.61465e-21
-8.57653e-21
-8.52793e-21
-8.47668e-21
-8.42852e-21
-8.38785e-21
-8.35448e-21
-8.32536e-21
-8.29912e-21
-8.27599e-21
-8.25221e-21
-8.22736e-21
-8.20925e-21
-8.19621e-21
-8.19341e-21
-8.20418e-21
-8.22676e-21
-8.25903e-21
-8.30121e-21
-8.34317e-21
-8.38159e-21
-8.41521e-21
-8.43902e-21
-8.45348e-21
-8.46297e-21
-8.46607e-21
-8.47149e-21
-8.47806e-21
-8.49003e-21
-8.50609e-21
-8.5255e-21
-8.5448e-21
-8.56277e-21
-8.5786e-21
-8.5892e-21
-8.59467e-21
-8.59459e-21
-8.58889e-21
-8.58015e-21
-8.57132e-21
-8.56497e-21
-8.55827e-21
-8.55298e-21
-8.54827e-21
-8.53725e-21
-8.51765e-21
-8.4844e-21
-8.43827e-21
-8.38108e-21
-8.31607e-21
-8.246e-21
-8.18167e-21
-8.13153e-21
-8.10279e-21
-8.10165e-21
-8.1252e-21
-8.16902e-21
-8.22669e-21
-8.29095e-21
-8.35547e-21
-8.41709e-21
-8.46741e-21
-8.50125e-21
-8.51903e-21
-8.5213e-21
-8.51011e-21
-8.48867e-21
-8.4554e-21
-8.41285e-21
-8.36278e-21
-8.30465e-21
-8.24277e-21
-8.17761e-21
-8.11629e-21
-8.06156e-21
-8.01734e-21
-7.98809e-21
-7.97612e-21
-7.98013e-21
-7.99728e-21
-8.02335e-21
-8.05341e-21
-8.08131e-21
-8.10539e-21
-8.12574e-21
-8.14226e-21
-8.16138e-21
-8.18037e-21
-8.20127e-21
-8.22631e-21
-8.25058e-21
-8.27908e-21
-8.31146e-21
-8.34154e-21
-8.36918e-21
-8.39102e-21
-8.40393e-21
-8.41035e-21
-8.40803e-21
-8.40145e-21
-8.39519e-21
-8.38817e-21
-8.37975e-21
-8.36763e-21
-8.35042e-21
-8.32949e-21
-8.30199e-21
-8.26802e-21
-8.23474e-21
-8.20636e-21
-8.18464e-21
-8.17157e-21
-8.17454e-21
-8.19405e-21
-8.22363e-21
-8.2606e-21
-8.29163e-21
-8.31566e-21
-8.3302e-21
-8.3355e-21
-8.3345e-21
-8.3252e-21
-8.31244e-21
-8.29346e-21
-8.27499e-21
-8.25473e-21
-8.24279e-21
-8.23588e-21
-8.23733e-21
-8.24227e-21
-8.24619e-21
-8.24571e-21
-8.24214e-21
-8.24699e-21
-8.26498e-21
-8.29568e-21
-8.332e-21
-8.36572e-21
-8.38807e-21
-8.39508e-21
-8.38529e-21
-8.35614e-21
-8.31224e-21
-8.25628e-21
-8.19767e-21
-8.14029e-21
-8.08894e-21
-8.0429e-21
-8.01299e-21
-8.01405e-21
-8.05496e-21
-8.12284e-21
-8.19795e-21
-8.26226e-21
-8.30614e-21
-8.33346e-21
-8.34722e-21
-8.35336e-21
-8.35459e-21
-8.3592e-21
-8.36892e-21
-8.38227e-21
-8.39927e-21
-8.41802e-21
-8.42672e-21
-8.42488e-21
-8.40786e-21
-8.37731e-21
-8.33334e-21
-8.27908e-21
-8.21972e-21
-8.16625e-21
-8.12515e-21
-8.10168e-21
-8.10045e-21
-8.11611e-21
-8.14713e-21
-8.19046e-21
-8.24466e-21
-8.30326e-21
-8.36211e-21
-8.41819e-21
-8.47098e-21
-8.51608e-21
-8.5541e-21
-8.58403e-21
-8.60758e-21
-8.61739e-21
-8.61372e-21
-8.60037e-21
-8.57797e-21
-8.54933e-21
-8.52001e-21
-8.49455e-21
-8.47433e-21
-8.46221e-21
-8.45843e-21
-8.46393e-21
-8.47281e-21
-8.47675e-21
-8.47482e-21
-8.46244e-21
-8.43679e-21
-8.40239e-21
-8.36492e-21
-8.33807e-21
-8.32775e-21
-8.33482e-21
-8.35209e-21
-8.36718e-21
-8.36993e-21
-8.35695e-21
-8.32913e-21
-8.29245e-21
-8.25543e-21
-8.22239e-21
-8.20306e-21
-8.19559e-21
-8.20086e-21
-8.21977e-21
-8.24915e-21
-8.28778e-21
-8.3268e-21
-8.36044e-21
-8.38192e-21
-8.38818e-21
-8.37695e-21
-8.35422e-21
-8.32753e-21
-8.30708e-21
-8.30086e-21
-8.31592e-21
-8.34544e-21
-8.38853e-21
-8.43577e-21
-8.47942e-21
-8.51427e-21
-8.53671e-21
-8.54157e-21
-8.52759e-21
-8.49568e-21
-8.44812e-21
-8.3909e-21
-8.32661e-21
-8.25889e-21
-8.19742e-21
-8.14875e-21
-8.11938e-21
-8.11158e-21
-8.12224e-21
-8.14392e-21
-8.17371e-21
-8.20446e-21
-8.23751e-21
-8.26622e-21
-8.28804e-21
-8.30433e-21
-8.30651e-21
-8.29858e-21
-8.27768e-21
-8.2489e-21
-8.21618e-21
-8.18469e-21
-8.16144e-21
-8.15163e-21
-8.15881e-21
-8.1771e-21
-8.2104e-21
-8.24842e-21
-8.28773e-21
-8.32246e-21
-8.34907e-21
-8.36512e-21
-8.36971e-21
-8.36133e-21
-8.34304e-21
-8.31358e-21
-8.28181e-21
-8.25324e-21
-8.23931e-21
-8.24776e-21
-8.27957e-21
-8.3286e-21
-8.38489e-21
-8.43294e-21
-8.46987e-21
-8.49119e-21
-8.49975e-21
-8.49959e-21
-8.4962e-21
-8.49037e-21
-8.48623e-21
-8.47867e-21
-8.46694e-21
-8.44983e-21
-8.42225e-21
-8.38683e-21
-8.34587e-21
-8.30183e-21
-8.25877e-21
-8.22077e-21
-8.19034e-21
-8.17124e-21
-8.15968e-21
-8.15393e-21
-8.15239e-21
-8.15409e-21
-8.16439e-21
-8.18457e-21
-8.21519e-21
-8.25505e-21
-8.29611e-21
-8.3353e-21
-8.36618e-21
-8.38262e-21
-8.3846e-21
-8.37503e-21
-8.35909e-21
-8.33464e-21
-8.30411e-21
-8.26954e-21
-8.23643e-21
-8.20822e-21
-8.19205e-21
-8.19052e-21
-8.20681e-21
-8.23678e-21
-8.27441e-21
-8.31572e-21
-8.35719e-21
-8.39163e-21
-8.4157e-21
-8.42921e-21
-8.43135e-21
-8.42468e-21
-8.41051e-21
-8.39108e-21
-8.36935e-21
-8.34351e-21
-8.31551e-21
-8.28985e-21
-8.26641e-21
-8.24472e-21
-8.22528e-21
-8.20648e-21
-8.19269e-21
-8.18276e-21
-8.1777e-21
-8.17374e-21
-8.17505e-21
-8.17706e-21
-8.18028e-21
-8.18621e-21
-8.19896e-21
-8.21619e-21
-8.23623e-21
-8.258e-21
-8.27621e-21
-8.28918e-21
-8.2942e-21
-8.29587e-21
-8.2927e-21
-8.28293e-21
-8.27246e-21
-8.25645e-21
-8.23691e-21
-8.21106e-21
-8.1893e-21
-8.17395e-21
-8.17277e-21
-8.18539e-21
-8.20903e-21
-8.23212e-21
-8.2538e-21
-8.2729e-21
-8.29243e-21
-8.31254e-21
-8.337e-21
-8.36633e-21
-8.39472e-21
-8.41806e-21
-8.42891e-21
-8.42701e-21
-8.41429e-21
-8.39007e-21
-8.36207e-21
-8.33617e-21
-8.31862e-21
-8.3099e-21
-8.31435e-21
-8.3243e-21
-8.33921e-21
-8.35027e-21
-8.3611e-21
-8.36755e-21
-8.3713e-21
-8.37277e-21
-8.37259e-21
-8.37051e-21
-8.36703e-21
-8.36171e-21
-8.35532e-21
-8.35174e-21
-8.35503e-21
-8.36773e-21
-8.3856e-21
-8.40627e-21
-8.4261e-21
-8.44035e-21
-8.44654e-21
-8.43981e-21
-8.42216e-21
-8.39046e-21
-8.34829e-21
-8.30339e-21
-8.25694e-21
-8.21975e-21
-8.19058e-21
-8.17432e-21
-8.17221e-21
-8.18438e-21
-8.20745e-21
-8.23601e-21
-8.26516e-21
-8.28986e-21
-8.30462e-21
-8.31053e-21
-8.30548e-21
-8.28869e-21
-8.26306e-21
-8.22882e-21
-8.18812e-21
-8.14545e-21
-8.10193e-21
-8.06279e-21
-8.03287e-21
-8.014e-21
-8.01012e-21
-8.0177e-21
-8.03456e-21
-8.05513e-21
-8.07724e-21
-8.09848e-21
-8.11847e-21
-8.13385e-21
-8.14572e-21
-8.15061e-21
-8.15003e-21
-8.14538e-21
-8.13626e-21
-8.12457e-21
-8.1107e-21
-8.09679e-21
-8.0795e-21
