-0.257007       0.966409
-0.307332       0.951602
-0.54778       0.836622
-0.441534       0.897245
-0.82618       0.563406
-0.479133       0.877742
-0.520808       0.853674
-0.663351       0.748309
-0.316729       0.948516
-0.107579       0.994197
0.233619       0.972328
-0.183933       0.982939
-0.0457706       0.998952
0.396613       0.917986
0.497541       0.867441
0.428434       0.903573
0.403335       0.915052
0.409174       0.912456
0.248581       0.968611
0.175807       0.984425
0.312037        0.95007
0.484985       0.874522
0.677003        0.73598
0.90356       0.428462
0.691533       0.722345
0.596589       0.802547
0.64793         0.7617
0.660452       0.750868
0.837711       0.546114
0.64856       0.761164
0.531528       0.847041
0.618096       0.786103
0.863731       0.503953
0.804753        0.59361
0.988901       0.148573
0.972919      -0.231145
0.938869      -0.344276
0.832296      -0.554331
0.97095      -0.239281
0.804523      -0.593921
0.768875        -0.6394
0.763847      -0.645397
0.552096      -0.833781
0.563849      -0.825878
0.626571      -0.779364
0.586115      -0.810228
0.516618      -0.856216
0.459299      -0.888282
0.426846      -0.904325
0.303909      -0.952701
0.0774061         -0.997
-0.533686      -0.845682
-0.754701      -0.656069
-0.573737       -0.81904
-0.282      -0.959414
-0.200177       -0.97976
-0.126226      -0.992002
-0.036941      -0.999317
0.0763005      -0.997085
0.410058      -0.912059
0.372012      -0.928228
0.196815      -0.980441
0.0956011       -0.99542
0.587374      -0.809315
0.477222      -0.878783
0.35676      -0.934196
0.349863      -0.936801
0.236287      -0.971683
-0.0417242      -0.999129
0.00371557      -0.999993
-0.484213       -0.87495
-0.570564      -0.821253
-0.454497      -0.890748
-0.625136      -0.780516
-0.481944      -0.876202
-0.597564      -0.801822
-0.732392      -0.680883
-0.844158      -0.536095
-0.97408      -0.226205
-0.965397       0.260786
-0.99987      0.0161344
-0.886861      -0.462035
-0.832092      -0.554637
-0.87983      -0.475289
-0.894478      -0.447111
-0.921168       0.389164
-0.870714       0.491789
-0.75808       0.652161
-0.696975       0.717095
-0.771489       0.636243
-0.779166       0.626818
-0.440111       0.897943
-0.407272       0.913307
-0.0564068       0.998408
-0.00838124       0.999965
0.152045       0.988374
-0.0135474       0.999908
0.154538       0.987987
-0.116918       0.993142
-0.336246       0.941774
