0        55.4551
1        52.6387
2        50.6008
3        48.3427
4        45.9322
5         43.753
6        42.4526
7        41.0066
8        39.6708
9        38.4175
10        37.0463
11        36.0342
12        35.0131
13        33.8535
14        32.8699
15        31.7063
16        30.6383
17         29.632
18        28.7592
19        27.8796
20        27.1884
21        25.8822
22        25.0227
23         23.987
24        22.9548
25        22.0649
26        21.2119
27        20.6201
28        20.0106
29        19.3911
30        19.0073
31        18.6589
32        18.3676
33        17.7193
34        17.1499
35        16.5136
36        16.1229
37        15.7337
38        15.3543
39        14.9256
40        14.6835
41        14.4769
42        14.2952
43        14.0409
44        13.8079
45        13.4697
46        13.2017
47        13.0118
48        12.9029
49        12.7306
50        12.5307
51        12.2895
52        11.8244
53        11.5849
54        11.3396
55        11.0996
56        10.9267
57        10.7557
58        10.6567
59        10.5698
60        10.4755
61        10.3619
62        10.3126
63        10.1277
64        9.94184
65        9.79455
66        9.64046
67         9.4241
68        9.33448
69        9.21686
70        9.08846
71        8.96526
72        8.94472
73        8.92773
74        8.90713
75         8.8623
76        8.80652
77        8.72302
78        8.63594
79        8.49908
80        8.34949
81        8.23084
82        8.08574
83         7.9195
84        7.76573
85        7.59982
86        7.55553
87        7.40075
88        7.33426
89        7.28426
90        7.23228
91        7.16201
92        7.06477
93        6.98605
94        6.93444
95        6.85907
96        6.77868
97        6.68651
98        6.58629
99          6.473
100         6.3669
101        6.31279
102        6.22731
103        6.16197
104        6.09983
105        6.03741
106        5.95407
107         5.8922
108        5.82978
109        5.76299
110        5.66539
111        5.59169
112         5.5629
113        5.54963
114         5.5291
115        5.50791
116        5.47555
117        5.45639
118          5.427
119          5.411
120         5.3934
121        5.35891
122        5.32427
123        5.29283
124        5.25577
125        5.20362
126        5.17652
127        5.14182
128        5.06882
129         5.0272
130         4.9789
131         4.9587
132        4.93188
133        4.91534
134        4.89003
135        4.85617
136        4.82994
137        4.78435
138        4.75943
139        4.72383
140        4.70666
141        4.68045
142        4.63631
143        4.59721
144        4.54847
145        4.49131
146        4.45935
147        4.42204
148        4.39154
149        4.36388
150        4.33093
151        4.30452
152        4.26906
153         4.2459
154        4.19895
155        4.17137
156         4.1395
157         4.1054
158        4.06783
159        4.04079
160        4.03278
161        4.03127
162        4.02323
163        4.01534
164        4.00789
165        3.99503
166          3.986
167        3.97429
168        3.95443
169        3.92487
170        3.91101
171        3.87418
172        3.84829
173        3.80182
174        3.77476
175        3.75754
176        3.74793
177        3.74543
178        3.73961
179        3.73707
180        3.73059
181        3.72527
182        3.71679
183         3.7138
184         3.7041
185        3.69321
186        3.68601
187        3.67981
188        3.67154
189        3.66042
190        3.64987
191        3.64738
192        3.63182
193        3.61262
194        3.59925
195        3.58671
196        3.56505
197        3.54169
198        3.52415
199        3.50785
200        3.49844
201        3.48261
202        3.46634
203        3.45467
204        3.44306
205        3.42796
206        3.41416
207        3.40454
208        3.38492
209        3.36807
210        3.35228
211        3.33102
212        3.32445
213        3.31176
214        3.30075
215        3.29047
216        3.28239
217        3.27572
218        3.27144
219        3.26872
220        3.26508
221        3.26165
222        3.25841
223        3.25303
224         3.2476
225        3.24217
226        3.23675
227         3.2289
228        3.22328
229        3.21849
230        3.21733
231        3.21677
232        3.21606
233        3.21557
234        3.21534
235        3.21466
236        3.21358
237        3.21207
238        3.21143
239        3.21053
240        3.20816
241        3.20573
242        3.20384
243        3.20021
244        3.19814
245        3.19742
246        3.19695
247        3.19646
248        3.19583
249        3.19568
250        3.19566
251        3.19566
252        3.19566
253        3.19566
254        3.19564
255         3.1956
256        3.19558
257         3.1956
258        3.19558
259        3.19551
260        3.19551
261        3.19543
262        3.19525
263        3.19525
264          3.195
265        3.19506
266         3.1952
267        3.19506
268        3.19502
269        3.19489
270        3.19483
271        3.19465
272        3.19378
273         3.1935
274        3.19352
275        3.19304
276        3.19229
277        3.19139
278        3.19066
279        3.18983
280        3.18953
281        3.18819
282        3.18748
283        3.18683
284        3.18658
285         3.1866
286        3.18637
287        3.18637
288        3.18637
289        3.18637
290        3.18637
291        3.18637
292        3.18637
293        3.18637
294        3.18637
295        3.18637
296        3.18637
297        3.18637
298        3.18637
299        3.18637
300        3.18637
301        3.18637
302        3.18637
303        3.18637
304        3.18637
305        3.18637
306        3.18637
307        3.18637
308        3.18637
309        3.18637
310        3.18637
311        3.18637
312        3.18637
313        3.18637
314        3.18637
315        3.18637
316        3.18637
317        3.18637
318        3.18637
319        3.18637
320        3.18637
321        3.18637
322        3.18637
323        3.18637
324        3.18637
325        3.18637
326        3.18637
327        3.18637
328        3.18637
329        3.18637
330        3.18637
331        3.18637
332        3.18637
333        3.18637
334        3.18637
335        3.18637
336        3.18637
337        3.18637
338        3.18637
339        3.18637
340        3.18637
341        3.18637
342        3.18637
343        3.18637
344        3.18637
345        3.18637
346        3.18637
347        3.18637
348        3.18637
349        3.18637
350        3.18637
351        3.18637
352        3.18637
353        3.18637
354        3.18637
355        3.18637
356        3.18637
357        3.18637
358        3.18637
359        3.18637
360        3.18637
361        3.18637
362        3.18637
363        3.18637
364        3.18637
365        3.18637
366        3.18637
367        3.18637
368        3.18637
369        3.18637
370        3.18637
371        3.18637
372        3.18637
373        3.18637
374        3.18637
375        3.18637
376        3.18637
377        3.18637
378        3.18637
379        3.18637
380        3.18637
381        3.18637
382        3.18637
383        3.18637
384        3.18637
385        3.18637
386        3.18637
387        3.18637
388        3.18637
389        3.18637
390        3.18637
391        3.18637
392        3.18637
393        3.18637
394        3.18637
395        3.18637
396        3.18637
397        3.18637
398        3.18637
399        3.18637
400        3.18637
401        3.18637
402        3.18637
403        3.18637
404        3.18637
405        3.18637
406        3.18637
407        3.18637
408        3.18637
409        3.18637
410        3.18637
411        3.18637
412        3.18637
413        3.18637
414        3.18637
415        3.18637
416        3.18637
417        3.18637
418        3.18637
419        3.18637
420        3.18637
421        3.18637
422        3.18637
423        3.18637
424        3.18637
425        3.18637
426        3.18637
427        3.18637
428        3.18637
429        3.18637
430        3.18637
431        3.18637
432        3.18637
433        3.18637
434        3.18637
435        3.18637
436        3.18637
437        3.18637
438        3.18637
439        3.18637
440        3.18637
441        3.18637
442        3.18637
443        3.18637
444        3.18637
445        3.18637
446        3.18637
447        3.18637
448        3.18637
449        3.18637
450        3.18637
451        3.18637
452        3.18637
453        3.18637
454        3.18637
455        3.18637
456        3.18637
457        3.18637
458        3.18637
459        3.18637
460        3.18637
461        3.18637
462        3.18637
463        3.18637
464        3.18637
465        3.18637
466        3.18637
467        3.18637
468        3.18637
469        3.18637
470        3.18637
471        3.18637
472        3.18637
473        3.18637
474        3.18637
475        3.18637
476        3.18637
477        3.18637
478        3.18637
479        3.18637
480        3.18637
481        3.18637
482        3.18637
483        3.18637
484        3.18637
485        3.18637
486        3.18637
487        3.18637
488        3.18637
489        3.18637
490        3.18637
491        3.18637
492        3.18637
493        3.18637
494        3.18637
495        3.18637
496        3.18637
497        3.18637
498        3.18637
499        3.18637
500        3.18637
501        3.18637
502        3.18637
503        3.18637
504        3.18637
505        3.18637
506        3.18637
507        3.18637
508        3.18637
509        3.18637
510        3.18637
511        3.18637
512        3.18637
513        3.18637
514        3.18637
515        3.18637
516        3.18637
517        3.18637
518        3.18637
519        3.18637
520        3.18637
521        3.18637
522        3.18637
523        3.18637
524        3.18637
525        3.18637
526        3.18637
527        3.18637
528        3.18637
529        3.18637
530        3.18637
531        3.18637
532        3.18637
533        3.18637
534        3.18637
535        3.18637
536        3.18637
537        3.18637
538        3.18637
539        3.18637
540        3.18637
541        3.18637
542        3.18637
543        3.18637
544        3.18637
545        3.18637
546        3.18637
547        3.18637
548        3.18637
549        3.18637
550        3.18637
551        3.18637
552        3.18637
553        3.18637
554        3.18637
555        3.18637
556        3.18637
557        3.18637
558        3.18637
559        3.18637
560        3.18637
561        3.18637
562        3.18637
563        3.18637
564        3.18637
565        3.18637
566        3.18637
567        3.18637
568        3.18637
569        3.18637
570        3.18637
571        3.18637
572        3.18637
573        3.18637
574        3.18637
575        3.18637
576        3.18637
577        3.18637
578        3.18637
579        3.18637
580        3.18637
581        3.18637
582        3.18637
583        3.18637
584        3.18637
585        3.18637
586        3.18637
587        3.18637
588        3.18637
589        3.18637
590        3.18637
591        3.18637
592        3.18637
593        3.18637
594        3.18637
595        3.18637
596        3.18637
597        3.18637
598        3.18637
599        3.18637
600        3.18637
601        3.18637
602        3.18637
603        3.18637
604        3.18637
605        3.18637
606        3.18637
607        3.18637
608        3.18637
609        3.18637
610        3.18637
611        3.18637
612        3.18637
613        3.18637
614        3.18637
615        3.18637
616        3.18637
617        3.18637
618        3.18637
619        3.18637
620        3.18637
621        3.18637
622        3.18637
623        3.18637
624        3.18637
625        3.18637
626        3.18637
627        3.18637
628        3.18637
629        3.18637
630        3.18637
631        3.18637
632        3.18637
633        3.18637
634        3.18637
635        3.18637
636        3.18637
637        3.18637
638        3.18637
639        3.18637
640        3.18637
641        3.18637
642        3.18637
643        3.18637
644        3.18637
645        3.18637
646        3.18637
647        3.18637
648        3.18637
649        3.18637
650        3.18637
651        3.18637
652        3.18637
653        3.18637
654        3.18637
655        3.18637
656        3.18637
657        3.18637
658        3.18637
659        3.18637
660        3.18637
661        3.18637
662        3.18637
663        3.18637
664        3.18637
665        3.18637
666        3.18637
667        3.18637
668        3.18637
669        3.18637
670        3.18637
671        3.18637
672        3.18637
673        3.18637
674        3.18637
675        3.18637
676        3.18637
677        3.18637
678        3.18637
679        3.18637
680        3.18637
681        3.18637
682        3.18637
683        3.18637
684        3.18637
685        3.18637
686        3.18637
687        3.18637
688        3.18637
689        3.18637
690        3.18637
691        3.18637
692        3.18637
693        3.18637
694        3.18637
695        3.18637
696        3.18637
697        3.18637
698        3.18637
699        3.18637
700        3.18637
701        3.18637
702        3.18637
703        3.18637
704        3.18637
705        3.18637
706        3.18637
707        3.18637
708        3.18637
709        3.18637
710        3.18637
711        3.18637
712        3.18637
713        3.18637
714        3.18637
715        3.18637
716        3.18637
717        3.18637
718        3.18637
719        3.18637
720        3.18637
721        3.18637
722        3.18637
723        3.18637
724        3.18637
725        3.18637
726        3.18637
727        3.18637
728        3.18637
729        3.18637
730        3.18637
731        3.18637
732        3.18637
733        3.18637
734        3.18637
735        3.18637
736        3.18637
737        3.18637
738        3.18637
739        3.18637
740        3.18637
741        3.18637
742        3.18637
743        3.18637
744        3.18637
745        3.18637
746        3.18637
747        3.18637
748        3.18637
749        3.18637
750        3.18637
751        3.18637
752        3.18637
753        3.18637
754        3.18637
755        3.18637
756        3.18637
757        3.18637
758        3.18637
759        3.18637
760        3.18637
761        3.18637
762        3.18637
763        3.18637
764        3.18637
765        3.18637
766        3.18637
767        3.18637
768        3.18637
769        3.18637
770        3.18637
771        3.18637
772        3.18637
773        3.18637
774        3.18637
775        3.18637
776        3.18637
777        3.18637
778        3.18637
779        3.18637
780        3.18637
781        3.18637
782        3.18637
783        3.18637
784        3.18637
785        3.18637
786        3.18637
787        3.18637
788        3.18637
789        3.18637
790        3.18637
791        3.18637
792        3.18637
793        3.18637
794        3.18637
795        3.18637
796        3.18637
797        3.18637
798        3.18637
799        3.18637
800        3.18637
801        3.18637
802        3.18637
803        3.18637
804        3.18637
805        3.18637
806        3.18637
807        3.18637
808        3.18637
809        3.18637
810        3.18637
811        3.18637
812        3.18637
813        3.18637
814        3.18637
815        3.18637
816        3.18637
817        3.18637
818        3.18637
819        3.18637
820        3.18637
821        3.18637
822        3.18637
823        3.18637
824        3.18637
825        3.18637
826        3.18637
827        3.18637
828        3.18637
829        3.18637
830        3.18637
831        3.18637
832        3.18637
833        3.18637
834        3.18637
835        3.18637
836        3.18637
837        3.18637
838        3.18637
839        3.18637
840        3.18637
841        3.18637
842        3.18637
843        3.18637
844        3.18637
845        3.18637
846        3.18637
847        3.18637
848        3.18637
849        3.18637
850        3.18637
851        3.18637
852        3.18637
853        3.18637
854        3.18637
855        3.18637
856        3.18637
857        3.18637
858        3.18637
859        3.18637
860        3.18637
861        3.18637
862        3.18637
863        3.18637
864        3.18637
865        3.18637
866        3.18637
867        3.18637
868        3.18637
869        3.18637
870        3.18637
871        3.18637
872        3.18637
873        3.18637
874        3.18637
875        3.18637
876        3.18637
877        3.18637
878        3.18637
879        3.18637
880        3.18637
881        3.18637
882        3.18637
883        3.18637
884        3.18637
885        3.18637
886        3.18637
887        3.18637
888        3.18637
889        3.18637
890        3.18637
891        3.18637
892        3.18637
893        3.18637
894        3.18637
895        3.18637
896        3.18637
897        3.18637
898        3.18637
899        3.18637
900        3.18637
901        3.18637
902        3.18637
903        3.18637
904        3.18637
905        3.18637
906        3.18637
907        3.18637
908        3.18637
909        3.18637
910        3.18637
911        3.18637
912        3.18637
913        3.18637
914        3.18637
915        3.18637
916        3.18637
917        3.18637
918        3.18637
919        3.18637
920        3.18637
921        3.18637
922        3.18637
923        3.18637
924        3.18637
925        3.18637
926        3.18637
927        3.18637
928        3.18637
929        3.18637
930        3.18637
931        3.18637
932        3.18637
933        3.18637
934        3.18637
935        3.18637
936        3.18637
937        3.18637
938        3.18637
939        3.18637
940        3.18637
941        3.18637
942        3.18637
943        3.18637
944        3.18637
945        3.18637
946        3.18637
947        3.18637
948        3.18637
949        3.18637
950        3.18637
951        3.18637
952        3.18637
953        3.18637
954        3.18637
955        3.18637
956        3.18637
957        3.18637
958        3.18637
959        3.18637
960        3.18637
961        3.18637
962        3.18637
963        3.18637
964        3.18637
965        3.18637
966        3.18637
967        3.18637
968        3.18637
969        3.18637
970        3.18637
971        3.18637
972        3.18637
973        3.18637
974        3.18637
975        3.18637
976        3.18637
977        3.18637
978        3.18637
979        3.18637
980        3.18637
981        3.18637
982        3.18637
983        3.18637
984        3.18637
985        3.18637
986        3.18637
987        3.18637
988        3.18637
989        3.18637
990        3.18637
991        3.18637
992        3.18637
993        3.18637
994        3.18637
995        3.18637
996        3.18637
997        3.18637
998        3.18637
999        3.18637
