0        39.5065
1        37.4412
2        37.4412
3        34.7828
4        34.4668
5         31.328
6        30.9669
7        29.7532
8        29.6146
9         29.398
10        26.1621
11        26.1621
12        21.9924
13        21.9924
14        21.0086
15        19.4585
16        19.4585
17        19.4585
18        19.4585
19        19.4585
20        19.4585
21        19.3905
22        18.0336
23        15.3154
24        15.3154
25        15.3154
26        15.3154
27        15.3124
28          13.81
29          13.81
30        13.7744
31        13.7744
32        13.7744
33        13.2504
34        12.5966
35        12.5966
36        12.5966
37        11.7451
38        11.7451
39        11.7451
40        10.9543
41        10.9543
42        10.9543
43        10.9543
44        10.9543
45        10.9543
46        10.6133
47        10.6133
48        10.6133
49        10.6133
50        10.6133
51        9.02275
52        9.02275
53        9.02275
54        9.02275
55        8.94011
56        8.94011
57        8.94011
58        8.94011
59        8.94011
60        8.94011
61        9.02275
62        8.94011
63        8.94011
64        8.24581
65        8.24581
66        8.24581
67        8.24581
68        8.24581
69         7.4882
70        7.14491
71        6.69886
72        6.69886
73        6.69886
74        6.69886
75        7.14491
76        7.14491
77        6.69886
78        6.69886
79        6.69886
80        6.69886
81        6.55209
82        6.39281
83        6.34384
84        6.23383
85        6.23383
86        6.23383
87        6.23383
88        6.23383
89        6.23383
90        6.23383
91        6.23383
92        5.66013
93        5.66013
94        5.66013
95        5.50555
96        5.50555
97        5.50555
98        5.50555
99        5.50555
100        5.50555
101        5.50555
102        5.50555
103        5.21373
104        5.07911
105        5.07911
106        5.21373
107        5.00953
108        5.00953
109        5.00953
110        5.00953
111        5.00953
112        5.00953
113        4.79298
114        4.79298
115        4.79298
116        4.79298
117        4.79298
118        4.79298
119        4.62498
120        4.47583
121        4.47583
122        4.47583
123        4.47583
124        4.47583
125        4.47583
126        4.47583
127        4.47583
128        4.47583
129        4.47583
130        4.47583
131        4.47583
132        4.32246
133        4.32246
134        4.32246
135        4.32246
136        4.32246
137        4.04939
138        4.25419
139        4.04939
140        4.04939
141        4.04939
142        4.04939
143        4.04105
144        4.04105
145        4.04105
146        4.04105
147        4.04105
148        4.04105
149        4.04105
150        3.76262
151        3.76262
152        3.76262
153        3.76262
154        3.76262
155        3.76262
156        3.76262
157        3.76262
158        3.76262
159        3.76262
160        3.76262
161        3.76262
162        3.75428
163        3.74324
164        3.74324
165        3.74324
166        3.74324
167        3.74324
168        3.74324
169        3.74324
170        3.74324
171        3.68676
172        3.60334
173        3.60334
174        3.60334
175        3.56594
176        3.49008
177        3.49008
178        3.49008
179        3.49008
180        3.49008
181        3.49008
182        3.49008
183        3.49008
184        3.41302
185        3.41302
186        3.41302
187        3.41302
188        3.41302
189        3.41302
190        3.41302
191        3.41302
192         3.3455
193        3.39322
194        3.39171
195        3.28553
196        3.28553
197        3.28553
198        3.28553
199        3.28553
200        3.28553
201        3.28553
202        3.26375
203        3.26375
204        3.28043
205        3.26375
206        3.26375
207        3.26375
208        3.21801
209        3.21801
210        3.21801
211        3.21801
212        3.21801
213        3.21801
214        3.21801
215        3.21801
216        3.20872
217        3.21801
218        3.20872
219        3.20872
220        3.20087
221        3.20087
222        3.20087
223        3.20087
224        3.20087
225        3.20087
226        3.20087
227        3.19566
228        3.19566
229        3.19566
230        3.19566
231        3.19566
232        3.19566
233        3.19566
234        3.19566
235        3.19566
236        3.19566
237        3.19566
238        3.19566
239        3.19566
240        3.19566
241        3.19566
242        3.19566
243        3.19566
244        3.19566
245        3.19566
246        3.19566
247        3.19566
248        3.19566
249        3.19566
250        3.19566
251        3.19566
252        3.19566
253        3.19566
254        3.18637
255        3.18637
256        3.18637
257        3.18637
258        3.18637
259        3.18637
260        3.18637
261        3.18637
262        3.18637
263        3.18637
264        3.18637
265        3.18637
266        3.18637
267        3.18637
268        3.18637
269        3.18637
270        3.18637
271        3.18637
272        3.18637
273        3.18637
274        3.18637
275        3.18637
276        3.18637
277        3.18637
278        3.18637
279        3.18637
280        3.18637
281        3.18637
282        3.18637
283        3.18637
284        3.18637
285        3.18637
286        3.18637
287        3.18637
288        3.18637
289        3.18637
290        3.18637
291        3.18637
292        3.18637
293        3.18637
294        3.18637
295        3.18637
296        3.18637
297        3.18637
298        3.18637
299        3.18637
300        3.18637
301        3.18637
302        3.18637
303        3.18637
304        3.18637
305        3.18637
306        3.18637
307        3.18637
308        3.18637
309        3.18637
310        3.18637
311        3.18637
312        3.18637
313        3.18637
314        3.18637
315        3.18637
316        3.18637
317        3.18637
318        3.18637
319        3.18637
320        3.18637
321        3.18637
322        3.18637
323        3.18637
324        3.18637
325        3.18637
326        3.18637
327        3.18637
328        3.18637
329        3.18637
330        3.18637
331        3.18637
332        3.18637
333        3.18637
334        3.18637
335        3.18637
336        3.18637
337        3.18637
338        3.18637
339        3.18637
340        3.18637
341        3.18637
342        3.18637
343        3.18637
344        3.18637
345        3.18637
346        3.18637
347        3.18637
348        3.18637
349        3.18637
350        3.18637
351        3.18637
352        3.18637
353        3.18637
354        3.18637
355        3.18637
356        3.18637
357        3.18637
358        3.18637
359        3.18637
360        3.18637
361        3.18637
362        3.18637
363        3.18637
364        3.18637
365        3.18637
366        3.18637
367        3.18637
368        3.18637
369        3.18637
370        3.18637
371        3.18637
372        3.18637
373        3.18637
374        3.18637
375        3.18637
376        3.18637
377        3.18637
378        3.18637
379        3.18637
380        3.18637
381        3.18637
382        3.18637
383        3.18637
384        3.18637
385        3.18637
386        3.18637
387        3.18637
388        3.18637
389        3.18637
390        3.18637
391        3.18637
392        3.18637
393        3.18637
394        3.18637
395        3.18637
396        3.18637
397        3.18637
398        3.18637
399        3.18637
400        3.18637
401        3.18637
402        3.18637
403        3.18637
404        3.18637
405        3.18637
406        3.18637
407        3.18637
408        3.18637
409        3.18637
410        3.18637
411        3.18637
412        3.18637
413        3.18637
414        3.18637
415        3.18637
416        3.18637
417        3.18637
418        3.18637
419        3.18637
420        3.18637
421        3.18637
422        3.18637
423        3.18637
424        3.18637
425        3.18637
426        3.18637
427        3.18637
428        3.18637
429        3.18637
430        3.18637
431        3.18637
432        3.18637
433        3.18637
434        3.18637
435        3.18637
436        3.18637
437        3.18637
438        3.18637
439        3.18637
440        3.18637
441        3.18637
442        3.18637
443        3.18637
444        3.18637
445        3.18637
446        3.18637
447        3.18637
448        3.18637
449        3.18637
450        3.18637
451        3.18637
452        3.18637
453        3.18637
454        3.18637
455        3.18637
456        3.18637
457        3.18637
458        3.18637
459        3.18637
460        3.18637
461        3.18637
462        3.18637
463        3.18637
464        3.18637
465        3.18637
466        3.18637
467        3.18637
468        3.18637
469        3.18637
470        3.18637
471        3.18637
472        3.18637
473        3.18637
474        3.18637
475        3.18637
476        3.18637
477        3.18637
478        3.18637
479        3.18637
480        3.18637
481        3.18637
482        3.18637
483        3.18637
484        3.18637
485        3.18637
486        3.18637
487        3.18637
488        3.18637
489        3.18637
490        3.18637
491        3.18637
492        3.18637
493        3.18637
494        3.18637
495        3.18637
496        3.18637
497        3.18637
498        3.18637
499        3.18637
500        3.18637
501        3.18637
502        3.18637
503        3.18637
504        3.18637
505        3.18637
506        3.18637
507        3.18637
508        3.18637
509        3.18637
510        3.18637
511        3.18637
512        3.18637
513        3.18637
514        3.18637
515        3.18637
516        3.18637
517        3.18637
518        3.18637
519        3.18637
520        3.18637
521        3.18637
522        3.18637
523        3.18637
524        3.18637
525        3.18637
526        3.18637
527        3.18637
528        3.18637
529        3.18637
530        3.18637
531        3.18637
532        3.18637
533        3.18637
534        3.18637
535        3.18637
536        3.18637
537        3.18637
538        3.18637
539        3.18637
540        3.18637
541        3.18637
542        3.18637
543        3.18637
544        3.18637
545        3.18637
546        3.18637
547        3.18637
548        3.18637
549        3.18637
550        3.18637
551        3.18637
552        3.18637
553        3.18637
554        3.18637
555        3.18637
556        3.18637
557        3.18637
558        3.18637
559        3.18637
560        3.18637
561        3.18637
562        3.18637
563        3.18637
564        3.18637
565        3.18637
566        3.18637
567        3.18637
568        3.18637
569        3.18637
570        3.18637
571        3.18637
572        3.18637
573        3.18637
574        3.18637
575        3.18637
576        3.18637
577        3.18637
578        3.18637
579        3.18637
580        3.18637
581        3.18637
582        3.18637
583        3.18637
584        3.18637
585        3.18637
586        3.18637
587        3.18637
588        3.18637
589        3.18637
590        3.18637
591        3.18637
592        3.18637
593        3.18637
594        3.18637
595        3.18637
596        3.18637
597        3.18637
598        3.18637
599        3.18637
600        3.18637
601        3.18637
602        3.18637
603        3.18637
604        3.18637
605        3.18637
606        3.18637
607        3.18637
608        3.18637
609        3.18637
610        3.18637
611        3.18637
612        3.18637
613        3.18637
614        3.18637
615        3.18637
616        3.18637
617        3.18637
618        3.18637
619        3.18637
620        3.18637
621        3.18637
622        3.18637
623        3.18637
624        3.18637
625        3.18637
626        3.18637
627        3.18637
628        3.18637
629        3.18637
630        3.18637
631        3.18637
632        3.18637
633        3.18637
634        3.18637
635        3.18637
636        3.18637
637        3.18637
638        3.18637
639        3.18637
640        3.18637
641        3.18637
642        3.18637
643        3.18637
644        3.18637
645        3.18637
646        3.18637
647        3.18637
648        3.18637
649        3.18637
650        3.18637
651        3.18637
652        3.18637
653        3.18637
654        3.18637
655        3.18637
656        3.18637
657        3.18637
658        3.18637
659        3.18637
660        3.18637
661        3.18637
662        3.18637
663        3.18637
664        3.18637
665        3.18637
666        3.18637
667        3.18637
668        3.18637
669        3.18637
670        3.18637
671        3.18637
672        3.18637
673        3.18637
674        3.18637
675        3.18637
676        3.18637
677        3.18637
678        3.18637
679        3.18637
680        3.18637
681        3.18637
682        3.18637
683        3.18637
684        3.18637
685        3.18637
686        3.18637
687        3.18637
688        3.18637
689        3.18637
690        3.18637
691        3.18637
692        3.18637
693        3.18637
694        3.18637
695        3.18637
696        3.18637
697        3.18637
698        3.18637
699        3.18637
700        3.18637
701        3.18637
702        3.18637
703        3.18637
704        3.18637
705        3.18637
706        3.18637
707        3.18637
708        3.18637
709        3.18637
710        3.18637
711        3.18637
712        3.18637
713        3.18637
714        3.18637
715        3.18637
716        3.18637
717        3.18637
718        3.18637
719        3.18637
720        3.18637
721        3.18637
722        3.18637
723        3.18637
724        3.18637
725        3.18637
726        3.18637
727        3.18637
728        3.18637
729        3.18637
730        3.18637
731        3.18637
732        3.18637
733        3.18637
734        3.18637
735        3.18637
736        3.18637
737        3.18637
738        3.18637
739        3.18637
740        3.18637
741        3.18637
742        3.18637
743        3.18637
744        3.18637
745        3.18637
746        3.18637
747        3.18637
748        3.18637
749        3.18637
750        3.18637
751        3.18637
752        3.18637
753        3.18637
754        3.18637
755        3.18637
756        3.18637
757        3.18637
758        3.18637
759        3.18637
760        3.18637
761        3.18637
762        3.18637
763        3.18637
764        3.18637
765        3.18637
766        3.18637
767        3.18637
768        3.18637
769        3.18637
770        3.18637
771        3.18637
772        3.18637
773        3.18637
774        3.18637
775        3.18637
776        3.18637
777        3.18637
778        3.18637
779        3.18637
780        3.18637
781        3.18637
782        3.18637
783        3.18637
784        3.18637
785        3.18637
786        3.18637
787        3.18637
788        3.18637
789        3.18637
790        3.18637
791        3.18637
792        3.18637
793        3.18637
794        3.18637
795        3.18637
796        3.18637
797        3.18637
798        3.18637
799        3.18637
800        3.18637
801        3.18637
802        3.18637
803        3.18637
804        3.18637
805        3.18637
806        3.18637
807        3.18637
808        3.18637
809        3.18637
810        3.18637
811        3.18637
812        3.18637
813        3.18637
814        3.18637
815        3.18637
816        3.18637
817        3.18637
818        3.18637
819        3.18637
820        3.18637
821        3.18637
822        3.18637
823        3.18637
824        3.18637
825        3.18637
826        3.18637
827        3.18637
828        3.18637
829        3.18637
830        3.18637
831        3.18637
832        3.18637
833        3.18637
834        3.18637
835        3.18637
836        3.18637
837        3.18637
838        3.18637
839        3.18637
840        3.18637
841        3.18637
842        3.18637
843        3.18637
844        3.18637
845        3.18637
846        3.18637
847        3.18637
848        3.18637
849        3.18637
850        3.18637
851        3.18637
852        3.18637
853        3.18637
854        3.18637
855        3.18637
856        3.18637
857        3.18637
858        3.18637
859        3.18637
860        3.18637
861        3.18637
862        3.18637
863        3.18637
864        3.18637
865        3.18637
866        3.18637
867        3.18637
868        3.18637
869        3.18637
870        3.18637
871        3.18637
872        3.18637
873        3.18637
874        3.18637
875        3.18637
876        3.18637
877        3.18637
878        3.18637
879        3.18637
880        3.18637
881        3.18637
882        3.18637
883        3.18637
884        3.18637
885        3.18637
886        3.18637
887        3.18637
888        3.18637
889        3.18637
890        3.18637
891        3.18637
892        3.18637
893        3.18637
894        3.18637
895        3.18637
896        3.18637
897        3.18637
898        3.18637
899        3.18637
900        3.18637
901        3.18637
902        3.18637
903        3.18637
904        3.18637
905        3.18637
906        3.18637
907        3.18637
908        3.18637
909        3.18637
910        3.18637
911        3.18637
912        3.18637
913        3.18637
914        3.18637
915        3.18637
916        3.18637
917        3.18637
918        3.18637
919        3.18637
920        3.18637
921        3.18637
922        3.18637
923        3.18637
924        3.18637
925        3.18637
926        3.18637
927        3.18637
928        3.18637
929        3.18637
930        3.18637
931        3.18637
932        3.18637
933        3.18637
934        3.18637
935        3.18637
936        3.18637
937        3.18637
938        3.18637
939        3.18637
940        3.18637
941        3.18637
942        3.18637
943        3.18637
944        3.18637
945        3.18637
946        3.18637
947        3.18637
948        3.18637
949        3.18637
950        3.18637
951        3.18637
952        3.18637
953        3.18637
954        3.18637
955        3.18637
956        3.18637
957        3.18637
958        3.18637
959        3.18637
960        3.18637
961        3.18637
962        3.18637
963        3.18637
964        3.18637
965        3.18637
966        3.18637
967        3.18637
968        3.18637
969        3.18637
970        3.18637
971        3.18637
972        3.18637
973        3.18637
974        3.18637
975        3.18637
976        3.18637
977        3.18637
978        3.18637
979        3.18637
980        3.18637
981        3.18637
982        3.18637
983        3.18637
984        3.18637
985        3.18637
986        3.18637
987        3.18637
988        3.18637
989        3.18637
990        3.18637
991        3.18637
992        3.18637
993        3.18637
994        3.18637
995        3.18637
996        3.18637
997        3.18637
998        3.18637
999        3.18637
