           1      3.0312      3.0312           0
           2      5.7128       4.372    0.948089
           3     25.4168     11.3869     5.76244
           4    -10.1418     6.00475     6.35642
           5     -4.0362     3.99656     5.39304
           6      7.3766      4.5599     4.52353
           7      0.3706     3.96143      3.9167
           8     -9.3482     2.29772     3.76391
           9    -13.9256    0.495133      3.7526
          10     26.0344     3.04906     4.15653
          11     18.4592     4.44998      4.0078
          12     13.3556     5.19212     3.74189
          13     -0.2038     4.77705       3.477
          14      1.8376     4.56709     3.23498
          15    -17.9002     3.06927     3.34815
          16     17.8768     3.99474      3.2643
          17      20.879     4.98793     3.21983
          18     -18.314     3.69338     3.29092
          19     11.7066     4.11513     3.14462
          20     27.3606      5.2774     3.19497
          21       8.571     5.43424     3.04667
          22     31.3212     6.61092     3.12717
          23      15.455     6.99544     3.01476
          24     -4.2394     6.52733     2.92526
          25     -3.1734      6.1393     2.83387
          26      0.3626     5.91712     2.73357
          27     -5.9488     5.47764     2.66742
          28     16.4074     5.86799     2.60056
          29      17.783     6.27885     2.54313
          30     -21.997     5.33632     2.62722
          31     15.7464     5.67213     2.56384
          32    -34.4336     4.41883     2.77319
          33     -30.827     3.35077     2.88751
          34     14.8788     3.68983     2.82242
          35     30.5118     4.45617     2.84391
          36    -22.6266     3.70387     2.86269
          37     23.4804     4.23837     2.83478
          38     18.5402     4.61474     2.78505
          39      3.8894     4.59614      2.7137
          40    -14.2228     4.12566     2.68633
          41     15.6214     4.40605     2.63541
          42     26.5808     4.93402     2.62501
          43     23.8076     5.37294      2.6004
          44     10.4508     5.48835     2.54386
          45     -2.1378     5.31888     2.49297
          46    -11.6466     4.95006      2.4659
          47     17.8186     5.22386     2.42859
          48     -5.8772     4.99259     2.38898
          49     39.8356     5.70367     2.44376
          50      22.485      6.0393     2.41783
          51     20.9694     6.33204     2.38808
          52     -22.032     5.78658     2.40364
          53      7.9076      5.8266     2.35862
          54      12.786     5.95548     2.31846
          55    -17.4388     5.53013       2.315
          56    -24.5496     4.99299     2.33514
          57      0.1414     4.90787     2.29572
          58      6.9124     4.94243      2.2564
          59    -17.7444     4.55791     2.25068
          60      6.1272     4.58407     2.21332
          61      8.8292     4.65366     2.17813
          62     18.5828     4.87832     2.15456
          63     -5.2352     4.71779     2.12633
          64     22.3198     4.99282     2.11082
          65    -26.8858     4.50238     2.13456
          66      22.399     4.77354     2.11937
          67     16.8192     4.95333     2.09535
          68     35.6458     5.40469     2.11259
          69      3.6296     5.37896     2.08213
          70     27.1954     5.69063     2.07558
          71     22.7834     5.93137     2.06026
          72      12.062     6.01652     2.03341
          73     16.8236     6.16456     2.01093
          74     13.7032     6.26643     1.98634
          75     -8.7954     6.06561     1.96998
          76    -16.8522     5.76406       1.967
          77     24.5762     6.00837     1.95657
          78     -6.9008     5.84287     1.93847
          79       7.262     5.86083     1.91402
          80     17.3536     6.00449     1.89548
          81     -14.792     5.74775     1.88938
          82     -4.6852     5.62051     1.87062
          83     22.4502     5.82328     1.85904
          84    -20.3538     5.51165     1.86285
          85     15.8044     5.63274     1.84486
          86      -7.148     5.48413     1.82939
          87       5.484     5.48413     1.80836
          88      -37.65     4.99397     1.85305
          89      22.349     5.18897     1.84246
          90     -0.7176     5.12334     1.82316
          91     23.6908     5.32738      1.8145
          92    -14.4866     5.11201     1.80752
          93     21.5964     5.28926     1.79675
          94      -1.951     5.21223     1.77929
          95     23.0798     5.40031     1.77047
          96      -4.279     5.29949      1.7549
          97    -10.0392     5.14136     1.74391
          98    -13.9314     4.94674     1.73694
          99    -42.9146     4.46329     1.78541
         100     15.1546      4.5702     1.77076
         101    -14.3164     4.38321     1.76307
         102     17.8838     4.51556     1.75075
         103      8.3148     4.55245     1.73414
         104     25.9958     4.75864     1.72968
         105    -14.7076     4.57324     1.72311
         106      32.984     4.84127     1.72757
         107      -6.024     4.73973     1.71441
         108     19.7154     4.87839     1.70413
         109     -12.882     4.71545     1.69627
         110       8.876     4.75327     1.68127
         111     -1.5978     4.69606      1.6671
         112       22.55     4.85547     1.65982
         113     18.7644     4.97855     1.64969
         114    -23.6336     4.72757      1.6542
         115     -6.4452     4.63042     1.64267
         116     25.3322     4.80888     1.63817
         117     -2.1828     4.74912     1.62526
         118      6.9734     4.76797     1.61159
         119    -34.3332     4.43939      1.6312
         120    -20.6262     4.23051     1.63093
         121     14.2124       4.313     1.61954
         122    -15.2778     4.15242      1.6142
         123    -16.1876     3.98706     1.60953
         124    -18.8382     3.80298     1.60704
         125     -2.9116     3.74927     1.59508
         126      0.2086     3.72117     1.58267
         127    -21.8634     3.51971     1.58298
         128    -22.5736     3.31586     1.58368
         129    -21.6998     3.12194     1.58323
         130      28.687     3.31859     1.58322
         131     -34.887     3.02695     1.59777
         132       -7.97     2.94364     1.58784
         133     -3.6982      2.8937     1.57668
         134     -8.2652     2.81042     1.56711
         135     20.4988     2.94145     1.56097
         136      7.3296     2.97371     1.54983
         137     12.8164     3.04556     1.54018
         138      -5.588       2.983     1.53029
         139      22.621     3.12428     1.52579
         140     -0.6344     3.09743     1.51513
         141     21.6496     3.22901     1.51008
         142     28.1316     3.40438      1.5096
         143    -42.8904     3.08064     1.53336
         144      4.5986     3.09118     1.52275
         145    -13.5936     2.97611     1.51659
         146      2.8694     2.97538      1.5062
         147     -2.2996      2.9395     1.49638
         148      0.7562     2.92474     1.48634
         149     -4.9296     2.87203      1.4773
         150    -19.7142     2.72145     1.47511
         151     22.1638     2.85021     1.47095
         152      0.5392     2.83501     1.46135
         153     -0.7002      2.8119     1.45198
         154     -0.4016     2.79104      1.4427
         155    -31.5362     2.56957     1.45029
         156    -11.6798     2.47823     1.44387
         157     -2.0198     2.44958     1.43496
         158      5.1302     2.46654     1.42598
         159     19.0212     2.57066      1.4208
         160      6.3372      2.5942     1.41212
         161    -13.0992     2.49673     1.40671
         162    -24.2444     2.33166     1.40768
         163     18.3024     2.42964     1.40245
         164     -9.3204     2.35799     1.39572
         165      27.103     2.50796      1.3953
         166     -7.9426     2.44501     1.38831
         167     27.3136     2.59392     1.38796
         168     17.4258      2.6822     1.38251
         169      21.015     2.79068     1.37857
         170      8.1802     2.82239     1.37083
         171    -18.0596     2.70027     1.36824
         172       4.801     2.71248     1.36034
         173      28.823     2.86341     1.36083
         174     12.3542     2.91796      1.3541
         175      9.1936     2.95382     1.34683
         176     35.8294     3.14061     1.35207
         177     -6.5834     3.08567     1.34555
         178    -28.2688     2.90952     1.34947
         179     -3.6176     2.87306     1.34242
         180     13.8804     2.93421     1.33636
         181      8.2316     2.96348      1.3293
         182      -8.954       2.898      1.3236
         183      0.7756      2.8864     1.31642
         184     -6.8526     2.83347     1.31033
         185     26.2656     2.96013     1.30936
         186     -5.6678     2.91374     1.30314
         187      21.547     3.01339     1.29997
         188     25.7498     3.13432     1.29867
         189     -9.0112     3.07006     1.29339
         190     -9.1284     3.00586     1.28817
         191       6.373     3.02349     1.28155
         192     -9.0468     2.96062     1.27642
         193      9.1996     2.99295     1.27021
         194    -41.1378     2.76547     1.28387
         195    -28.4742     2.60527     1.28725
         196    -26.4256     2.45715     1.28917
         197     -0.6454      2.4414     1.28272
         198      2.6776     2.44259     1.27625
         199    -20.8588      2.3255     1.27519
         200      -7.582     2.27597     1.26978
