           1   -0.965304   -0.965304           0
           2   -0.981144   -0.973224  0.00560029
           3   -0.976552   -0.974333  0.00384182
           4   -0.971808   -0.973702  0.00293278
           5   -0.969624   -0.972886  0.00245702
           6     -0.9688   -0.972205  0.00213983
           7    -0.96656   -0.971399  0.00198029
           8   -0.975104   -0.971862  0.00178609
           9   -0.978328    -0.97258   0.0017261
          10   -0.971896   -0.972512  0.00155484
          11   -0.973624   -0.972613  0.00141678
          12    -0.97256   -0.972609  0.00129872
          13   -0.973112   -0.972647  0.00119939
          14   -0.964048   -0.972033  0.00126124
          15   -0.976048   -0.972301  0.00120522
          16   -0.975472   -0.972499  0.00114608
          17   -0.971832    -0.97246  0.00107933
          18    -0.97996   -0.972876  0.00109685
          19   -0.977192   -0.973104  0.00106238
          20     -0.9806   -0.973478  0.00107335
          21   -0.978624   -0.973723  0.00104983
          22   -0.978256   -0.973929  0.00102213
          23   -0.979184   -0.974158   0.0010029
          24   -0.969656    -0.97397 0.000978493
          25   -0.971824   -0.973884 0.000943112
          26   -0.972552   -0.973833  0.00090823
          27    -0.97756   -0.973971 0.000885018
          28   -0.963528   -0.973598 0.000928682
          29   -0.973104   -0.973581 0.000896815
          30   -0.985296   -0.973972 0.000948132
          31   -0.975736   -0.974029 0.000919253
          32   -0.981984   -0.974277 0.000923532
          33   -0.982552   -0.974528 0.000928963
          34    -0.97868    -0.97465 0.000909632
          35   -0.962832   -0.974312 0.000944236
          36   -0.970432   -0.974205 0.000924139
          37   -0.978696   -0.974326 0.000907099
          38    -0.97252   -0.974279 0.000884472
          39    -0.97092   -0.974192 0.000865976
          40   -0.970792   -0.974107 0.000848489
          41      -0.976   -0.974154 0.000829049
          42   -0.974448   -0.974161 0.000809339
          43   -0.974672   -0.974172 0.000790605
          44   -0.972376   -0.974132  0.00077369
          45   -0.978992    -0.97424 0.000763999
          46   -0.967072   -0.974084 0.000763114
          47    -0.97888   -0.974186  0.00075367
          48   -0.976856   -0.974242 0.000740018
          49   -0.972232     -0.9742 0.000726051
          50     -0.9638   -0.973992 0.000740728
          51   -0.973568   -0.973984 0.000726251
          52   -0.975352    -0.97401 0.000712761
          53   -0.975272   -0.974034  0.00069971
          54   -0.973552   -0.974025 0.000686809
          55   -0.974832    -0.97404 0.000674478
          56   -0.968504   -0.973941 0.000669639
          57   -0.973184   -0.973928 0.000658023
          58   -0.972304     -0.9739 0.000647273
          59   -0.976512   -0.973944 0.000637815
          60   -0.970592   -0.973888 0.000629627
          61    -0.97076   -0.973837  0.00062139
          62   -0.965888   -0.973709 0.000624454
          63   -0.971264    -0.97367 0.000615747
          64   -0.978184   -0.973741 0.000610152
          65    -0.97216   -0.973716 0.000601249
          66   -0.975216   -0.973739 0.000592569
          67    -0.97924   -0.973821 0.000589385
          68    -0.97556   -0.973847 0.000581272
          69   -0.983064    -0.97398 0.000587998
          70   -0.972864   -0.973964 0.000579814
          71    -0.97532   -0.973983 0.000571962
          72   -0.969304   -0.973918 0.000567698
          73   -0.976192   -0.973949 0.000560775
          74   -0.975128   -0.973965 0.000553423
          75   -0.981864   -0.974071 0.000555975
          76   -0.972168   -0.974046 0.000549223
          77   -0.970288   -0.973997 0.000544254
          78   -0.969368   -0.973938 0.000540502
          79   -0.973328    -0.97393 0.000533715
          80   -0.972256   -0.973909 0.000527454
          81   -0.980336   -0.973988 0.000526876
          82   -0.975832   -0.974011 0.000520931
          83   -0.968832   -0.973948 0.000518377
          84   -0.973056   -0.973938 0.000512315
          85   -0.975504   -0.973956 0.000506619
          86    -0.98608   -0.974097 0.000519973
          87   -0.977552   -0.974137  0.00051551
          88   -0.976072   -0.974159 0.000510121
          89   -0.971168   -0.974125 0.000505495
          90   -0.969672   -0.974076 0.000502294
          91   -0.975632   -0.974093 0.000497065
          92   -0.971304   -0.974063 0.000492586
          93   -0.981808   -0.974146  0.00049428
          94   -0.965432   -0.974053 0.000497639
          95   -0.979168   -0.974107 0.000495304
          96    -0.98168   -0.974186 0.000496387
          97   -0.975528     -0.9742 0.000491463
          98   -0.964408     -0.9741   0.0004965
          99   -0.981152   -0.974171 0.000496569
         100   -0.972528   -0.974155 0.000491875
         101   -0.976736    -0.97418 0.000487668
         102   -0.979392   -0.974231 0.000485557
         103   -0.973784   -0.974227 0.000480862
         104    -0.97992   -0.974282 0.000479344
         105   -0.969744   -0.974238 0.000476723
         106   -0.975912   -0.974254 0.000472487
         107   -0.974952   -0.974261 0.000468116
         108   -0.978184   -0.974297 0.000465189
         109   -0.980208   -0.974351 0.000464072
         110   -0.974688   -0.974354 0.000459863
         111   -0.971616    -0.97433 0.000456381
         112   -0.975248   -0.974338  0.00045238
         113    -0.97696   -0.974361 0.000448971
         114   -0.969272   -0.974316 0.000447247
         115   -0.978176    -0.97435 0.000444615
         116   -0.972584   -0.974335 0.000441043
         117   -0.969352   -0.974292 0.000439325
         118   -0.969888   -0.974255 0.000437184
         119   -0.973328   -0.974247  0.00043358
         120   -0.974296   -0.974247 0.000429967
         121   -0.972448   -0.974233  0.00042667
         122   -0.979672   -0.974277 0.000425496
         123    -0.97972   -0.974321 0.000424332
         124   -0.971976   -0.974303 0.000421331
         125    -0.96524    -0.97423 0.000424152
         126   -0.983816   -0.974306 0.000427555
         127   -0.979696   -0.974349 0.000426289
         128   -0.980984     -0.9744 0.000426099
         129   -0.982592   -0.974464 0.000427502
         130   -0.972896   -0.974452 0.000424383
         131   -0.981376   -0.974505 0.000424422
         132   -0.976328   -0.974518 0.000421432
         133    -0.98108   -0.974568 0.000421141
         134   -0.977352   -0.974589  0.00041851
         135   -0.972104    -0.97457 0.000415815
         136   -0.978144   -0.974596 0.000413587
         137   -0.975344   -0.974602 0.000410604
         138   -0.979944   -0.974641 0.000409449
         139   -0.970752   -0.974613 0.000407458
         140   -0.977408   -0.974633 0.000405037
         141    -0.97616   -0.974643 0.000402309
         142   -0.978208   -0.974669 0.000400258
         143   -0.982488   -0.974723 0.000401177
         144   -0.977912   -0.974745 0.000399002
         145   -0.969536   -0.974709 0.000397864
         146   -0.965136   -0.974644 0.000400506
         147   -0.977624   -0.974664 0.000398294
         148   -0.977464   -0.974683 0.000396052
         149   -0.959816   -0.974583 0.000405768
         150   -0.982936   -0.974639 0.000406866
         151   -0.970984   -0.974615 0.000404891
         152   -0.973984   -0.974611 0.000402248
         153   -0.973784   -0.974605 0.000399656
         154   -0.972112   -0.974589 0.000397388
         155     -0.9788   -0.974616 0.000395752
         156   -0.977368   -0.974634 0.000393608
         157   -0.968744   -0.974596 0.000392885
         158   -0.971184   -0.974575 0.000390991
         159   -0.972608   -0.974562 0.000388728
         160    -0.97236   -0.974549 0.000386542
         161    -0.97048   -0.974523 0.000384966
         162    -0.98044    -0.97456 0.000384318
         163   -0.970952   -0.974538 0.000382597
         164   -0.973248    -0.97453 0.000380345
         165   -0.983632   -0.974585  0.00038202
         166   -0.977528   -0.974603  0.00038013
         167   -0.975704   -0.974609 0.000377911
         168   -0.979272   -0.974637 0.000376679
         169   -0.970784   -0.974614 0.000375139
         170   -0.973864    -0.97461 0.000372959
         171   -0.968568   -0.974575 0.000372447
         172   -0.980736    -0.97461 0.000372001
         173    -0.97688   -0.974623 0.000370082
         174   -0.974832   -0.974625 0.000367957
         175   -0.973264   -0.974617 0.000365936
         176   -0.968896   -0.974584 0.000365298
         177   -0.975432   -0.974589 0.000363265
         178   -0.981816    -0.97463 0.000363486
         179   -0.965976   -0.974581 0.000364657
         180   -0.976568   -0.974592 0.000362798
         181   -0.975464   -0.974597 0.000360825
         182   -0.970272   -0.974574 0.000359625
         183    -0.97512   -0.974577 0.000357672
         184   -0.981472   -0.974614 0.000357686
         185   -0.975216   -0.974617 0.000355767
         186    -0.97388   -0.974613 0.000353876
         187   -0.970968   -0.974594 0.000352521
         188    -0.96604   -0.974548 0.000353569
         189   -0.971448   -0.974532 0.000352079
         190   -0.978704   -0.974554  0.00035091
         191    -0.97672   -0.974565 0.000349256
         192   -0.965928    -0.97452 0.000350322
         193   -0.966808    -0.97448 0.000350779
         194    -0.97856   -0.974501   0.0003496
         195    -0.97804   -0.974519 0.000348278
         196   -0.975376   -0.974524 0.000346529
         197    -0.98168    -0.97456 0.000346668
         198   -0.974328   -0.974559  0.00034492
         199   -0.973152   -0.974552 0.000343259
         200   -0.972536   -0.974542  0.00034169
