2.69401e-21
2.61465e-21
2.48133e-21
2.2985e-21
2.07311e-21
1.81607e-21
1.54281e-21
1.27265e-21
1.02709e-21
8.26526e-22
6.86385e-22
6.13889e-22
6.06939e-22
6.55302e-22
7.43447e-22
8.5392e-22
9.70248e-22
1.07887e-21
1.1699e-21
1.23747e-21
1.27949e-21
1.29711e-21
1.29411e-21
1.27644e-21
1.25094e-21
1.22493e-21
1.20499e-21
1.1963e-21
1.20198e-21
1.22282e-21
1.25748e-21
1.30285e-21
1.35486e-21
1.40917e-21
1.46204e-21
1.5106e-21
1.55306e-21
1.5887e-21
1.61728e-21
1.63876e-21
1.65271e-21
1.65858e-21
1.65557e-21
1.64298e-21
1.6203e-21
1.58762e-21
1.54577e-21
1.49665e-21
1.44285e-21
1.38755e-21
4.28384e-21
4.089e-21
3.83629e-21
3.54363e-21
3.23627e-21
2.94493e-21
2.70036e-21
2.52442e-21
2.42298e-21
2.38694e-21
2.39995e-21
2.4459e-21
2.51101e-21
2.58311e-21
2.65067e-21
2.70396e-21
2.7371e-21
2.74961e-21
2.74616e-21
2.73387e-21
2.71955e-21
2.70783e-21
2.70149e-21
2.70267e-21
2.71362e-21
2.73705e-21
2.77521e-21
2.82835e-21
2.8934e-21
2.9642e-21
3.03349e-21
3.0953e-21
3.14633e-21
3.18578e-21
3.21388e-21
3.23146e-21
3.24008e-21
3.24217e-21
3.24043e-21
3.23642e-21
3.22858e-21
3.21236e-21
3.18187e-21
3.13257e-21
3.06339e-21
2.97814e-21
2.88552e-21
2.79746e-21
2.72613e-21
2.68004e-21
2.24594e-21
2.26918e-21
2.31712e-21
2.37831e-21
2.44339e-21
2.5074e-21
2.57045e-21
2.6363e-21
2.7093e-21
2.79108e-21
2.87835e-21
2.9634e-21
3.0364e-21
3.08807e-21
3.11266e-21
3.10891e-21
3.07983e-21
3.03226e-21
2.97561e-21
2.9199e-21
2.87371e-21
2.84272e-21
2.82831e-21
2.82777e-21
2.83556e-21
2.84464e-21
2.84831e-21
2.8417e-21
2.82282e-21
2.79289e-21
2.75622e-21
2.71902e-21
2.68808e-21
2.6695e-21
2.66762e-21
2.68433e-21
2.71808e-21
2.76296e-21
2.80868e-21
2.84227e-21
2.85175e-21
2.83046e-21
2.77907e-21
2.70614e-21
2.62525e-21
2.55e-21
2.48956e-21
2.44699e-21
2.42073e-21
2.40761e-21
2.36969e-21
2.3788e-21
2.39866e-21
2.4296e-21
2.47151e-21
2.52316e-21
2.58105e-21
2.6396e-21
2.69277e-21
2.73567e-21
2.76643e-21
2.78686e-21
2.8016e-21
2.81637e-21
2.83639e-21
2.86483e-21
2.90258e-21
2.94787e-21
2.99675e-21
3.04365e-21
3.08262e-21
3.10846e-21
3.11736e-21
3.10687e-21
3.07683e-21
3.02945e-21
2.96935e-21
2.90235e-21
2.83446e-21
2.77097e-21
2.71533e-21
2.66939e-21
2.63353e-21
2.60733e-21
2.58977e-21
2.57898e-21
2.57261e-21
2.56825e-21
2.56488e-21
2.56395e-21
2.56912e-21
2.58415e-21
2.60983e-21
2.6425e-21
2.67587e-21
2.7044e-21
2.72559e-21
2.73918e-21
2.74623e-21
2.74814e-21
2.71024e-21
2.71011e-21
2.71345e-21
2.72286e-21
2.74045e-21
2.76759e-21
2.80385e-21
2.84506e-21
2.8841e-21
2.91305e-21
2.92628e-21
2.92224e-21
2.9027e-21
2.87088e-21
2.83073e-21
2.78643e-21
2.74228e-21
2.70271e-21
2.67135e-21
2.65049e-21
2.64046e-21
2.63938e-21
2.64399e-21
2.65032e-21
2.65463e-21
2.65493e-21
2.65231e-21
2.65072e-21
2.6557e-21
2.67143e-21
2.6988e-21
2.73437e-21
2.77133e-21
2.80159e-21
2.81837e-21
2.81832e-21
2.80177e-21
2.7714e-21
2.73066e-21
2.68276e-21
2.63071e-21
2.57805e-21
2.52939e-21
2.48999e-21
2.46525e-21
2.45906e-21
2.47288e-21
2.50582e-21
2.55476e-21
2.61528e-21
2.68235e-21
2.75032e-21
2.8134e-21
2.86615e-21
2.90442e-21
2.92616e-21
2.9312e-21
2.9205e-21
2.89492e-21
2.85476e-21
2.80017e-21
2.73261e-21
2.65568e-21
2.57628e-21
2.50412e-21
2.44979e-21
2.42218e-21
2.42581e-21
2.45943e-21
2.51704e-21
2.59017e-21
2.6706e-21
2.75137e-21
2.82623e-21
2.88893e-21
2.9336e-21
2.95587e-21
2.95411e-21
2.92995e-21
2.88805e-21
2.83522e-21
2.77973e-21
2.72962e-21
2.69102e-21
2.66654e-21
2.65497e-21
2.65215e-21
2.65371e-21
2.65776e-21
2.66617e-21
2.68406e-21
2.71639e-21
2.76399e-21
2.82172e-21
2.88091e-21
2.93351e-21
2.97454e-21
3.00202e-21
3.01569e-21
3.0157e-21
3.00204e-21
2.97496e-21
2.93516e-21
2.88443e-21
2.82567e-21
2.76354e-21
2.70408e-21
2.65362e-21
2.61698e-21
2.5959e-21
2.58781e-21
2.58663e-21
2.58457e-21
2.575e-21
2.55475e-21
2.52551e-21
2.49338e-21
2.46716e-21
2.45588e-21
2.46553e-21
2.49716e-21
2.54627e-21
2.6044e-21
2.66218e-21
2.7126e-21
2.75192e-21
2.77941e-21
2.79557e-21
2.80133e-21
2.79747e-21
2.78551e-21
2.76841e-21
2.75068e-21
2.73753e-21
2.73341e-21
2.74014e-21
2.75595e-21
2.77643e-21
2.79676e-21
2.81414e-21
2.82838e-21
2.84096e-21
2.85306e-21
2.86431e-21
2.87201e-21
2.87265e-21
2.86327e-21
2.84333e-21
2.81534e-21
2.78456e-21
2.75674e-21
2.73574e-21
2.72118e-21
2.7086e-21
2.69198e-21
2.66654e-21
2.63047e-21
2.58556e-21
2.53661e-21
2.49041e-21
2.45443e-21
2.43524e-21
2.43731e-21
2.46206e-21
2.50719e-21
2.56708e-21
2.63368e-21
2.69832e-21
2.75342e-21
2.79363e-21
2.81662e-21
2.82309e-21
2.81649e-21
2.80163e-21
2.78385e-21
2.76814e-21
2.75812e-21
2.75553e-21
2.76001e-21
2.76952e-21
2.78094e-21
2.79079e-21
2.7949e-21
2.78978e-21
2.774e-21
2.74924e-21
2.72065e-21
2.69481e-21
2.67728e-21
2.6707e-21
2.6742e-21
2.68345e-21
2.69224e-21
2.69458e-21
2.68653e-21
2.66756e-21
2.6406e-21
2.61106e-21
2.58567e-21
2.57097e-21
2.5724e-21
2.5927e-21
2.63019e-21
2.67852e-21
2.72921e-21
2.77565e-21
2.81497e-21
2.84787e-21
2.87644e-21
2.90188e-21
2.92337e-21
2.93885e-21
2.94615e-21
2.9443e-21
2.93405e-21
2.91723e-21
2.89584e-21
2.87101e-21
2.8429e-21
2.81103e-21
2.77546e-21
2.73728e-21
2.69843e-21
2.6605e-21
2.62331e-21
2.585e-21
2.54446e-21
2.5041e-21
2.4696e-21
2.44754e-21
2.44275e-21
2.45676e-21
2.48789e-21
2.53191e-21
2.58257e-21
2.63297e-21
2.67768e-21
2.71428e-21
2.743e-21
2.76492e-21
2.78001e-21
2.78694e-21
2.78432e-21
2.77206e-21
2.7522e-21
2.72825e-21
2.70442e-21
2.68522e-21
2.67384e-21
2.67116e-21
2.67607e-21
2.68825e-21
2.71028e-21
2.74645e-21
2.79669e-21
2.85385e-21
2.90682e-21
2.94674e-21
2.97025e-21
2.97859e-21
2.97526e-21
2.96373e-21
2.94601e-21
2.92248e-21
2.89261e-21
2.85602e-21
2.81419e-21
2.77143e-21
2.73423e-21
2.70834e-21
2.69561e-21
2.69327e-21
2.69574e-21
2.69747e-21
2.69515e-21
2.68843e-21
2.67946e-21
2.67134e-21
2.66707e-21
2.66819e-21
2.67415e-21
2.68205e-21
2.68739e-21
2.68649e-21
2.67811e-21
2.66453e-21
2.65071e-21
2.64251e-21
2.6446e-21
2.65906e-21
2.68444e-21
2.71599e-21
2.7476e-21
2.77405e-21
2.79264e-21
2.80323e-21
2.80695e-21
2.80408e-21
2.79433e-21
2.77794e-21
2.75617e-21
2.73179e-21
2.70861e-21
2.69077e-21
2.68204e-21
2.68464e-21
2.69871e-21
2.72184e-21
2.74962e-21
2.77634e-21
2.79626e-21
2.80434e-21
2.79748e-21
2.77518e-21
2.74013e-21
2.69752e-21
2.65344e-21
2.61353e-21
2.58219e-21
2.56286e-21
2.55891e-21
2.57381e-21
2.60925e-21
2.66303e-21
2.72811e-21
2.79382e-21
2.84887e-21
2.88462e-21
2.89687e-21
2.88722e-21
2.86227e-21
2.83183e-21
2.80663e-21
2.795e-21
2.80033e-21
2.82101e-21
2.85144e-21
2.88442e-21
2.91324e-21
2.93304e-21
2.94139e-21
2.93787e-21
2.92363e-21
2.90065e-21
2.87063e-21
2.83483e-21
2.79386e-21
2.74832e-21
2.69911e-21
2.64785e-21
2.5979e-21
2.55487e-21
2.52555e-21
2.515e-21
2.52308e-21
2.54302e-21
2.56423e-21
2.5773e-21
2.57754e-21
2.56543e-21
2.54518e-21
2.52302e-21
2.50563e-21
2.49844e-21
2.50477e-21
2.52464e-21
2.55539e-21
2.5929e-21
2.63317e-21
2.67334e-21
2.7117e-21
2.7462e-21
2.77389e-21
2.79225e-21
2.8011e-21
2.80405e-21
2.80713e-21
2.81603e-21
2.83304e-21
2.85595e-21
2.87928e-21
2.89659e-21
2.90213e-21
2.89208e-21
2.86516e-21
2.82277e-21
2.76928e-21
2.71209e-21
2.66123e-21
2.6272e-21
2.61723e-21
2.63208e-21
2.66557e-21
2.70744e-21
2.74717e-21
2.77654e-21
2.79092e-21
2.78935e-21
2.77388e-21
2.74892e-21
2.72021e-21
2.69355e-21
2.67338e-21
2.66126e-21
2.65672e-21
2.65816e-21
2.6647e-21
2.6768e-21
2.6958e-21
2.72232e-21
2.75512e-21
2.79118e-21
2.82592e-21
2.85419e-21
2.87131e-21
2.87357e-21
2.85885e-21
2.82707e-21
2.78031e-21
2.72332e-21
2.66303e-21
2.60685e-21
2.5607e-21
2.52778e-21
2.50843e-21
2.50199e-21
2.5081e-21
2.52652e-21
2.55578e-21
2.5918e-21
2.62825e-21
2.65828e-21
2.67664e-21
2.68123e-21
2.673e-21
2.6553e-21
2.63283e-21
2.61049e-21
2.59204e-21
2.57969e-21
2.57403e-21
2.57521e-21
2.58372e-21
2.60053e-21
2.62625e-21
2.65994e-21
2.69874e-21
2.73877e-21
2.77668e-21
2.81155e-21
2.84436e-21
2.87677e-21
2.90859e-21
2.93732e-21
2.95946e-21
2.97271e-21
2.97744e-21
2.97638e-21
2.97229e-21
2.96652e-21
2.95943e-21
2.95165e-21
2.94501e-21
2.94187e-21
2.94359e-21
2.94834e-21
2.95131e-21
2.94623e-21
2.92731e-21
2.89107e-21
2.83761e-21
2.77038e-21
2.69541e-21
2.61944e-21
2.54849e-21
2.48687e-21
2.43713e-21
2.40055e-21
2.37777e-21
2.3694e-21
2.37584e-21
2.39651e-21
2.42852e-21
2.46597e-21
2.50115e-21
2.52748e-21
2.54223e-21
2.54747e-21
2.54803e-21
2.54839e-21
2.55067e-21
2.55541e-21
2.563e-21
2.57497e-21
2.59378e-21
2.6215e-21
2.65861e-21
2.70351e-21
2.75315e-21
2.80348e-21
