130.084
126.252
119.815
110.986
100.103
87.6917
74.4969
61.4518
49.5947
39.91
33.1431
29.6425
29.3069
31.6422
35.8984
41.2328
46.8499
52.0947
56.4902
59.7531
61.782
62.6328
62.4883
61.6346
60.4036
59.1473
58.1845
57.7649
58.0392
59.0457
60.7194
62.91
65.4214
68.0441
70.5969
72.9415
74.992
76.7126
78.093
79.1299
79.8038
80.0872
79.9416
79.3335
78.2386
76.6604
74.64
72.2682
69.6704
67
206.852
197.444
185.241
171.11
156.268
142.2
130.391
121.895
116.997
115.257
115.885
118.104
121.248
124.729
127.991
130.565
132.165
132.769
132.602
132.009
131.318
130.752
130.446
130.503
131.031
132.163
134.005
136.571
139.712
143.131
146.477
149.461
151.925
153.83
155.187
156.036
156.452
156.553
156.469
156.275
155.897
155.113
153.641
151.261
147.92
143.804
139.332
135.079
131.635
129.41
108.449
109.571
111.885
114.84
117.983
121.074
124.118
127.298
130.823
134.771
138.986
143.092
146.617
149.112
150.299
150.118
148.714
146.417
143.682
140.992
138.761
137.265
136.569
136.543
136.919
137.358
137.535
137.216
136.304
134.859
133.088
131.292
129.798
128.901
128.81
129.617
131.246
133.413
135.621
137.243
137.701
136.673
134.192
130.67
126.764
123.13
120.212
118.156
116.889
116.255
114.424
114.864
115.823
117.317
119.341
121.835
124.63
127.457
130.024
132.096
133.581
134.568
135.279
135.992
136.959
138.333
140.156
142.342
144.702
146.967
148.849
150.097
150.526
150.02
148.569
146.282
143.379
140.144
136.866
133.8
131.114
128.896
127.164
125.899
125.051
124.53
124.222
124.012
123.849
123.804
124.054
124.78
126.019
127.597
129.208
130.586
131.609
132.265
132.606
132.698
130.868
130.862
131.023
131.477
132.327
133.637
135.388
137.378
139.263
140.661
141.3
141.105
140.161
138.625
136.686
134.547
132.415
130.505
128.99
127.983
127.499
127.446
127.669
127.974
128.183
128.197
128.071
127.994
128.234
128.994
130.316
132.033
133.818
135.279
136.089
136.087
135.288
133.821
131.854
129.541
127.028
124.485
122.135
120.233
119.038
118.74
119.407
120.997
123.36
126.283
129.521
132.803
135.849
138.396
140.244
141.294
141.537
141.021
139.785
137.846
135.21
131.948
128.233
124.4
120.915
118.292
116.959
117.134
118.757
121.539
125.07
128.954
132.854
136.469
139.496
141.653
142.728
142.644
141.477
139.454
136.903
134.223
131.804
129.94
128.758
128.199
128.063
128.138
128.334
128.74
129.604
131.165
133.463
136.251
139.109
141.649
143.63
144.957
145.617
145.617
144.958
143.65
141.729
139.279
136.442
133.442
130.57
128.134
126.365
125.347
124.956
124.899
124.8
124.338
123.36
121.948
120.397
119.131
118.586
119.052
120.579
122.951
125.757
128.547
130.982
132.88
134.208
134.988
135.266
135.08
134.503
133.677
132.821
132.186
131.987
132.312
133.075
134.064
135.046
135.885
136.573
137.18
137.764
138.308
138.679
138.71
138.257
137.295
135.943
134.457
133.113
132.099
131.396
130.789
129.986
128.758
127.016
124.848
122.484
120.253
118.516
117.589
117.689
118.884
121.063
123.955
127.171
130.292
132.953
134.894
136.005
136.317
135.998
135.281
134.422
133.664
133.18
133.055
133.271
133.73
134.282
134.758
134.956
134.709
133.947
132.751
131.371
130.123
129.277
128.959
129.128
129.575
129.999
130.112
129.723
128.807
127.505
126.079
124.853
124.143
124.212
125.193
127.002
129.336
131.784
134.026
135.925
137.514
138.893
140.121
141.159
141.907
142.259
142.17
141.675
140.863
139.83
138.631
137.274
135.735
134.017
132.173
130.298
128.466
126.67
124.82
122.863
120.914
119.248
118.183
117.952
118.629
120.132
122.257
124.703
127.137
129.296
131.063
132.45
133.509
134.237
134.572
134.445
133.853
132.894
131.738
130.587
129.66
129.11
128.981
129.218
129.806
130.87
132.616
135.042
137.802
140.36
142.288
143.423
143.825
143.665
143.108
142.252
141.116
139.674
137.907
135.887
133.823
132.026
130.776
130.162
130.048
130.168
130.251
130.139
129.815
129.382
128.99
128.783
128.837
129.125
129.507
129.765
129.721
129.317
128.661
127.994
127.598
127.698
128.396
129.622
131.146
132.672
133.949
134.847
135.358
135.538
135.399
134.928
134.137
133.086
131.908
130.789
129.928
129.506
129.632
130.311
131.428
132.77
134.06
135.021
135.412
135.081
134.004
132.311
130.254
128.125
126.198
124.685
123.751
123.561
124.28
125.991
128.588
131.731
134.904
137.562
139.288
139.879
139.414
138.209
136.739
135.522
134.961
135.218
136.217
137.686
139.278
140.67
141.626
142.029
141.859
141.172
140.062
138.613
136.884
134.906
132.707
130.331
127.855
125.443
123.365
121.95
121.44
121.831
122.793
123.818
124.449
124.46
123.876
122.898
121.828
120.988
120.641
120.947
121.906
123.391
125.202
127.146
129.086
130.938
132.604
133.941
134.828
135.255
135.398
135.546
135.976
136.797
137.904
139.031
139.866
140.133
139.648
138.348
136.302
133.719
130.957
128.501
126.858
126.377
127.094
128.711
130.733
132.651
134.069
134.764
134.688
133.941
132.736
131.35
130.062
129.088
128.503
128.284
128.353
128.669
129.253
130.171
131.451
133.035
134.776
136.454
137.819
138.645
138.755
138.044
136.509
134.251
131.5
128.588
125.876
123.647
122.058
121.123
120.812
121.107
121.997
123.41
125.149
126.909
128.359
129.246
129.467
129.07
128.215
127.13
126.051
125.16
124.564
124.291
124.348
124.759
125.571
126.812
128.439
130.313
132.246
134.076
135.76
137.344
138.909
140.445
141.833
142.902
143.542
143.77
143.719
143.521
143.243
142.901
142.525
142.204
142.052
142.136
142.365
142.508
142.263
141.35
139.6
137.018
133.772
130.152
126.484
123.058
120.082
117.681
115.914
114.814
114.41
114.721
115.719
117.264
119.073
120.772
122.043
122.755
123.009
123.036
123.053
123.163
123.392
123.758
124.336
125.244
126.583
128.375
130.543
132.94
135.37
