4.19797e+07
4.08728e+07
3.90145e+07
3.64608e+07
3.32979e+07
2.96838e+07
2.58344e+07
2.20226e+07
1.85548e+07
1.57202e+07
1.37358e+07
1.27055e+07
1.26032e+07
1.32837e+07
1.45261e+07
1.60844e+07
1.77256e+07
1.92602e+07
2.05462e+07
2.14987e+07
2.20891e+07
2.23377e+07
2.22944e+07
2.20441e+07
2.16821e+07
2.13139e+07
2.10325e+07
2.09073e+07
2.09895e+07
2.12831e+07
2.17717e+07
2.24137e+07
2.31496e+07
2.39171e+07
2.46628e+07
2.53479e+07
2.59462e+07
2.64453e+07
2.68482e+07
2.71519e+07
2.73479e+07
2.743e+07
2.73876e+07
2.72129e+07
2.68961e+07
2.64354e+07
2.58478e+07
2.5155e+07
2.43976e+07
2.36161e+07
6.78017e+07
6.506e+07
6.14951e+07
5.73591e+07
5.30134e+07
4.88921e+07
4.54276e+07
4.29351e+07
4.14989e+07
4.09873e+07
4.11699e+07
4.18206e+07
4.2741e+07
4.37605e+07
4.47187e+07
4.54762e+07
4.59491e+07
4.61278e+07
4.60813e+07
4.59094e+07
4.57095e+07
4.55476e+07
4.54621e+07
4.54833e+07
4.56374e+07
4.59704e+07
4.65123e+07
4.72614e+07
4.81802e+07
4.91769e+07
5.01537e+07
5.10226e+07
5.17373e+07
5.22923e+07
5.26827e+07
5.29232e+07
5.30396e+07
5.30635e+07
5.30352e+07
5.29783e+07
5.28668e+07
5.26399e+07
5.22118e+07
5.15175e+07
5.0541e+07
4.93374e+07
4.80281e+07
4.67811e+07
4.57749e+07
4.51272e+07
3.85411e+07
3.88753e+07
3.95606e+07
4.04338e+07
4.13596e+07
4.22689e+07
4.31601e+07
4.40876e+07
4.51169e+07
4.62711e+07
4.7506e+07
4.87096e+07
4.97456e+07
5.04807e+07
5.0831e+07
5.07813e+07
5.03691e+07
4.96939e+07
4.88906e+07
4.81014e+07
4.7446e+07
4.7007e+07
4.68021e+07
4.67962e+07
4.69066e+07
4.70367e+07
4.70912e+07
4.69963e+07
4.67294e+07
4.63045e+07
4.57782e+07
4.52477e+07
4.48047e+07
4.45331e+07
4.44976e+07
4.47287e+07
4.52025e+07
4.58351e+07
4.64822e+07
4.69581e+07
4.70981e+07
4.67998e+07
4.60741e+07
4.50419e+07
4.38937e+07
4.28267e+07
4.19707e+07
4.13673e+07
4.09991e+07
4.08156e+07
4.02431e+07
4.0373e+07
4.06552e+07
4.10921e+07
4.16846e+07
4.24152e+07
4.32345e+07
4.40642e+07
4.48161e+07
4.54235e+07
4.58579e+07
4.61445e+07
4.63497e+07
4.6554e+07
4.68312e+07
4.72308e+07
4.77641e+07
4.84054e+07
4.90993e+07
4.97638e+07
5.03159e+07
5.06855e+07
5.08141e+07
5.06692e+07
5.02431e+07
4.95762e+07
4.87278e+07
4.77817e+07
4.68241e+07
4.59272e+07
4.51415e+07
4.44932e+07
4.39867e+07
4.36168e+07
4.33694e+07
4.32173e+07
4.31283e+07
4.30658e+07
4.30173e+07
4.29991e+07
4.30683e+07
4.32763e+07
4.36371e+07
4.40976e+07
4.45689e+07
4.49709e+07
4.52684e+07
4.54596e+07
4.55584e+07
4.55858e+07
4.50067e+07
4.50043e+07
4.50497e+07
4.51823e+07
4.54296e+07
4.58121e+07
4.63245e+07
4.69096e+07
4.74626e+07
4.78759e+07
4.80659e+07
4.80106e+07
4.77351e+07
4.72851e+07
4.67189e+07
4.60927e+07
4.54711e+07
4.49104e+07
4.44654e+07
4.41679e+07
4.40254e+07
4.40104e+07
4.4075e+07
4.41635e+07
4.42236e+07
4.4224e+07
4.41847e+07
4.41572e+07
4.42251e+07
4.4448e+07
4.48362e+07
4.53439e+07
4.58717e+07
4.63068e+07
4.65516e+07
4.65579e+07
4.63292e+07
4.59055e+07
4.53335e+07
4.46618e+07
4.39275e+07
4.31837e+07
4.24926e+07
4.19351e+07
4.1583e+07
4.14909e+07
4.16821e+07
4.21467e+07
4.28347e+07
4.36866e+07
4.46317e+07
4.55926e+07
4.64856e+07
4.72319e+07
4.77723e+07
4.8081e+07
4.81523e+07
4.80035e+07
4.76447e+07
4.70801e+07
4.63102e+07
4.5355e+07
4.42668e+07
4.31407e+07
4.21145e+07
4.13394e+07
4.09429e+07
4.09891e+07
4.14614e+07
4.22725e+07
4.33044e+07
4.44436e+07
4.5586e+07
4.6646e+07
4.75344e+07
4.81692e+07
4.84901e+07
4.847e+07
4.81293e+07
4.7538e+07
4.67908e+07
4.60045e+07
4.52932e+07
4.47453e+07
4.43978e+07
4.4236e+07
4.41965e+07
4.42155e+07
4.42709e+07
4.43836e+07
4.46327e+07
4.50847e+07
4.57574e+07
4.65741e+07
4.74118e+07
4.81566e+07
4.87398e+07
4.9131e+07
4.93285e+07
4.9332e+07
4.9142e+07
4.87616e+07
4.82024e+07
4.74882e+07
4.66596e+07
4.57858e+07
4.49469e+07
4.42365e+07
4.37186e+07
4.34206e+07
4.33078e+07
4.32931e+07
4.32661e+07
4.31327e+07
4.28452e+07
4.24286e+07
4.19672e+07
4.15925e+07
4.14252e+07
4.1558e+07
4.20025e+07
4.26941e+07
4.35184e+07
4.43354e+07
4.50483e+07
4.56057e+07
4.59974e+07
4.62267e+07
4.63094e+07
4.62559e+07
4.60888e+07
4.58503e+07
4.56001e+07
4.54148e+07
4.53565e+07
4.54534e+07
4.56781e+07
4.59695e+07
4.62564e+07
4.65023e+07
4.67016e+07
4.68787e+07
4.70493e+07
4.7206e+07
4.73144e+07
4.73217e+07
4.71876e+07
4.69022e+07
4.65036e+07
4.60663e+07
4.56713e+07
4.53758e+07
4.51715e+07
4.49973e+07
4.47673e+07
4.44117e+07
4.39059e+07
4.32703e+07
4.25796e+07
4.19253e+07
4.14158e+07
4.11419e+07
4.11681e+07
4.15195e+07
4.21597e+07
4.30093e+07
4.3954e+07
4.48732e+07
4.56566e+07
4.62256e+07
4.65508e+07
4.66418e+07
4.65456e+07
4.6329e+07
4.6072e+07
4.58461e+07
4.57004e+07
4.56591e+07
4.57181e+07
4.58473e+07
4.60057e+07
4.61463e+07
4.62055e+07
4.61334e+07
4.59092e+07
4.55604e+07
4.51562e+07
4.47922e+07
4.45469e+07
4.4458e+07
4.45116e+07
4.46467e+07
4.47784e+07
4.48175e+07
4.4707e+07
4.44421e+07
4.4061e+07
4.36417e+07
4.32811e+07
4.3069e+07
4.30863e+07
4.33682e+07
4.38951e+07
4.45768e+07
4.5291e+07
4.59442e+07
4.64976e+07
4.69591e+07
4.73601e+07
4.77191e+07
4.80225e+07
4.82439e+07
4.83491e+07
4.83274e+07
4.81886e+07
4.79531e+07
4.76561e+07
4.73092e+07
4.69147e+07
4.64665e+07
4.59657e+07
4.5429e+07
4.48803e+07
4.43474e+07
4.3824e+07
4.32819e+07
4.27083e+07
4.21367e+07
4.16467e+07
4.1331e+07
4.12611e+07
4.14572e+07
4.18964e+07
4.25177e+07
4.3236e+07
4.3948e+07
4.45806e+07
4.50983e+07
4.55023e+07
4.58107e+07
4.60224e+07
4.61172e+07
4.60757e+07
4.59001e+07
4.56165e+07
4.52745e+07
4.49356e+07
4.46621e+07
4.44987e+07
4.44609e+07
4.45298e+07
4.47024e+07
4.50129e+07
4.55248e+07
4.6239e+07
4.70516e+07
4.78053e+07
4.83746e+07
4.87116e+07
4.88317e+07
4.87876e+07
4.86264e+07
4.83811e+07
4.80544e+07
4.76349e+07
4.71203e+07
4.65308e+07
4.59278e+07
4.53994e+07
4.50277e+07
4.48453e+07
4.48096e+07
4.48423e+07
4.48648e+07
4.48278e+07
4.47272e+07
4.45931e+07
4.44732e+07
4.44098e+07
4.44219e+07
4.45028e+07
4.46166e+07
4.46964e+07
4.46873e+07
4.45727e+07
4.4384e+07
4.4193e+07
4.40771e+07
4.41053e+07
4.43083e+07
4.46675e+07
4.5114e+07
4.55622e+07
4.59368e+07
4.61999e+07
4.63487e+07
4.64024e+07
4.63654e+07
4.6229e+07
4.6001e+07
4.56972e+07
4.53545e+07
4.5029e+07
4.47786e+07
4.46566e+07
4.46903e+07
4.48872e+07
4.52139e+07
4.5605e+07
4.59845e+07
4.62665e+07
4.63801e+07
4.62813e+07
4.59637e+07
4.54656e+07
4.48594e+07
4.42335e+07
4.36636e+07
4.32176e+07
4.29394e+07
4.28778e+07
4.30857e+07
4.35847e+07
4.43437e+07
4.52619e+07
4.61935e+07
4.69747e+07
4.74836e+07
4.76588e+07
4.75191e+07
4.71667e+07
4.67333e+07
4.63715e+07
4.6206e+07
4.62813e+07
4.65752e+07
4.70064e+07
4.74769e+07
4.78877e+07
4.81694e+07
4.82877e+07
4.82394e+07
4.80405e+07
4.77164e+07
4.7291e+07
4.67876e+07
4.62078e+07
4.55682e+07
4.48753e+07
4.41507e+07
4.34451e+07
4.28373e+07
4.24235e+07
4.22737e+07
4.23882e+07
4.26711e+07
4.29739e+07
4.31608e+07
4.31659e+07
4.29941e+07
4.27054e+07
4.23881e+07
4.21392e+07
4.20314e+07
4.21174e+07
4.23971e+07
4.28307e+07
4.33618e+07
4.39315e+07
4.44971e+07
4.50375e+07
4.55241e+07
4.59147e+07
4.61717e+07
4.62948e+07
4.63358e+07
4.6376e+07
4.65028e+07
4.67441e+07
4.70707e+07
4.74052e+07
4.76548e+07
4.77381e+07
4.76011e+07
4.72245e+07
4.66289e+07
4.58734e+07
4.50641e+07
4.43422e+07
4.38599e+07
4.37191e+07
4.39281e+07
4.44059e+07
4.50005e+07
4.55658e+07
4.59841e+07
4.61891e+07
4.61667e+07
4.59479e+07
4.5592e+07
4.51808e+07
4.47997e+07
4.45113e+07
4.4338e+07
4.42727e+07
4.42913e+07
4.43807e+07
4.45515e+07
4.482e+07
4.51924e+07
4.56563e+07
4.61677e+07
4.66598e+07
4.70617e+07
4.73053e+07
4.73392e+07
4.71325e+07
4.6686e+07
4.60265e+07
4.52205e+07
4.43668e+07
4.35701e+07
4.29116e+07
4.24411e+07
4.21657e+07
4.20706e+07
4.21534e+07
4.24099e+07
4.28232e+07
4.33331e+07
4.3852e+07
4.42808e+07
4.45447e+07
4.4612e+07
4.44976e+07
4.4249e+07
4.39332e+07
4.36173e+07
4.33582e+07
4.31828e+07
4.31027e+07
4.31181e+07
4.32339e+07
4.3469e+07
4.38318e+07
4.43075e+07
4.48541e+07
4.54217e+07
4.59601e+07
4.64545e+07
4.69205e+07
4.73787e+07
4.78309e+07
4.82391e+07
4.85538e+07
4.87432e+07
4.88094e+07
4.87925e+07
4.87327e+07
4.8649e+07
4.85475e+07
4.84336e+07
4.83398e+07
4.82903e+07
4.83126e+07
4.83813e+07
4.84254e+07
4.83586e+07
4.8093e+07
4.75825e+07
4.68287e+07
4.5877e+07
4.48153e+07
4.37437e+07
4.27401e+07
4.18672e+07
4.1163e+07
4.06418e+07
4.03184e+07
4.01996e+07
4.02893e+07
4.0582e+07
4.10371e+07
4.15691e+07
4.20686e+07
4.24447e+07
4.26538e+07
4.27267e+07
4.27309e+07
4.27349e+07
4.2764e+07
4.28296e+07
4.29354e+07
4.31034e+07
4.33678e+07
4.37573e+07
4.42821e+07
4.49194e+07
4.56234e+07
4.63366e+07
