3.76915e+07
3.66977e+07
3.50293e+07
3.27364e+07
2.98966e+07
2.66517e+07
2.31955e+07
1.9773e+07
1.66595e+07
1.41144e+07
1.23327e+07
1.14077e+07
1.13158e+07
1.19268e+07
1.30422e+07
1.44414e+07
1.59149e+07
1.72928e+07
1.84474e+07
1.93027e+07
1.98327e+07
2.0056e+07
2.00171e+07
1.97924e+07
1.94673e+07
1.91367e+07
1.88841e+07
1.87717e+07
1.88454e+07
1.91091e+07
1.95478e+07
2.01242e+07
2.07849e+07
2.1474e+07
2.21436e+07
2.27586e+07
2.32959e+07
2.3744e+07
2.41057e+07
2.43784e+07
2.45543e+07
2.46281e+07
2.45901e+07
2.44332e+07
2.41487e+07
2.37351e+07
2.32075e+07
2.25855e+07
2.19054e+07
2.12038e+07
6.08758e+07
5.84142e+07
5.52134e+07
5.14999e+07
4.75981e+07
4.38978e+07
4.07872e+07
3.85493e+07
3.72598e+07
3.68005e+07
3.69644e+07
3.75486e+07
3.83751e+07
3.92904e+07
4.01507e+07
4.08308e+07
4.12555e+07
4.14158e+07
4.13742e+07
4.12198e+07
4.10403e+07
4.0895e+07
4.08182e+07
4.08373e+07
4.09756e+07
4.12746e+07
4.17612e+07
4.24337e+07
4.32587e+07
4.41535e+07
4.50305e+07
4.58107e+07
4.64524e+07
4.69507e+07
4.73012e+07
4.75171e+07
4.76216e+07
4.76432e+07
4.76177e+07
4.75666e+07
4.74665e+07
4.72627e+07
4.68784e+07
4.6255e+07
4.53783e+07
4.42976e+07
4.3122e+07
4.20025e+07
4.1099e+07
4.05175e+07
3.46028e+07
3.4902e+07
3.55163e+07
3.62997e+07
3.71307e+07
3.79475e+07
3.87483e+07
3.95817e+07
4.05064e+07
4.15431e+07
4.2652e+07
4.37326e+07
4.46627e+07
4.53225e+07
4.56371e+07
4.55928e+07
4.52231e+07
4.46176e+07
4.38973e+07
4.31895e+07
4.26015e+07
4.22074e+07
4.20226e+07
4.20169e+07
4.21152e+07
4.22312e+07
4.22794e+07
4.21936e+07
4.19537e+07
4.15721e+07
4.11e+07
4.06236e+07
4.02261e+07
3.99825e+07
3.99509e+07
4.01588e+07
4.05848e+07
4.11541e+07
4.1736e+07
4.21645e+07
4.22913e+07
4.20242e+07
4.13728e+07
4.04456e+07
3.94134e+07
3.84539e+07
3.76827e+07
3.71391e+07
3.68064e+07
3.66407e+07
3.61546e+07
3.62702e+07
3.65228e+07
3.69145e+07
3.74465e+07
3.81023e+07
3.88374e+07
3.95808e+07
4.02534e+07
4.0796e+07
4.11829e+07
4.14372e+07
4.16186e+07
4.17997e+07
4.20473e+07
4.24048e+07
4.28837e+07
4.34616e+07
4.40882e+07
4.46897e+07
4.51909e+07
4.55289e+07
4.56497e+07
4.55237e+07
4.51447e+07
4.45491e+07
4.37903e+07
4.29442e+07
4.20879e+07
4.12853e+07
4.05815e+07
3.99971e+07
3.95367e+07
3.91972e+07
3.89665e+07
3.88216e+07
3.87344e+07
3.86747e+07
3.86288e+07
3.86122e+07
3.86755e+07
3.88646e+07
3.9191e+07
3.96046e+07
4.00255e+07
4.03824e+07
4.06437e+07
4.08094e+07
4.08919e+07
4.09127e+07
4.0341e+07
4.03372e+07
4.03808e+07
4.05072e+07
4.0743e+07
4.11074e+07
4.15901e+07
4.21396e+07
4.26559e+07
4.30378e+07
4.32114e+07
4.31551e+07
4.28942e+07
4.24748e+07
4.19489e+07
4.137e+07
4.0797e+07
4.02833e+07
3.98807e+07
3.96159e+07
3.94959e+07
3.94951e+07
3.95672e+07
3.9661e+07
3.97255e+07
3.97317e+07
3.96949e+07
3.96633e+07
3.97124e+07
3.98991e+07
4.0234e+07
4.06788e+07
4.11428e+07
4.15267e+07
4.17415e+07
4.17456e+07
4.15442e+07
4.11718e+07
4.06696e+07
4.00793e+07
3.9431e+07
3.87721e+07
3.81569e+07
3.76574e+07
3.73391e+07
3.72526e+07
3.74209e+07
3.78354e+07
3.84535e+07
3.9221e+07
4.0075e+07
4.09435e+07
4.17511e+07
4.24281e+07
4.29182e+07
4.31962e+07
4.32601e+07
4.31248e+07
4.28007e+07
4.22915e+07
4.15997e+07
4.07425e+07
3.97661e+07
3.87547e+07
3.78296e+07
3.71258e+07
3.67551e+07
3.67769e+07
3.71782e+07
3.78869e+07
3.87993e+07
3.98156e+07
4.08442e+07
4.18071e+07
4.26221e+07
4.32114e+07
4.35187e+07
4.35185e+07
4.32258e+07
4.27047e+07
4.2038e+07
4.13308e+07
4.06878e+07
4.01907e+07
3.98724e+07
3.97197e+07
3.9679e+07
3.96912e+07
3.97367e+07
3.98371e+07
4.00614e+07
4.047e+07
4.10781e+07
4.18159e+07
4.2573e+07
4.32467e+07
4.37733e+07
4.41261e+07
4.43014e+07
4.4298e+07
4.41177e+07
4.37625e+07
4.32442e+07
4.25849e+07
4.1828e+07
4.1036e+07
4.02815e+07
3.96529e+07
3.92038e+07
3.89555e+07
3.88741e+07
3.8878e+07
3.88648e+07
3.875e+07
3.84905e+07
3.81089e+07
3.76833e+07
3.73346e+07
3.71761e+07
3.729e+07
3.76901e+07
3.83157e+07
3.90637e+07
3.98069e+07
4.04565e+07
4.09645e+07
4.1327e+07
4.15436e+07
4.16283e+07
4.15873e+07
4.14406e+07
4.12221e+07
4.09867e+07
4.08008e+07
4.07242e+07
4.07865e+07
4.09655e+07
4.12135e+07
4.14685e+07
4.16963e+07
4.18902e+07
4.20707e+07
4.22459e+07
4.24035e+07
4.25109e+07
4.25206e+07
4.23935e+07
4.21235e+07
4.17461e+07
4.13319e+07
4.09603e+07
4.06842e+07
4.04997e+07
4.03514e+07
4.01611e+07
3.98635e+07
3.94319e+07
3.88825e+07
3.82755e+07
3.76905e+07
3.72245e+07
3.69611e+07
3.69613e+07
3.72503e+07
3.78006e+07
3.85459e+07
3.9387e+07
4.02169e+07
4.09348e+07
4.14707e+07
4.1794e+07
4.19077e+07
4.1849e+07
4.1674e+07
4.14511e+07
4.12425e+07
4.10965e+07
4.1038e+07
4.10668e+07
4.11619e+07
4.12865e+07
4.13963e+07
4.14359e+07
4.13618e+07
4.11557e+07
4.08423e+07
4.04861e+07
4.01669e+07
3.99547e+07
3.98824e+07
3.99342e+07
4.00571e+07
4.01743e+07
4.02097e+07
4.01131e+07
3.98795e+07
3.95426e+07
3.91709e+07
3.88518e+07
3.86646e+07
3.86835e+07
3.89425e+07
3.94166e+07
4.00236e+07
4.06518e+07
4.12206e+07
4.16969e+07
4.20967e+07
4.24488e+07
4.27667e+07
4.30384e+07
4.32368e+07
4.33355e+07
4.33207e+07
4.32045e+07
4.30043e+07
4.2751e+07
4.24559e+07
4.2122e+07
4.17419e+07
4.13112e+07
4.08435e+07
4.03561e+07
3.98712e+07
3.93881e+07
3.88862e+07
3.83601e+07
3.78414e+07
3.74059e+07
3.71362e+07
3.70877e+07
3.72747e+07
3.76665e+07
3.82114e+07
3.8833e+07
3.94521e+07
4.0002e+07
4.04576e+07
4.08205e+07
4.10992e+07
4.12946e+07
4.13832e+07
4.13432e+07
4.11762e+07
4.09091e+07
4.05872e+07
4.02705e+07
4.00188e+07
3.98734e+07
3.98446e+07
3.99144e+07
4.00794e+07
4.03733e+07
4.08533e+07
4.15152e+07
4.22625e+07
4.29505e+07
4.34651e+07
4.37629e+07
4.38601e+07
4.38029e+07
4.36384e+07
4.33983e+07
4.30901e+07
4.27113e+07
4.22595e+07
4.17551e+07
4.12474e+07
4.08169e+07
4.05252e+07
4.03976e+07
4.03898e+07
4.0428e+07
4.04385e+07
4.03843e+07
4.02635e+07
4.01073e+07
3.99612e+07
3.98634e+07
3.98339e+07
3.98691e+07
3.99367e+07
3.99887e+07
3.99724e+07
3.98773e+07
3.97264e+07
3.95793e+07
3.95036e+07
3.95566e+07
3.97591e+07
4.00923e+07
4.04973e+07
4.08974e+07
4.12271e+07
4.14489e+07
4.1568e+07
4.16058e+07
4.15665e+07
4.14518e+07
4.1258e+07
4.10045e+07
4.07234e+07
4.04613e+07
4.02734e+07
4.02026e+07
4.02684e+07
4.04704e+07
4.07707e+07
4.11021e+07
4.13965e+07
4.15772e+07
4.16e+07
4.14381e+07
4.11016e+07
4.0634e+07
4.01007e+07
3.95749e+07
3.91202e+07
3.87878e+07
3.86123e+07
3.8625e+07
3.88605e+07
3.93309e+07
4.00026e+07
4.07876e+07
4.15588e+07
4.21872e+07
4.25664e+07
4.26543e+07
4.24776e+07
4.21284e+07
4.17246e+07
4.14098e+07
4.1289e+07
4.13968e+07
4.17086e+07
4.21556e+07
4.26425e+07
4.30876e+07
4.34208e+07
4.36093e+07
4.36422e+07
4.35204e+07
4.32566e+07
4.28594e+07
4.23513e+07
4.17417e+07
4.10559e+07
4.03185e+07
3.95608e+07
3.88407e+07
3.82339e+07
3.78329e+07
3.77036e+07
3.78353e+07
3.81345e+07
3.84439e+07
3.86371e+07
3.86517e+07
3.85005e+07
3.82418e+07
3.79595e+07
3.77429e+07
3.76577e+07
3.77474e+07
3.80132e+07
3.84203e+07
3.89186e+07
3.94557e+07
3.99956e+07
4.05076e+07
4.09527e+07
4.12911e+07
4.14975e+07
4.15834e+07
4.16074e+07
4.16517e+07
4.17845e+07
4.20245e+07
4.23356e+07
4.26401e+07
4.28605e+07
4.29283e+07
4.28024e+07
4.24651e+07
4.19375e+07
4.12657e+07
4.05315e+07
3.9857e+07
3.93646e+07
3.91484e+07
3.92343e+07
3.95604e+07
4.00088e+07
4.04572e+07
4.08048e+07
4.09988e+07
4.10221e+07
4.08966e+07
4.06674e+07
4.03952e+07
4.0137e+07
3.99398e+07
3.98179e+07
3.97643e+07
3.97731e+07
3.98469e+07
4.00099e+07
4.02869e+07
4.06841e+07
4.11794e+07
4.17153e+07
4.2222e+07
4.26201e+07
4.28455e+07
4.28481e+07
4.26014e+07
4.21153e+07
4.14247e+07
4.06023e+07
3.97564e+07
3.8988e+07
3.83791e+07
3.79628e+07
3.77341e+07
3.76724e+07
3.77722e+07
3.80299e+07
3.84243e+07
3.89058e+07
3.93873e+07
3.97772e+07
4.0007e+07
4.00425e+07
3.99005e+07
3.96283e+07
3.92961e+07
3.89782e+07
3.87301e+07
3.858e+07
3.85306e+07
3.8576e+07
3.87191e+07
3.89734e+07
3.93446e+07
3.98175e+07
4.03448e+07
4.08715e+07
4.13629e+07
4.18087e+07
4.22272e+07
4.26373e+07
4.30233e+07
4.3351e+07
4.35791e+07
4.36885e+07
4.37057e+07
4.36792e+07
4.36568e+07
4.36565e+07
4.36695e+07
4.36665e+07
4.36331e+07
4.35774e+07
4.35205e+07
4.34781e+07
4.34317e+07
4.33229e+07
4.30812e+07
4.2653e+07
4.20226e+07
4.1224e+07
4.0329e+07
3.94301e+07
3.85996e+07
3.78881e+07
3.73231e+07
3.6904e+07
3.66261e+07
3.64806e+07
3.64631e+07
3.65532e+07
3.6724e+07
3.69302e+07
3.71262e+07
3.72949e+07
3.74511e+07
3.7632e+07
3.78634e+07
3.81402e+07
3.84381e+07
3.87278e+07
3.90017e+07
3.92795e+07
3.95972e+07
3.9976e+07
4.0418e+07
4.09038e+07
4.14009e+07
4.18718e+07
