1.97123e-21
1.91316e-21
1.81561e-21
1.68183e-21
1.51691e-21
1.32883e-21
1.12889e-21
9.31207e-22
7.51531e-22
6.04775e-22
5.02233e-22
4.49187e-22
4.44102e-22
4.79489e-22
5.43986e-22
6.24819e-22
7.09937e-22
7.89415e-22
8.56022e-22
9.05466e-22
9.36211e-22
9.49103e-22
9.46913e-22
9.33978e-22
9.15323e-22
8.96287e-22
8.81697e-22
8.75338e-22
8.79495e-22
8.94747e-22
9.20109e-22
9.53304e-22
9.9136e-22
1.0311e-21
1.06979e-21
1.10532e-21
1.13639e-21
1.16246e-21
1.18338e-21
1.19909e-21
1.2093e-21
1.2136e-21
1.21139e-21
1.20218e-21
1.18559e-21
1.16167e-21
1.13105e-21
1.09511e-21
1.05575e-21
1.01528e-21
3.13451e-21
2.99195e-21
2.80703e-21
2.5929e-21
2.368e-21
2.15482e-21
1.97587e-21
1.84713e-21
1.77291e-21
1.74654e-21
1.75606e-21
1.78968e-21
1.83732e-21
1.89008e-21
1.93951e-21
1.9785e-21
2.00275e-21
2.01191e-21
2.00938e-21
2.00039e-21
1.98991e-21
1.98134e-21
1.9767e-21
1.97756e-21
1.98557e-21
2.00272e-21
2.03064e-21
2.06952e-21
2.11712e-21
2.16893e-21
2.21962e-21
2.26485e-21
2.30219e-21
2.33106e-21
2.35162e-21
2.36448e-21
2.37079e-21
2.37231e-21
2.37104e-21
2.36811e-21
2.36237e-21
2.3505e-21
2.3282e-21
2.29212e-21
2.2415e-21
2.17913e-21
2.11136e-21
2.04692e-21
1.99472e-21
1.961e-21
1.6433e-21
1.66024e-21
1.69527e-21
1.74001e-21
1.78762e-21
1.83448e-21
1.88064e-21
1.92886e-21
1.98231e-21
2.04217e-21
2.10604e-21
2.16826e-21
2.22167e-21
2.25947e-21
2.27747e-21
2.27474e-21
2.25349e-21
2.21872e-21
2.17732e-21
2.13661e-21
2.10283e-21
2.08016e-21
2.06959e-21
2.06915e-21
2.07481e-21
2.0814e-21
2.08404e-21
2.07917e-21
2.06534e-21
2.04344e-21
2.01661e-21
1.9894e-21
1.96679e-21
1.9532e-21
1.95184e-21
1.96409e-21
1.98882e-21
2.02172e-21
2.05524e-21
2.07989e-21
2.08689e-21
2.07135e-21
2.03376e-21
1.98036e-21
1.92111e-21
1.86594e-21
1.8216e-21
1.79033e-21
1.77101e-21
1.76132e-21
1.73508e-21
1.74169e-21
1.75618e-21
1.77879e-21
1.80946e-21
1.84723e-21
1.88954e-21
1.9323e-21
1.97107e-21
2.0023e-21
2.02463e-21
2.0394e-21
2.05002e-21
2.06069e-21
2.07524e-21
2.096e-21
2.12364e-21
2.15689e-21
2.19285e-21
2.22746e-21
2.25631e-21
2.27555e-21
2.28237e-21
2.27495e-21
2.25318e-21
2.2187e-21
2.1749e-21
2.12607e-21
2.07659e-21
2.03028e-21
1.98961e-21
1.95588e-21
1.92935e-21
1.90974e-21
1.8964e-21
1.88803e-21
1.88298e-21
1.87954e-21
1.87695e-21
1.87626e-21
1.88013e-21
1.89126e-21
1.91015e-21
1.93408e-21
1.95838e-21
1.97901e-21
1.99417e-21
2.00376e-21
2.00859e-21
2.00976e-21
1.97923e-21
1.97903e-21
1.98163e-21
1.98897e-21
2.00265e-21
2.02365e-21
2.05154e-21
2.08308e-21
2.11277e-21
2.13463e-21
2.14443e-21
2.14109e-21
2.12605e-21
2.10184e-21
2.07147e-21
2.03809e-21
2.00496e-21
1.97544e-21
1.95227e-21
1.93716e-21
1.93029e-21
1.93021e-21
1.93439e-21
1.93981e-21
1.94358e-21
1.94412e-21
1.94213e-21
1.94055e-21
1.9435e-21
1.95424e-21
1.97353e-21
1.9989e-21
2.02539e-21
2.0471e-21
2.05911e-21
2.05902e-21
2.04711e-21
2.02536e-21
1.9962e-21
1.96187e-21
1.92443e-21
1.88639e-21
1.85108e-21
1.82232e-21
1.8041e-21
1.79938e-21
1.80927e-21
1.83323e-21
1.86904e-21
1.91348e-21
1.96284e-21
2.01295e-21
2.05951e-21
2.09844e-21
2.12668e-21
2.1427e-21
2.14638e-21
2.13846e-21
2.11961e-21
2.09013e-21
2.05014e-21
2.00072e-21
1.94447e-21
1.88637e-21
1.83336e-21
1.79312e-21
1.77207e-21
1.77358e-21
1.79691e-21
1.8379e-21
1.89059e-21
1.94911e-21
2.00838e-21
2.06379e-21
2.11064e-21
2.14447e-21
2.16191e-21
2.16164e-21
2.14475e-21
2.11459e-21
2.07615e-21
2.0355e-21
1.99861e-21
1.97004e-21
1.95174e-21
1.9429e-21
1.94049e-21
1.94135e-21
1.94411e-21
1.95017e-21
1.9633e-21
1.98712e-21
2.02218e-21
2.0647e-21
2.1083e-21
2.14707e-21
2.17728e-21
2.19745e-21
2.20734e-21
2.207e-21
2.19643e-21
2.1758e-21
2.14574e-21
2.10765e-21
2.06385e-21
2.01794e-21
1.97444e-21
1.93802e-21
1.91211e-21
1.8978e-21
1.89302e-21
1.89312e-21
1.89226e-21
1.88553e-21
1.87061e-21
1.8488e-21
1.82465e-21
1.80481e-21
1.79601e-21
1.80281e-21
1.82599e-21
1.86223e-21
1.90522e-21
1.94801e-21
1.98542e-21
2.01472e-21
2.03542e-21
2.04785e-21
2.05265e-21
2.05026e-21
2.04167e-21
2.02893e-21
2.0153e-21
2.00458e-21
2.00017e-21
2.00361e-21
2.01392e-21
2.02812e-21
2.04281e-21
2.05595e-21
2.06728e-21
2.0777e-21
2.0878e-21
2.09706e-21
2.1033e-21
2.10388e-21
2.09661e-21
2.08119e-21
2.05961e-21
2.0359e-21
2.01454e-21
1.99858e-21
1.98785e-21
1.97912e-21
1.96788e-21
1.95053e-21
1.92546e-21
1.89376e-21
1.8587e-21
1.82505e-21
1.79825e-21
1.78319e-21
1.78333e-21
1.79994e-21
1.83159e-21
1.8744e-21
1.9227e-21
1.97024e-21
2.01147e-21
2.04234e-21
2.06096e-21
2.06755e-21
2.06433e-21
2.05454e-21
2.04192e-21
2.03013e-21
2.02193e-21
2.0188e-21
2.02073e-21
2.02643e-21
2.03373e-21
2.04003e-21
2.0423e-21
2.03798e-21
2.02611e-21
2.00799e-21
1.98739e-21
1.96899e-21
1.95668e-21
1.95225e-21
1.95499e-21
1.96179e-21
1.9682e-21
1.96992e-21
1.96418e-21
1.95054e-21
1.93114e-21
1.90985e-21
1.89152e-21
1.881e-21
1.88229e-21
1.8974e-21
1.92492e-21
1.95997e-21
1.99628e-21
2.02917e-21
2.05688e-21
2.08014e-21
2.10053e-21
2.11888e-21
2.13454e-21
2.14592e-21
2.15147e-21
2.15047e-21
2.14342e-21
2.13172e-21
2.11683e-21
2.09962e-21
2.08025e-21
2.05818e-21
2.03328e-21
2.00613e-21
1.97794e-21
1.94986e-21
1.92192e-21
1.89304e-21
1.8627e-21
1.83288e-21
1.80791e-21
1.79252e-21
1.7899e-21
1.80071e-21
1.82337e-21
1.85478e-21
1.89061e-21
1.92622e-21
1.95794e-21
1.98419e-21
2.00511e-21
2.02135e-21
2.03267e-21
2.03789e-21
2.03583e-21
2.02637e-21
2.01109e-21
1.99273e-21
1.97459e-21
1.96016e-21
1.95188e-21
1.95025e-21
1.95433e-21
1.96387e-21
1.98085e-21
2.00843e-21
2.04639e-21
2.08924e-21
2.12868e-21
2.15807e-21
2.17499e-21
2.18044e-21
2.17704e-21
2.16747e-21
2.15337e-21
2.13534e-21
2.11331e-21
2.08715e-21
2.05795e-21
2.0287e-21
2.00389e-21
1.98737e-21
1.98016e-21
1.97984e-21
1.98211e-21
1.98289e-21
1.97992e-21
1.97325e-21
1.9646e-21
1.95643e-21
1.951e-21
1.94947e-21
1.95159e-21
1.95547e-21
1.95816e-21
1.95708e-21
1.95139e-21
1.94253e-21
1.9339e-21
1.92949e-21
1.93248e-21
1.94423e-21
1.96353e-21
1.98692e-21
2.00995e-21
2.02887e-21
2.04171e-21
2.04862e-21
2.05067e-21
2.0483e-21
2.04142e-21
2.03015e-21
2.01537e-21
1.99905e-21
1.98391e-21
1.97292e-21
1.96872e-21
1.97268e-21
1.98448e-21
2.00182e-21
2.02101e-21
2.03778e-21
2.04826e-21
2.04958e-21
2.04041e-21
2.02118e-21
1.99433e-21
1.96368e-21
1.93352e-21
1.90759e-21
1.88866e-21
1.87877e-21
1.87975e-21
1.89347e-21
1.92068e-21
1.95947e-21
2.00476e-21
2.04918e-21
2.08513e-21
2.10688e-21
2.11196e-21
2.10187e-21
2.08172e-21
2.05875e-21
2.04081e-21
2.03383e-21
2.04001e-21
2.05796e-21
2.08359e-21
2.1116e-21
2.13706e-21
2.15622e-21
2.16709e-21
2.16881e-21
2.16164e-21
2.14629e-21
2.12351e-21
2.0941e-21
2.05892e-21
2.01925e-21
1.97663e-21
1.93298e-21
1.89142e-21
1.85643e-21
1.8333e-21
1.82582e-21
1.83349e-21
1.85056e-21
1.8683e-21
1.87926e-21
1.88007e-21
1.8714e-21
1.85664e-21
1.84059e-21
1.82826e-21
1.82363e-21
1.82903e-21
1.84444e-21
1.86799e-21
1.89668e-21
1.92774e-21
1.95892e-21
1.98842e-21
2.0142e-21
2.03375e-21
2.04564e-21
2.05062e-21
2.05215e-21
2.05487e-21
2.06257e-21
2.07634e-21
2.09405e-21
2.11144e-21
2.1239e-21
2.12757e-21
2.11996e-21
2.10032e-21
2.06968e-21
2.03081e-21
1.98857e-21
1.94968e-21
1.92139e-21
1.90905e-21
1.91393e-21
1.93252e-21
1.95819e-21
1.98385e-21
2.00382e-21
2.01488e-21
2.01622e-21
2.009e-21
1.99597e-21
1.98051e-21
1.96594e-21
1.95475e-21
1.94774e-21
1.94477e-21
1.94532e-21
1.94972e-21
1.9592e-21
1.9752e-21
1.99813e-21
2.02663e-21
2.05755e-21
2.08663e-21
2.10949e-21
2.12235e-21
2.12238e-21
2.10815e-21
2.07999e-21
2.04005e-21
1.99271e-21
1.94401e-21
1.89994e-21
1.86508e-21
1.84129e-21
1.82826e-21
1.82497e-21
1.83092e-21
1.84591e-21
1.86879e-21
1.89645e-21
1.92403e-21
1.94632e-21
1.95933e-21
1.9613e-21
1.95302e-21
1.93723e-21
1.91802e-21
1.89967e-21
1.88538e-21
1.87675e-21
1.87389e-21
1.87656e-21
1.88494e-21
1.89973e-21
1.92123e-21
1.94842e-21
1.97877e-21
2.00918e-21
2.03743e-21
2.06308e-21
2.08716e-21
2.11063e-21
2.13282e-21
2.15161e-21
2.1646e-21
2.17089e-21
2.17187e-21
2.17044e-21
2.16931e-21
2.16947e-21
2.17023e-21
2.17015e-21
2.16829e-21
2.16516e-21
2.16205e-21
2.15967e-21
2.1569e-21
2.15053e-21
2.13644e-21
2.1116e-21
2.07525e-21
2.02927e-21
1.97784e-21
1.92602e-21
1.87816e-21
1.83725e-21
1.80472e-21
1.78065e-21
1.76471e-21
1.75634e-21
1.75516e-21
1.76032e-21
1.77009e-21
1.78186e-21
1.79311e-21
1.80277e-21
1.81179e-21
1.82221e-21
1.83557e-21
1.85168e-21
1.86889e-21
1.88556e-21
1.90134e-21
1.91741e-21
1.93561e-21
1.95739e-21
1.98286e-21
2.01082e-21
2.03932e-21
2.06632e-21
