-1.7747e-20
-1.76518e-20
-1.7481e-20
-1.7254e-20
-1.70021e-20
-1.67236e-20
-1.64366e-20
-1.61598e-20
-1.59091e-20
-1.57044e-20
-1.55665e-20
-1.55001e-20
-1.54963e-20
-1.55465e-20
-1.56376e-20
-1.57501e-20
-1.58677e-20
-1.59713e-20
-1.60573e-20
-1.61245e-20
-1.61691e-20
-1.6183e-20
-1.6179e-20
-1.61602e-20
-1.6138e-20
-1.61137e-20
-1.60947e-20
-1.60947e-20
-1.60997e-20
-1.61272e-20
-1.61689e-20
-1.62159e-20
-1.62683e-20
-1.63234e-20
-1.63781e-20
-1.64261e-20
-1.64679e-20
-1.65087e-20
-1.65344e-20
-1.65508e-20
-1.65647e-20
-1.65712e-20
-1.6568e-20
-1.655e-20
-1.65226e-20
-1.64919e-20
-1.64463e-20
-1.63988e-20
-1.63425e-20
-1.62901e-20
-1.61544e-20
-1.59444e-20
-1.56831e-20
-1.53899e-20
-1.50783e-20
-1.47822e-20
-1.45423e-20
-1.43709e-20
-1.42722e-20
-1.42433e-20
-1.42632e-20
-1.43102e-20
-1.43788e-20
-1.44546e-20
-1.45197e-20
-1.45682e-20
-1.45955e-20
-1.46083e-20
-1.46037e-20
-1.45931e-20
-1.45811e-20
-1.45698e-20
-1.45634e-20
-1.45625e-20
-1.45811e-20
-1.46038e-20
-1.46361e-20
-1.46921e-20
-1.47544e-20
-1.48283e-20
-1.48941e-20
-1.4955e-20
-1.5007e-20
-1.5038e-20
-1.50672e-20
-1.50897e-20
-1.5099e-20
-1.51035e-20
-1.5103e-20
-1.50958e-20
-1.50896e-20
-1.50707e-20
-1.50378e-20
-1.49865e-20
-1.49162e-20
-1.48282e-20
-1.47355e-20
-1.4653e-20
-1.4581e-20
-1.45354e-20
-1.45307e-20
-1.45569e-20
-1.46052e-20
-1.46642e-20
-1.47286e-20
-1.47895e-20
-1.48548e-20
-1.49278e-20
-1.50054e-20
-1.50909e-20
-1.51776e-20
-1.52641e-20
-1.53331e-20
-1.53794e-20
-1.54011e-20
-1.53909e-20
-1.53633e-20
-1.53188e-20
-1.52632e-20
-1.52067e-20
-1.51625e-20
-1.51317e-20
-1.51211e-20
-1.51188e-20
-1.51292e-20
-1.51366e-20
-1.5135e-20
-1.51301e-20
-1.51056e-20
-1.50711e-20
-1.50407e-20
-1.50001e-20
-1.49673e-20
-1.49546e-20
-1.49597e-20
-1.49775e-20
-1.50119e-20
-1.50582e-20
-1.51033e-20
-1.51372e-20
-1.5135e-20
-1.51068e-20
-1.50499e-20
-1.49725e-20
-1.48953e-20
-1.48219e-20
-1.47633e-20
-1.47261e-20
-1.46969e-20
-1.46842e-20
-1.46821e-20
-1.46922e-20
-1.47117e-20
-1.4746e-20
-1.47904e-20
-1.48436e-20
-1.49026e-20
-1.49601e-20
-1.50154e-20
-1.50571e-20
-1.50874e-20
-1.51092e-20
-1.51259e-20
-1.51454e-20
-1.51742e-20
-1.52051e-20
-1.52422e-20
-1.52859e-20
-1.53304e-20
-1.53783e-20
-1.54191e-20
-1.54397e-20
-1.54468e-20
-1.54328e-20
-1.54097e-20
-1.53586e-20
-1.52975e-20
-1.52302e-20
-1.51596e-20
-1.50967e-20
-1.50413e-20
-1.49949e-20
-1.49593e-20
-1.49325e-20
-1.49128e-20
-1.49004e-20
-1.48899e-20
-1.48849e-20
-1.48788e-20
-1.48834e-20
-1.48909e-20
-1.49099e-20
-1.49358e-20
-1.49681e-20
-1.49998e-20
-1.50284e-20
-1.50502e-20
-1.50616e-20
-1.50666e-20
-1.50638e-20
-1.50674e-20
-1.50652e-20
-1.50698e-20
-1.50778e-20
-1.5097e-20
-1.51273e-20
-1.51665e-20
-1.52071e-20
-1.52499e-20
-1.5276e-20
-1.52875e-20
-1.52833e-20
-1.52646e-20
-1.52354e-20
-1.51932e-20
-1.51487e-20
-1.50974e-20
-1.50593e-20
-1.50289e-20
-1.50114e-20
-1.50001e-20
-1.49954e-20
-1.49989e-20
-1.50044e-20
-1.50069e-20
-1.50112e-20
-1.50077e-20
-1.50124e-20
-1.50198e-20
-1.50353e-20
-1.50659e-20
-1.51012e-20
-1.51408e-20
-1.51707e-20
-1.51859e-20
-1.51841e-20
-1.51675e-20
-1.51345e-20
-1.50929e-20
-1.50386e-20
-1.4987e-20
-1.49338e-20
-1.48909e-20
-1.48484e-20
-1.48231e-20
-1.48219e-20
-1.48391e-20
-1.48687e-20
-1.49212e-20
-1.49856e-20
-1.50552e-20
-1.51193e-20
-1.51764e-20
-1.52257e-20
-1.52638e-20
-1.52824e-20
-1.5288e-20
-1.52744e-20
-1.52458e-20
-1.52027e-20
-1.51475e-20
-1.5081e-20
-1.50027e-20
-1.4925e-20
-1.48564e-20
-1.48066e-20
-1.4782e-20
-1.4788e-20
-1.48222e-20
-1.48839e-20
-1.49603e-20
-1.5036e-20
-1.51179e-20
-1.51933e-20
-1.52581e-20
-1.53029e-20
-1.53184e-20
-1.53113e-20
-1.52888e-20
-1.52455e-20
-1.5192e-20
-1.51374e-20
-1.50904e-20
-1.50539e-20
-1.50308e-20
-1.50145e-20
-1.50094e-20
-1.50149e-20
-1.5017e-20
-1.50312e-20
-1.50489e-20
-1.50865e-20
-1.51318e-20
-1.51901e-20
-1.52511e-20
-1.53064e-20
-1.53454e-20
-1.53715e-20
-1.53809e-20
-1.53795e-20
-1.53659e-20
-1.53405e-20
-1.53002e-20
-1.52493e-20
-1.51914e-20
-1.51226e-20
-1.50616e-20
-1.50065e-20
-1.49721e-20
-1.49547e-20
-1.49476e-20
-1.49467e-20
-1.49427e-20
-1.49285e-20
-1.49065e-20
-1.48759e-20
-1.48483e-20
-1.4818e-20
-1.4813e-20
-1.48227e-20
-1.48564e-20
-1.4912e-20
-1.49668e-20
-1.50278e-20
-1.50809e-20
-1.5119e-20
-1.51417e-20
-1.51582e-20
-1.51644e-20
-1.51619e-20
-1.51485e-20
-1.5126e-20
-1.51092e-20
-1.50961e-20
-1.50945e-20
-1.51001e-20
-1.51166e-20
-1.51358e-20
-1.51588e-20
-1.51751e-20
-1.51913e-20
-1.52016e-20
-1.52115e-20
-1.52255e-20
-1.52319e-20
-1.52338e-20
-1.52241e-20
-1.52068e-20
-1.5179e-20
-1.51468e-20
-1.51188e-20
-1.50942e-20
-1.50801e-20
-1.50659e-20
-1.50456e-20
-1.50184e-20
-1.49777e-20
-1.49372e-20
-1.48853e-20
-1.48405e-20
-1.48045e-20
-1.47902e-20
-1.47996e-20
-1.48237e-20
-1.48691e-20
-1.49293e-20
-1.49969e-20
-1.50565e-20
-1.51073e-20
-1.51488e-20
-1.51708e-20
-1.51743e-20
-1.51674e-20
-1.51586e-20
-1.51437e-20
-1.51255e-20
-1.51147e-20
-1.51136e-20
-1.51209e-20
-1.51374e-20
-1.51525e-20
-1.51576e-20
-1.51587e-20
-1.51532e-20
-1.51408e-20
-1.51132e-20
-1.50846e-20
-1.50572e-20
-1.50377e-20
-1.50286e-20
-1.50329e-20
-1.50446e-20
-1.50486e-20
-1.50486e-20
-1.50409e-20
-1.50187e-20
-1.49919e-20
-1.49632e-20
-1.4935e-20
-1.49224e-20
-1.49227e-20
-1.49478e-20
-1.49875e-20
-1.50357e-20
-1.50884e-20
-1.51379e-20
-1.51772e-20
-1.52125e-20
-1.52437e-20
-1.52688e-20
-1.52935e-20
-1.53075e-20
-1.53161e-20
-1.53111e-20
-1.52943e-20
-1.52806e-20
-1.52551e-20
-1.52293e-20
-1.5203e-20
-1.51729e-20
-1.51378e-20
-1.50965e-20
-1.50591e-20
-1.50155e-20
-1.49746e-20
-1.49383e-20
-1.48976e-20
-1.4856e-20
-1.48218e-20
-1.48042e-20
-1.48013e-20
-1.48186e-20
-1.48527e-20
-1.49013e-20
-1.49501e-20
-1.50038e-20
-1.5047e-20
-1.50806e-20
-1.511e-20
-1.51306e-20
-1.51442e-20
-1.51532e-20
-1.51547e-20
-1.51401e-20
-1.51182e-20
-1.50925e-20
-1.50638e-20
-1.50409e-20
-1.50289e-20
-1.50219e-20
-1.50261e-20
-1.50362e-20
-1.50616e-20
-1.51015e-20
-1.51529e-20
-1.52138e-20
-1.52709e-20
-1.53129e-20
-1.53363e-20
-1.53477e-20
-1.53449e-20
-1.53363e-20
-1.53136e-20
-1.52836e-20
-1.52531e-20
-1.52137e-20
-1.51671e-20
-1.51165e-20
-1.50788e-20
-1.50593e-20
-1.50463e-20
-1.5044e-20
-1.50452e-20
-1.50437e-20
-1.50416e-20
-1.50368e-20
-1.50336e-20
-1.50272e-20
-1.50219e-20
-1.5028e-20
-1.50424e-20
-1.50495e-20
-1.50515e-20
-1.50491e-20
-1.50378e-20
-1.50203e-20
-1.4998e-20
-1.49899e-20
-1.49946e-20
-1.50125e-20
-1.50381e-20
-1.50699e-20
-1.50997e-20
-1.51262e-20
-1.51454e-20
-1.51604e-20
-1.51657e-20
-1.51607e-20
-1.51554e-20
-1.51391e-20
-1.51162e-20
-1.50939e-20
-1.50711e-20
-1.50525e-20
-1.50419e-20
-1.50523e-20
-1.50704e-20
-1.50927e-20
-1.51221e-20
-1.51418e-20
-1.51571e-20
-1.51623e-20
-1.51539e-20
-1.51294e-20
-1.50919e-20
-1.50489e-20
-1.50013e-20
-1.49657e-20
-1.49318e-20
-1.49153e-20
-1.4916e-20
-1.493e-20
-1.49652e-20
-1.50213e-20
-1.50943e-20
-1.51594e-20
-1.52136e-20
-1.52456e-20
-1.52541e-20
-1.52499e-20
-1.52187e-20
-1.51891e-20
-1.51708e-20
-1.51586e-20
-1.51641e-20
-1.51846e-20
-1.52186e-20
-1.52477e-20
-1.52744e-20
-1.52938e-20
-1.53039e-20
-1.52978e-20
-1.52782e-20
-1.52537e-20
-1.52275e-20
-1.51875e-20
-1.51511e-20
-1.50993e-20
-1.50476e-20
-1.49985e-20
-1.49482e-20
-1.49033e-20
-1.4872e-20
-1.48642e-20
-1.48761e-20
-1.49003e-20
-1.49211e-20
-1.49337e-20
-1.49312e-20
-1.4918e-20
-1.4898e-20
-1.48789e-20
-1.48616e-20
-1.4863e-20
-1.48729e-20
-1.48926e-20
-1.49242e-20
-1.49578e-20
-1.49937e-20
-1.5036e-20
-1.50748e-20
-1.5108e-20
-1.51341e-20
-1.51544e-20
-1.51625e-20
-1.51615e-20
-1.51678e-20
-1.51731e-20
-1.51909e-20
-1.52149e-20
-1.52379e-20
-1.52557e-20
-1.52613e-20
-1.52496e-20
-1.5221e-20
-1.51743e-20
-1.51201e-20
-1.50623e-20
-1.50141e-20
-1.49801e-20
-1.49705e-20
-1.49927e-20
-1.50246e-20
-1.50711e-20
-1.51123e-20
-1.51418e-20
-1.51561e-20
-1.51544e-20
-1.51348e-20
-1.511e-20
-1.50849e-20
-1.50587e-20
-1.50386e-20
-1.50251e-20
-1.5019e-20
-1.5021e-20
-1.50309e-20
-1.504e-20
-1.50561e-20
-1.50863e-20
-1.51181e-20
-1.51513e-20
-1.51871e-20
-1.52145e-20
-1.52332e-20
-1.5236e-20
-1.52225e-20
-1.51869e-20
-1.51366e-20
-1.50782e-20
-1.50166e-20
-1.49604e-20
-1.49221e-20
-1.4895e-20
-1.48733e-20
-1.48695e-20
-1.48784e-20
-1.49016e-20
-1.49303e-20
-1.49667e-20
-1.49992e-20
-1.50253e-20
-1.50386e-20
-1.50419e-20
-1.50318e-20
-1.50119e-20
-1.49856e-20
-1.49635e-20
-1.49404e-20
-1.49295e-20
-1.4923e-20
-1.49256e-20
-1.49423e-20
-1.49629e-20
-1.49895e-20
-1.50253e-20
-1.5071e-20
-1.51102e-20
-1.51456e-20
-1.51795e-20
-1.521e-20
-1.52453e-20
-1.52755e-20
-1.53037e-20
-1.53251e-20
-1.53345e-20
-1.53392e-20
-1.53392e-20
-1.53356e-20
-1.53297e-20
-1.53203e-20
-1.53155e-20
-1.53025e-20
-1.53064e-20
-1.53108e-20
-1.53127e-20
-1.53136e-20
-1.53016e-20
-1.52832e-20
-1.52459e-20
-1.51887e-20
-1.51233e-20
-1.50501e-20
-1.49656e-20
-1.48932e-20
-1.48334e-20
-1.47842e-20
-1.47556e-20
-1.47343e-20
-1.47252e-20
-1.47338e-20
-1.47543e-20
-1.47828e-20
-1.48189e-20
-1.48542e-20
-1.4875e-20
-1.48901e-20
-1.48976e-20
-1.49053e-20
-1.49065e-20
-1.49149e-20
-1.49213e-20
-1.493e-20
-1.49418e-20
-1.49607e-20
-1.49916e-20
-1.50281e-20
-1.50685e-20
-1.51162e-20
-1.51678e-20
