95.1836
92.3799
87.6692
81.2096
73.2462
64.1647
54.5099
44.9647
36.2888
29.2025
24.2511
21.6897
21.4441
23.1528
26.2672
30.1703
34.2804
38.1181
41.3343
43.7218
45.2063
45.8289
45.7231
45.0985
44.1977
43.2785
42.5741
42.267
42.4677
43.2042
44.4288
46.0317
47.8693
49.7883
51.6563
53.3719
54.8722
56.1312
57.1412
57.8999
58.393
58.6004
58.4939
58.0489
57.2478
56.093
54.6146
52.8791
50.9783
49.0244
151.355
144.471
135.542
125.202
114.342
104.049
95.4077
89.1915
85.6076
84.3343
84.794
86.4174
88.7177
91.2652
93.6522
95.5349
96.7058
97.148
97.0259
96.5917
96.086
95.6718
95.4479
95.4896
95.8763
96.7043
98.0526
99.9301
102.228
104.73
107.178
109.362
111.165
112.559
113.551
114.172
114.477
114.551
114.489
114.348
114.071
113.497
112.42
110.679
108.234
105.222
101.95
98.8384
96.3182
94.6898
79.349
80.1673
81.8585
84.0189
86.3179
88.5804
90.8094
93.138
95.7188
98.6091
101.693
104.698
107.277
109.102
109.971
109.839
108.813
107.134
105.135
103.169
101.538
100.443
99.9333
99.9122
100.185
100.503
100.631
100.396
99.728
98.6705
97.375
96.0612
94.9691
94.3133
94.2475
94.839
96.0333
97.6216
99.2403
100.43
100.769
100.018
98.2031
95.6247
92.7635
90.0998
87.9587
86.4487
85.5157
85.048
83.781
84.1
84.7997
85.8917
87.3723
89.1963
91.2392
93.3038
95.176
96.6839
97.7622
98.4755
98.9883
99.5036
100.206
101.208
102.543
104.149
105.885
107.556
108.949
109.878
110.208
109.849
108.798
107.133
105.018
102.66
100.271
98.0349
96.0711
94.4425
93.1617
92.2149
91.5704
91.1662
90.9225
90.7564
90.6315
90.598
90.7848
91.3222
92.2346
93.3897
94.5632
95.5595
96.2916
96.7543
96.988
97.0443
95.5701
95.5605
95.6858
96.0405
96.701
97.7151
99.0617
100.584
102.018
103.074
103.547
103.386
102.66
101.49
100.024
98.4121
96.8124
95.3871
94.2683
93.5386
93.2069
93.2028
93.4049
93.6665
93.8487
93.8746
93.7785
93.7022
93.845
94.3636
95.2946
96.5199
97.7991
98.8473
99.4271
99.4228
98.848
97.7976
96.3894
94.7318
92.9241
91.0872
89.3819
87.9933
87.1139
86.8857
87.3633
88.5205
90.2494
92.3951
94.7786
97.1984
99.4464
101.326
102.69
103.464
103.641
103.259
102.349
100.925
98.994
96.6078
93.8916
91.0862
88.5265
86.5835
85.5671
85.6398
86.7663
88.7457
91.2901
94.1155
96.9776
99.6533
101.915
103.549
104.391
104.378
103.562
102.106
100.25
98.2872
96.5061
95.1262
94.2427
93.8158
93.6993
93.7408
93.8744
94.167
94.8008
95.9509
97.6439
99.6972
101.803
103.674
105.133
106.107
106.584
106.568
106.058
105.062
103.61
101.771
99.6562
97.4392
95.3387
93.5801
92.3289
91.6381
91.4074
91.4122
91.3706
91.0454
90.3253
89.2719
88.106
87.1477
86.7231
87.0512
88.1708
89.9206
91.9963
94.0625
95.869
97.2837
98.2831
98.8836
99.1153
98.9999
98.585
97.9697
97.3116
96.7941
96.5813
96.7475
97.2451
97.931
98.6402
99.2748
99.8218
100.325
100.812
101.26
101.561
101.589
101.238
100.494
99.4513
98.3067
97.2753
96.5044
95.9864
95.5647
95.0222
94.184
92.9735
91.4432
89.7501
88.1253
86.8311
86.104
86.1108
86.9128
88.4413
90.5082
92.8405
95.136
97.1269
98.6176
99.5164
99.8347
99.6792
99.2063
98.5972
98.0278
97.6319
97.4806
97.5741
97.8493
98.2016
98.5059
98.6154
98.4067
97.8336
96.9589
95.9639
95.0755
94.4813
94.2671
94.3995
94.7278
95.0376
95.1207
94.8432
94.185
93.248
92.2201
91.3351
90.8267
90.8891
91.6188
92.9475
94.6401
96.3935
97.9816
99.3197
100.443
101.427
102.313
103.069
103.619
103.887
103.839
103.498
102.933
102.215
101.383
100.448
99.3821
98.1799
96.8688
95.5077
94.1518
92.8029
91.4082
89.9432
88.5035
87.2975
86.5543
86.428
86.9498
88.0439
89.5606
91.2911
93.0104
94.5421
95.8094
96.8199
97.6037
98.1505
98.4027
98.3031
97.8463
97.1082
96.2217
95.3459
94.6494
94.2495
94.1709
94.368
94.8283
95.6484
96.98
98.8131
100.882
102.786
104.205
105.022
105.286
105.122
104.659
103.979
103.108
102.044
100.781
99.3712
97.959
96.7608
95.9633
95.6151
95.5996
95.7093
95.7469
95.6032
95.2812
94.8635
94.4692
94.2069
94.1331
94.2355
94.4228
94.5525
94.5005
94.2257
93.7982
93.3811
93.1682
93.3128
93.8802
94.8118
95.9414
97.0536
97.9669
98.587
98.9206
99.0195
98.9054
98.5732
98.0289
97.3151
96.5273
95.7961
95.2654
95.0627
95.2538
95.8234
96.6608
97.5872
98.3973
98.9034
98.967
98.5243
97.5956
96.299
94.8194
93.3627
92.1108
91.1969
90.719
90.7664
91.4289
92.7429
94.6161
96.8028
98.9477
100.684
101.734
101.979
101.492
100.519
99.4098
98.5437
98.2065
98.505
99.3716
100.609
101.962
103.191
104.116
104.641
104.724
104.378
103.637
102.537
101.117
99.4179
97.5026
95.4444
93.3368
91.3298
89.6404
88.5236
88.1625
88.533
89.3572
90.2135
90.7429
90.7821
90.3632
89.6504
88.8758
88.2805
88.0566
88.3172
89.0615
90.1985
91.5842
93.084
94.5895
96.0138
97.2584
98.2026
98.7766
99.0173
99.0912
99.2225
99.594
100.259
101.114
101.954
102.556
102.733
102.365
101.417
99.9377
98.0606
96.021
94.1433
92.7772
92.1814
92.4169
93.3146
94.5541
95.7931
96.7576
97.2916
97.3561
97.0076
96.3783
95.632
94.9285
94.3878
94.0496
93.9061
93.9328
94.1452
94.603
95.3753
96.4829
97.859
99.3517
100.756
101.86
102.481
102.482
101.795
100.435
98.5069
96.221
93.8696
91.7417
90.0584
88.9096
88.2802
88.1212
88.4087
89.1324
90.2371
91.5727
92.9048
93.9808
94.6091
94.7043
94.3043
93.5419
92.6144
91.7283
91.0385
90.6215
90.4834
90.6125
91.017
91.7314
92.7694
94.0825
95.548
97.016
98.3805
99.6187
100.782
101.915
102.987
103.894
104.521
104.825
104.872
104.803
104.748
104.756
104.793
104.789
104.699
104.548
104.398
104.283
104.149
103.841
103.161
101.962
100.207
97.9863
95.5032
93.0008
90.6898
88.7144
87.1434
85.9812
85.2116
84.8077
84.7503
84.9996
85.4715
86.0397
86.5829
87.0496
87.4851
87.9882
88.6333
89.4114
90.2422
91.047
91.8093
92.5848
93.4638
94.5155
95.7452
97.0955
98.4718
99.7753
