-1.5053e-20
-1.50372e-20
-1.49997e-20
-1.49555e-20
-1.4929e-20
-1.49076e-20
-1.48938e-20
-1.48872e-20
-1.4882e-20
-1.48779e-20
-1.48801e-20
-1.48862e-20
-1.48893e-20
-1.48912e-20
-1.48942e-20
-1.48962e-20
-1.48975e-20
-1.48924e-20
-1.48874e-20
-1.4887e-20
-1.48896e-20
-1.48859e-20
-1.48849e-20
-1.48838e-20
-1.4887e-20
-1.48888e-20
-1.48897e-20
-1.48984e-20
-1.48977e-20
-1.49043e-20
-1.49114e-20
-1.4913e-20
-1.49135e-20
-1.49142e-20
-1.49161e-20
-1.49155e-20
-1.49149e-20
-1.492e-20
-1.49171e-20
-1.4912e-20
-1.4912e-20
-1.49126e-20
-1.49124e-20
-1.4907e-20
-1.49023e-20
-1.49043e-20
-1.49005e-20
-1.49021e-20
-1.48996e-20
-1.49026e-20
-1.18706e-20
-1.18554e-20
-1.18468e-20
-1.18462e-20
-1.1842e-20
-1.18373e-20
-1.18419e-20
-1.18464e-20
-1.18492e-20
-1.18564e-20
-1.18633e-20
-1.18643e-20
-1.18678e-20
-1.18715e-20
-1.1869e-20
-1.18642e-20
-1.18584e-20
-1.18587e-20
-1.18575e-20
-1.18592e-20
-1.18615e-20
-1.18619e-20
-1.18619e-20
-1.18598e-20
-1.18675e-20
-1.18667e-20
-1.18609e-20
-1.18638e-20
-1.1861e-20
-1.18641e-20
-1.18606e-20
-1.18597e-20
-1.18607e-20
-1.18522e-20
-1.18533e-20
-1.18582e-20
-1.18589e-20
-1.18613e-20
-1.18626e-20
-1.18594e-20
-1.1861e-20
-1.18584e-20
-1.18559e-20
-1.18539e-20
-1.18528e-20
-1.18501e-20
-1.185e-20
-1.18555e-20
-1.18548e-20
-1.18554e-20
-1.22848e-20
-1.22877e-20
-1.22881e-20
-1.22859e-20
-1.22852e-20
-1.22821e-20
-1.22844e-20
-1.22915e-20
-1.22961e-20
-1.22998e-20
-1.22992e-20
-1.23007e-20
-1.22967e-20
-1.22913e-20
-1.22884e-20
-1.2282e-20
-1.22835e-20
-1.22865e-20
-1.22876e-20
-1.22868e-20
-1.22888e-20
-1.2289e-20
-1.22928e-20
-1.2291e-20
-1.22936e-20
-1.22919e-20
-1.22867e-20
-1.22884e-20
-1.22828e-20
-1.22782e-20
-1.22845e-20
-1.22811e-20
-1.22792e-20
-1.22851e-20
-1.2292e-20
-1.22932e-20
-1.22939e-20
-1.22952e-20
-1.22946e-20
-1.22949e-20
-1.22832e-20
-1.22764e-20
-1.22708e-20
-1.22664e-20
-1.22701e-20
-1.2272e-20
-1.22737e-20
-1.22791e-20
-1.22762e-20
-1.22766e-20
-1.23124e-20
-1.23134e-20
-1.23131e-20
-1.23164e-20
-1.23189e-20
-1.23205e-20
-1.23215e-20
-1.23205e-20
-1.23226e-20
-1.23214e-20
-1.2321e-20
-1.23224e-20
-1.23243e-20
-1.2329e-20
-1.23378e-20
-1.23402e-20
-1.23396e-20
-1.2338e-20
-1.23337e-20
-1.23346e-20
-1.23365e-20
-1.23313e-20
-1.23294e-20
-1.23259e-20
-1.23329e-20
-1.23292e-20
-1.23282e-20
-1.23278e-20
-1.23251e-20
-1.23258e-20
-1.2326e-20
-1.23255e-20
-1.23258e-20
-1.23252e-20
-1.23231e-20
-1.23214e-20
-1.23173e-20
-1.23167e-20
-1.23139e-20
-1.23195e-20
-1.23218e-20
-1.23258e-20
-1.2326e-20
-1.23256e-20
-1.23239e-20
-1.2324e-20
-1.23246e-20
-1.23225e-20
-1.23204e-20
-1.23156e-20
-1.23571e-20
-1.23551e-20
-1.23564e-20
-1.23549e-20
-1.23565e-20
-1.23597e-20
-1.23627e-20
-1.23621e-20
-1.23658e-20
-1.2363e-20
-1.23613e-20
-1.2361e-20
-1.23619e-20
-1.23645e-20
-1.23624e-20
-1.23622e-20
-1.23552e-20
-1.23566e-20
-1.23576e-20
-1.23609e-20
-1.23597e-20
-1.2356e-20
-1.23549e-20
-1.23541e-20
-1.23523e-20
-1.23563e-20
-1.23554e-20
-1.23617e-20
-1.23641e-20
-1.23638e-20
-1.23671e-20
-1.23668e-20
-1.23695e-20
-1.23691e-20
-1.23675e-20
-1.23658e-20
-1.23657e-20
-1.23631e-20
-1.23622e-20
-1.23558e-20
-1.23563e-20
-1.23557e-20
-1.23615e-20
-1.23584e-20
-1.23579e-20
-1.23628e-20
-1.23663e-20
-1.23629e-20
-1.23665e-20
-1.23703e-20
-1.23728e-20
-1.2369e-20
-1.2363e-20
-1.23595e-20
-1.23594e-20
-1.23563e-20
-1.23568e-20
-1.23539e-20
-1.23509e-20
-1.2348e-20
-1.23473e-20
-1.23484e-20
-1.2347e-20
-1.23488e-20
-1.23523e-20
-1.23568e-20
-1.23598e-20
-1.23622e-20
-1.23627e-20
-1.23669e-20
-1.23702e-20
-1.23654e-20
-1.23665e-20
-1.23671e-20
-1.23692e-20
-1.23693e-20
-1.23625e-20
-1.23572e-20
-1.23589e-20
-1.23574e-20
-1.23568e-20
-1.23577e-20
-1.23608e-20
-1.23629e-20
-1.23643e-20
-1.23595e-20
-1.23572e-20
-1.23612e-20
-1.23592e-20
-1.23651e-20
-1.23649e-20
-1.23701e-20
-1.23678e-20
-1.23683e-20
-1.23702e-20
-1.23729e-20
-1.23708e-20
-1.23695e-20
-1.23652e-20
-1.23638e-20
-1.23639e-20
-1.23655e-20
-1.23651e-20
-1.23648e-20
-1.23657e-20
-1.23591e-20
-1.23575e-20
-1.23529e-20
-1.23551e-20
-1.23588e-20
-1.23598e-20
-1.23601e-20
-1.23582e-20
-1.23535e-20
-1.23517e-20
-1.23503e-20
-1.23549e-20
-1.23509e-20
-1.23572e-20
-1.23572e-20
-1.23593e-20
-1.23657e-20
-1.23624e-20
-1.23656e-20
-1.23683e-20
-1.23671e-20
-1.23623e-20
-1.23627e-20
-1.23631e-20
-1.23644e-20
-1.2363e-20
-1.23576e-20
-1.23586e-20
-1.23585e-20
-1.23611e-20
-1.23599e-20
-1.23606e-20
-1.23593e-20
-1.23621e-20
-1.2361e-20
-1.23629e-20
-1.23606e-20
-1.23584e-20
-1.23611e-20
-1.23599e-20
-1.23612e-20
-1.23608e-20
-1.23635e-20
-1.23637e-20
-1.23623e-20
-1.23621e-20
-1.23585e-20
-1.23589e-20
-1.23573e-20
-1.23537e-20
-1.23519e-20
-1.23472e-20
-1.23517e-20
-1.23487e-20
-1.23501e-20
-1.235e-20
-1.23549e-20
-1.23623e-20
-1.23616e-20
-1.23619e-20
-1.23622e-20
-1.23632e-20
-1.23581e-20
-1.23539e-20
-1.23552e-20
-1.23542e-20
-1.23512e-20
-1.23509e-20
-1.2357e-20
-1.23599e-20
-1.23574e-20
-1.23566e-20
-1.23581e-20
-1.23609e-20
-1.23679e-20
-1.23715e-20
-1.23668e-20
-1.23638e-20
-1.23635e-20
-1.23668e-20
-1.2364e-20
-1.23639e-20
-1.23624e-20
-1.23604e-20
-1.23579e-20
-1.23587e-20
-1.23612e-20
-1.23564e-20
-1.2354e-20
-1.23543e-20
-1.23512e-20
-1.23514e-20
-1.23522e-20
-1.23493e-20
-1.23514e-20
-1.23503e-20
-1.23551e-20
-1.23573e-20
-1.23572e-20
-1.23592e-20
-1.23622e-20
-1.23622e-20
-1.23646e-20
-1.23672e-20
-1.23669e-20
-1.23701e-20
-1.23686e-20
-1.23699e-20
-1.23668e-20
-1.23602e-20
-1.23633e-20
-1.23593e-20
-1.23582e-20
-1.23601e-20
-1.23619e-20
-1.23623e-20
-1.23592e-20
-1.23607e-20
-1.2355e-20
-1.23513e-20
-1.23533e-20
-1.23531e-20
-1.23519e-20
-1.23522e-20
-1.23567e-20
-1.23585e-20
-1.23618e-20
-1.23648e-20
-1.23694e-20
-1.23675e-20
-1.23708e-20
-1.23693e-20
-1.23663e-20
-1.2367e-20
-1.23657e-20
-1.23642e-20
-1.23662e-20
-1.23704e-20
-1.2368e-20
-1.2366e-20
-1.23643e-20
-1.23594e-20
-1.23557e-20
-1.23551e-20
-1.23508e-20
-1.235e-20
-1.23479e-20
-1.23513e-20
-1.23551e-20
-1.23562e-20
-1.236e-20
-1.23641e-20
-1.23662e-20
-1.2366e-20
-1.23691e-20
-1.23696e-20
-1.23726e-20
-1.23676e-20
-1.23611e-20
-1.23605e-20
-1.23576e-20
-1.23529e-20
-1.23451e-20
-1.23445e-20
-1.2351e-20
-1.23507e-20
-1.23508e-20
-1.23495e-20
-1.23462e-20
-1.23465e-20
-1.23483e-20
-1.23541e-20
-1.23558e-20
-1.23549e-20
-1.23598e-20
-1.23683e-20
-1.23675e-20
-1.23641e-20
-1.23626e-20
-1.23597e-20
-1.23558e-20
-1.23473e-20
-1.23474e-20
-1.235e-20
-1.23535e-20
-1.23536e-20
-1.23539e-20
-1.23521e-20
-1.23521e-20
-1.23528e-20
-1.23572e-20
-1.23587e-20
-1.23566e-20
-1.2361e-20
-1.23611e-20
-1.236e-20
-1.23621e-20
-1.23625e-20
-1.23618e-20
-1.23599e-20
-1.23677e-20
-1.23717e-20
-1.23709e-20
-1.23725e-20
-1.23655e-20
-1.23609e-20
-1.2358e-20
-1.23564e-20
-1.23542e-20
-1.23518e-20
-1.23513e-20
-1.23478e-20
-1.23522e-20
-1.23496e-20
-1.23524e-20
-1.23571e-20
-1.23562e-20
-1.2356e-20
-1.23583e-20
-1.23662e-20
-1.23656e-20
-1.23647e-20
-1.2361e-20
-1.23572e-20
-1.23626e-20
-1.23565e-20
-1.23572e-20
-1.23641e-20
-1.23636e-20
-1.23638e-20
-1.23636e-20
-1.23671e-20
-1.23633e-20
-1.23611e-20
-1.23608e-20
-1.23625e-20
-1.23599e-20
-1.23546e-20
-1.23531e-20
-1.23568e-20
-1.23526e-20
-1.23573e-20
-1.2351e-20
-1.23485e-20
-1.23506e-20
-1.23503e-20
-1.23484e-20
-1.23465e-20
-1.23492e-20
-1.2353e-20
-1.23573e-20
-1.23568e-20
-1.23564e-20
-1.23536e-20
-1.23526e-20
-1.23528e-20
-1.23559e-20
-1.2356e-20
-1.23646e-20
-1.23682e-20
-1.23679e-20
-1.23688e-20
-1.23649e-20
-1.23606e-20
-1.23626e-20
-1.23631e-20
-1.23618e-20
-1.23603e-20
-1.23622e-20
-1.23614e-20
-1.23574e-20
-1.23607e-20
-1.23571e-20
-1.23579e-20
-1.23589e-20
-1.23586e-20
-1.23591e-20
-1.23592e-20
-1.23575e-20
-1.23559e-20
-1.23516e-20
-1.23508e-20
-1.23502e-20
-1.23529e-20
-1.23529e-20
-1.23532e-20
-1.23606e-20
-1.2359e-20
-1.23637e-20
-1.23652e-20
-1.23653e-20
-1.23651e-20
-1.23651e-20
-1.2361e-20
-1.2361e-20
-1.23647e-20
-1.23652e-20
-1.23652e-20
-1.23638e-20
-1.23623e-20
-1.23628e-20
-1.23662e-20
-1.23632e-20
-1.23603e-20
-1.23639e-20
-1.2363e-20
-1.23601e-20
-1.23612e-20
-1.23603e-20
-1.23619e-20
-1.23624e-20
-1.23636e-20
-1.23598e-20
-1.23563e-20
-1.23549e-20
-1.23535e-20
-1.23536e-20
-1.23614e-20
-1.23672e-20
-1.23648e-20
-1.23676e-20
-1.23703e-20
-1.23751e-20
-1.23746e-20
-1.23749e-20
-1.23709e-20
-1.2367e-20
-1.2362e-20
-1.23606e-20
-1.23588e-20
-1.23566e-20
-1.23527e-20
-1.2353e-20
-1.23484e-20
-1.23498e-20
-1.2349e-20
-1.23504e-20
-1.23585e-20
-1.23623e-20
-1.23632e-20
-1.23654e-20
-1.23723e-20
-1.23714e-20
-1.23689e-20
-1.23679e-20
-1.23656e-20
-1.23685e-20
-1.23669e-20
-1.23664e-20
-1.23656e-20
-1.23618e-20
-1.23618e-20
-1.23628e-20
-1.23633e-20
-1.23632e-20
-1.23609e-20
-1.23638e-20
-1.23575e-20
-1.23645e-20
-1.23672e-20
-1.23643e-20
-1.23623e-20
-1.23553e-20
-1.23559e-20
-1.23549e-20
-1.23511e-20
-1.23529e-20
-1.23547e-20
-1.23462e-20
-1.23447e-20
-1.23466e-20
-1.23471e-20
-1.23551e-20
-1.23565e-20
-1.23558e-20
-1.2358e-20
-1.23578e-20
-1.23543e-20
-1.23529e-20
-1.2353e-20
-1.23475e-20
-1.23479e-20
-1.23501e-20
-1.23572e-20
-1.23581e-20
-1.23642e-20
-1.23659e-20
-1.2367e-20
-1.23668e-20
-1.23669e-20
-1.23701e-20
-1.23695e-20
-1.2365e-20
-1.23631e-20
-1.23644e-20
