-1.29856e-20
-1.2916e-20
-1.2791e-20
-1.26249e-20
-1.24406e-20
-1.22368e-20
-1.20268e-20
-1.18242e-20
-1.16408e-20
-1.1491e-20
-1.13901e-20
-1.13415e-20
-1.13387e-20
-1.13755e-20
-1.14422e-20
-1.15245e-20
-1.16105e-20
-1.16863e-20
-1.17492e-20
-1.17984e-20
-1.18311e-20
-1.18412e-20
-1.18383e-20
-1.18245e-20
-1.18083e-20
-1.17905e-20
-1.17766e-20
-1.17766e-20
-1.17803e-20
-1.18004e-20
-1.18309e-20
-1.18653e-20
-1.19036e-20
-1.19439e-20
-1.1984e-20
-1.20191e-20
-1.20497e-20
-1.20796e-20
-1.20984e-20
-1.21103e-20
-1.21205e-20
-1.21252e-20
-1.21229e-20
-1.21097e-20
-1.20897e-20
-1.20672e-20
-1.20339e-20
-1.19991e-20
-1.19579e-20
-1.19196e-20
-1.18203e-20
-1.16666e-20
-1.14754e-20
-1.12609e-20
-1.10329e-20
-1.08162e-20
-1.06407e-20
-1.05153e-20
-1.04431e-20
-1.04219e-20
-1.04365e-20
-1.04709e-20
-1.05211e-20
-1.05765e-20
-1.06241e-20
-1.06596e-20
-1.06796e-20
-1.0689e-20
-1.06856e-20
-1.06779e-20
-1.06691e-20
-1.06608e-20
-1.06561e-20
-1.06555e-20
-1.06691e-20
-1.06857e-20
-1.07094e-20
-1.07503e-20
-1.07959e-20
-1.085e-20
-1.08981e-20
-1.09427e-20
-1.09808e-20
-1.10034e-20
-1.10248e-20
-1.10412e-20
-1.10481e-20
-1.10514e-20
-1.1051e-20
-1.10457e-20
-1.10411e-20
-1.10274e-20
-1.10033e-20
-1.09657e-20
-1.09143e-20
-1.08499e-20
-1.07821e-20
-1.07217e-20
-1.0669e-20
-1.06357e-20
-1.06322e-20
-1.06513e-20
-1.06866e-20
-1.07298e-20
-1.07769e-20
-1.08214e-20
-1.08693e-20
-1.09227e-20
-1.09795e-20
-1.1042e-20
-1.11055e-20
-1.11688e-20
-1.12193e-20
-1.12531e-20
-1.1269e-20
-1.12616e-20
-1.12414e-20
-1.12089e-20
-1.11683e-20
-1.1127e-20
-1.10947e-20
-1.10722e-20
-1.10649e-20
-1.10626e-20
-1.10702e-20
-1.10755e-20
-1.10743e-20
-1.10707e-20
-1.10528e-20
-1.10275e-20
-1.10048e-20
-1.09756e-20
-1.09516e-20
-1.09423e-20
-1.09461e-20
-1.09591e-20
-1.09844e-20
-1.10177e-20
-1.10514e-20
-1.10762e-20
-1.10747e-20
-1.10541e-20
-1.10124e-20
-1.09558e-20
-1.08992e-20
-1.08449e-20
-1.08029e-20
-1.07751e-20
-1.07541e-20
-1.07437e-20
-1.07426e-20
-1.075e-20
-1.07642e-20
-1.07898e-20
-1.08217e-20
-1.08606e-20
-1.09032e-20
-1.09452e-20
-1.09861e-20
-1.10164e-20
-1.10384e-20
-1.10542e-20
-1.10663e-20
-1.10804e-20
-1.11003e-20
-1.11233e-20
-1.11511e-20
-1.11826e-20
-1.12154e-20
-1.12507e-20
-1.12815e-20
-1.12964e-20
-1.13018e-20
-1.12924e-20
-1.12757e-20
-1.12385e-20
-1.11945e-20
-1.11454e-20
-1.10934e-20
-1.10476e-20
-1.10054e-20
-1.09719e-20
-1.09472e-20
-1.09266e-20
-1.09117e-20
-1.09021e-20
-1.08952e-20
-1.08897e-20
-1.08856e-20
-1.0889e-20
-1.0895e-20
-1.09091e-20
-1.09271e-20
-1.09513e-20
-1.09748e-20
-1.0995e-20
-1.10106e-20
-1.10181e-20
-1.10225e-20
-1.10196e-20
-1.10219e-20
-1.10198e-20
-1.10228e-20
-1.10301e-20
-1.10456e-20
-1.10663e-20
-1.10985e-20
-1.1129e-20
-1.11614e-20
-1.11828e-20
-1.11896e-20
-1.11861e-20
-1.11732e-20
-1.11493e-20
-1.1118e-20
-1.10845e-20
-1.10473e-20
-1.10193e-20
-1.09953e-20
-1.09832e-20
-1.0976e-20
-1.09727e-20
-1.09761e-20
-1.09799e-20
-1.09828e-20
-1.09857e-20
-1.09836e-20
-1.0986e-20
-1.09907e-20
-1.10013e-20
-1.1024e-20
-1.10487e-20
-1.10776e-20
-1.10975e-20
-1.11089e-20
-1.11086e-20
-1.10962e-20
-1.10725e-20
-1.10427e-20
-1.10032e-20
-1.09666e-20
-1.09276e-20
-1.0896e-20
-1.08654e-20
-1.08474e-20
-1.08468e-20
-1.08581e-20
-1.08802e-20
-1.09175e-20
-1.09648e-20
-1.1015e-20
-1.10638e-20
-1.11082e-20
-1.11424e-20
-1.1169e-20
-1.11848e-20
-1.11889e-20
-1.11788e-20
-1.11573e-20
-1.11267e-20
-1.10857e-20
-1.10371e-20
-1.09798e-20
-1.09235e-20
-1.08736e-20
-1.08355e-20
-1.08166e-20
-1.08194e-20
-1.08442e-20
-1.08871e-20
-1.09417e-20
-1.09979e-20
-1.1058e-20
-1.11139e-20
-1.11612e-20
-1.11962e-20
-1.12103e-20
-1.12056e-20
-1.1191e-20
-1.11576e-20
-1.11176e-20
-1.10786e-20
-1.10451e-20
-1.1017e-20
-1.09992e-20
-1.09884e-20
-1.09827e-20
-1.09865e-20
-1.09895e-20
-1.09982e-20
-1.10112e-20
-1.10388e-20
-1.10722e-20
-1.11157e-20
-1.11612e-20
-1.12014e-20
-1.12306e-20
-1.12492e-20
-1.12559e-20
-1.12556e-20
-1.12446e-20
-1.12246e-20
-1.11936e-20
-1.11575e-20
-1.11123e-20
-1.10605e-20
-1.10186e-20
-1.09777e-20
-1.09529e-20
-1.09419e-20
-1.09378e-20
-1.09376e-20
-1.09358e-20
-1.09251e-20
-1.09083e-20
-1.0886e-20
-1.08657e-20
-1.08445e-20
-1.08382e-20
-1.08461e-20
-1.08703e-20
-1.09124e-20
-1.09529e-20
-1.09965e-20
-1.10348e-20
-1.10664e-20
-1.1082e-20
-1.10947e-20
-1.10993e-20
-1.10989e-20
-1.10882e-20
-1.10725e-20
-1.10584e-20
-1.10487e-20
-1.10462e-20
-1.10466e-20
-1.10591e-20
-1.10724e-20
-1.10875e-20
-1.11005e-20
-1.11149e-20
-1.11231e-20
-1.1131e-20
-1.11444e-20
-1.11507e-20
-1.11501e-20
-1.1142e-20
-1.11274e-20
-1.11065e-20
-1.10839e-20
-1.10614e-20
-1.10433e-20
-1.10324e-20
-1.10226e-20
-1.10087e-20
-1.09901e-20
-1.09627e-20
-1.09326e-20
-1.08953e-20
-1.08631e-20
-1.08368e-20
-1.08247e-20
-1.08292e-20
-1.08458e-20
-1.08788e-20
-1.09213e-20
-1.09693e-20
-1.10122e-20
-1.10525e-20
-1.10849e-20
-1.11022e-20
-1.11072e-20
-1.11042e-20
-1.10977e-20
-1.1085e-20
-1.1073e-20
-1.10642e-20
-1.10621e-20
-1.10677e-20
-1.10769e-20
-1.10853e-20
-1.10897e-20
-1.10914e-20
-1.10858e-20
-1.10748e-20
-1.10552e-20
-1.10324e-20
-1.10156e-20
-1.1004e-20
-1.09961e-20
-1.09983e-20
-1.10048e-20
-1.10093e-20
-1.10087e-20
-1.10033e-20
-1.09873e-20
-1.09686e-20
-1.09495e-20
-1.09285e-20
-1.09206e-20
-1.09227e-20
-1.09387e-20
-1.09688e-20
-1.10032e-20
-1.10399e-20
-1.10723e-20
-1.11038e-20
-1.11294e-20
-1.11495e-20
-1.11677e-20
-1.11846e-20
-1.11976e-20
-1.1203e-20
-1.12025e-20
-1.11895e-20
-1.11785e-20
-1.11607e-20
-1.11433e-20
-1.11258e-20
-1.1104e-20
-1.10809e-20
-1.10504e-20
-1.10211e-20
-1.09904e-20
-1.09608e-20
-1.09339e-20
-1.09019e-20
-1.08723e-20
-1.08481e-20
-1.08344e-20
-1.08359e-20
-1.08469e-20
-1.08727e-20
-1.09059e-20
-1.0944e-20
-1.09783e-20
-1.10106e-20
-1.10347e-20
-1.1053e-20
-1.10714e-20
-1.10811e-20
-1.10862e-20
-1.10877e-20
-1.10781e-20
-1.10597e-20
-1.10406e-20
-1.10189e-20
-1.10008e-20
-1.0991e-20
-1.09873e-20
-1.09914e-20
-1.1001e-20
-1.102e-20
-1.10482e-20
-1.10875e-20
-1.11336e-20
-1.11771e-20
-1.12074e-20
-1.12242e-20
-1.12308e-20
-1.12293e-20
-1.12219e-20
-1.12047e-20
-1.11831e-20
-1.11585e-20
-1.11309e-20
-1.10972e-20
-1.10655e-20
-1.1036e-20
-1.10247e-20
-1.10179e-20
-1.1018e-20
-1.10181e-20
-1.10191e-20
-1.10142e-20
-1.10093e-20
-1.10044e-20
-1.09975e-20
-1.09935e-20
-1.0995e-20
-1.10006e-20
-1.10072e-20
-1.10043e-20
-1.10038e-20
-1.09955e-20
-1.09844e-20
-1.09717e-20
-1.09658e-20
-1.09664e-20
-1.09806e-20
-1.10032e-20
-1.10289e-20
-1.10517e-20
-1.10684e-20
-1.10838e-20
-1.10934e-20
-1.1094e-20
-1.10928e-20
-1.10828e-20
-1.10743e-20
-1.10598e-20
-1.10451e-20
-1.10329e-20
-1.10192e-20
-1.10126e-20
-1.10228e-20
-1.10395e-20
-1.10573e-20
-1.1078e-20
-1.10863e-20
-1.10959e-20
-1.10936e-20
-1.10849e-20
-1.10653e-20
-1.10352e-20
-1.10007e-20
-1.09681e-20
-1.09449e-20
-1.09274e-20
-1.09185e-20
-1.09217e-20
-1.09352e-20
-1.09626e-20
-1.10034e-20
-1.10522e-20
-1.10993e-20
-1.11303e-20
-1.11515e-20
-1.11571e-20
-1.11484e-20
-1.11233e-20
-1.11058e-20
-1.10904e-20
-1.10804e-20
-1.10857e-20
-1.11052e-20
-1.11302e-20
-1.11609e-20
-1.11837e-20
-1.12043e-20
-1.12175e-20
-1.12145e-20
-1.12033e-20
-1.11839e-20
-1.11663e-20
-1.11347e-20
-1.11001e-20
-1.10584e-20
-1.1014e-20
-1.09725e-20
-1.09293e-20
-1.08931e-20
-1.08687e-20
-1.08612e-20
-1.0875e-20
-1.08915e-20
-1.0911e-20
-1.09194e-20
-1.09197e-20
-1.09102e-20
-1.08962e-20
-1.08824e-20
-1.08697e-20
-1.08692e-20
-1.08783e-20
-1.08941e-20
-1.09183e-20
-1.09441e-20
-1.09764e-20
-1.10069e-20
-1.10335e-20
-1.10609e-20
-1.10797e-20
-1.10881e-20
-1.10904e-20
-1.10929e-20
-1.10982e-20
-1.11065e-20
-1.11208e-20
-1.11365e-20
-1.11563e-20
-1.11697e-20
-1.11739e-20
-1.11624e-20
-1.11421e-20
-1.11078e-20
-1.10657e-20
-1.10256e-20
-1.09848e-20
-1.09584e-20
-1.0951e-20
-1.0957e-20
-1.0975e-20
-1.10021e-20
-1.10284e-20
-1.10514e-20
-1.10609e-20
-1.10619e-20
-1.10523e-20
-1.10405e-20
-1.10271e-20
-1.10171e-20
-1.10063e-20
-1.0996e-20
-1.09934e-20
-1.09921e-20
-1.0998e-20
-1.1007e-20
-1.1021e-20
-1.10436e-20
-1.10703e-20
-1.11034e-20
-1.1131e-20
-1.11546e-20
-1.11668e-20
-1.11671e-20
-1.11557e-20
-1.11246e-20
-1.10805e-20
-1.10333e-20
-1.09832e-20
-1.0942e-20
-1.09104e-20
-1.08888e-20
-1.08757e-20
-1.0876e-20
-1.08839e-20
-1.08998e-20
-1.0926e-20
-1.09517e-20
-1.09769e-20
-1.09968e-20
-1.1006e-20
-1.10085e-20
-1.09988e-20
-1.09803e-20
-1.09589e-20
-1.09392e-20
-1.09249e-20
-1.09163e-20
-1.09124e-20
-1.09156e-20
-1.09268e-20
-1.09449e-20
-1.09692e-20
-1.09952e-20
-1.10263e-20
-1.10608e-20
-1.10893e-20
-1.11153e-20
-1.11404e-20
-1.11611e-20
-1.11847e-20
-1.12035e-20
-1.12137e-20
-1.12199e-20
-1.12189e-20
-1.12179e-20
-1.1219e-20
-1.1222e-20
-1.122e-20
-1.12193e-20
-1.12151e-20
-1.12103e-20
-1.12094e-20
-1.1207e-20
-1.12014e-20
-1.11934e-20
-1.11762e-20
-1.1148e-20
-1.11117e-20
-1.1066e-20
-1.10175e-20
-1.09627e-20
-1.09127e-20
-1.08737e-20
-1.08415e-20
-1.08204e-20
-1.08074e-20
-1.08003e-20
-1.07939e-20
-1.07996e-20
-1.08092e-20
-1.08194e-20
-1.0831e-20
-1.084e-20
-1.08501e-20
-1.08608e-20
-1.08761e-20
-1.08994e-20
-1.09193e-20
-1.09358e-20
-1.09516e-20
-1.09683e-20
-1.0982e-20
-1.1002e-20
-1.10283e-20
-1.10575e-20
-1.10844e-20
-1.11106e-20
