-1.10144e-20
-1.10028e-20
-1.09754e-20
-1.0943e-20
-1.09237e-20
-1.0908e-20
-1.08979e-20
-1.0893e-20
-1.08893e-20
-1.08863e-20
-1.08879e-20
-1.08923e-20
-1.08946e-20
-1.0896e-20
-1.08982e-20
-1.08997e-20
-1.09006e-20
-1.08969e-20
-1.08932e-20
-1.0893e-20
-1.08949e-20
-1.08921e-20
-1.08914e-20
-1.08905e-20
-1.0893e-20
-1.08943e-20
-1.08949e-20
-1.09013e-20
-1.09008e-20
-1.09056e-20
-1.09108e-20
-1.0912e-20
-1.09123e-20
-1.09128e-20
-1.09142e-20
-1.09138e-20
-1.09133e-20
-1.09171e-20
-1.0915e-20
-1.09112e-20
-1.09112e-20
-1.09116e-20
-1.09115e-20
-1.09076e-20
-1.09041e-20
-1.09056e-20
-1.09028e-20
-1.0904e-20
-1.09022e-20
-1.09043e-20
-8.68578e-21
-8.67467e-21
-8.66838e-21
-8.66799e-21
-8.66488e-21
-8.66143e-21
-8.66482e-21
-8.66814e-21
-8.67015e-21
-8.67539e-21
-8.68045e-21
-8.68121e-21
-8.68373e-21
-8.68645e-21
-8.68463e-21
-8.68114e-21
-8.6769e-21
-8.67713e-21
-8.67623e-21
-8.67749e-21
-8.67916e-21
-8.67947e-21
-8.67942e-21
-8.67791e-21
-8.68356e-21
-8.68296e-21
-8.67872e-21
-8.68081e-21
-8.67878e-21
-8.68105e-21
-8.67853e-21
-8.67782e-21
-8.67858e-21
-8.67238e-21
-8.67318e-21
-8.67676e-21
-8.67726e-21
-8.67904e-21
-8.67993e-21
-8.67759e-21
-8.67878e-21
-8.67686e-21
-8.67506e-21
-8.67359e-21
-8.67277e-21
-8.6708e-21
-8.67072e-21
-8.67478e-21
-8.67427e-21
-8.67467e-21
-8.98889e-21
-8.99106e-21
-8.99133e-21
-8.98975e-21
-8.98923e-21
-8.98696e-21
-8.98862e-21
-8.99384e-21
-8.99716e-21
-8.99988e-21
-8.99947e-21
-9.00054e-21
-8.99766e-21
-8.99366e-21
-8.99158e-21
-8.98689e-21
-8.98795e-21
-8.99018e-21
-8.991e-21
-8.99036e-21
-8.99186e-21
-8.99201e-21
-8.9953e-21
-8.99344e-21
-8.99538e-21
-8.99413e-21
-8.99029e-21
-8.99157e-21
-8.98747e-21
-8.98411e-21
-8.98815e-21
-8.98623e-21
-8.98481e-21
-8.98913e-21
-8.99421e-21
-8.99503e-21
-8.99556e-21
-8.99602e-21
-8.99611e-21
-8.99632e-21
-8.98777e-21
-8.98275e-21
-8.97867e-21
-8.97545e-21
-8.97812e-21
-8.97897e-21
-8.98131e-21
-8.98475e-21
-8.98313e-21
-8.98238e-21
-9.00749e-21
-9.00828e-21
-9.00801e-21
-9.01097e-21
-9.01227e-21
-9.01341e-21
-9.01367e-21
-9.01293e-21
-9.015e-21
-9.01412e-21
-9.0138e-21
-9.01481e-21
-9.01623e-21
-9.01968e-21
-9.02505e-21
-9.02734e-21
-9.02746e-21
-9.02574e-21
-9.02259e-21
-9.02328e-21
-9.02516e-21
-9.02082e-21
-9.01945e-21
-9.01746e-21
-9.02252e-21
-9.0198e-21
-9.01964e-21
-9.01938e-21
-9.01685e-21
-9.01733e-21
-9.01583e-21
-9.01602e-21
-9.01781e-21
-9.01686e-21
-9.01528e-21
-9.01408e-21
-9.01217e-21
-9.01012e-21
-9.00862e-21
-9.01269e-21
-9.01492e-21
-9.01787e-21
-9.01694e-21
-9.0172e-21
-9.01645e-21
-9.01594e-21
-9.01644e-21
-9.01431e-21
-9.01389e-21
-9.00984e-21
-9.04271e-21
-9.04074e-21
-9.04114e-21
-9.04117e-21
-9.04294e-21
-9.04261e-21
-9.04693e-21
-9.04595e-21
-9.04865e-21
-9.04813e-21
-9.0452e-21
-9.045e-21
-9.04718e-21
-9.0475e-21
-9.04651e-21
-9.04638e-21
-9.0423e-21
-9.0439e-21
-9.04305e-21
-9.04603e-21
-9.04573e-21
-9.04253e-21
-9.04172e-21
-9.04007e-21
-9.03925e-21
-9.04161e-21
-9.04148e-21
-9.0455e-21
-9.04723e-21
-9.04703e-21
-9.05048e-21
-9.04978e-21
-9.05225e-21
-9.0504e-21
-9.04979e-21
-9.04962e-21
-9.04907e-21
-9.04714e-21
-9.04653e-21
-9.0413e-21
-9.04218e-21
-9.04122e-21
-9.04491e-21
-9.04311e-21
-9.04328e-21
-9.0474e-21
-9.04886e-21
-9.04695e-21
-9.04851e-21
-9.05132e-21
-9.05213e-21
-9.0509e-21
-9.0487e-21
-9.04399e-21
-9.04228e-21
-9.04211e-21
-9.04252e-21
-9.04033e-21
-9.03764e-21
-9.03658e-21
-9.03557e-21
-9.03634e-21
-9.03535e-21
-9.03713e-21
-9.04021e-21
-9.04241e-21
-9.04457e-21
-9.04578e-21
-9.04725e-21
-9.04924e-21
-9.05115e-21
-9.04876e-21
-9.04965e-21
-9.05009e-21
-9.05059e-21
-9.05175e-21
-9.0484e-21
-9.04396e-21
-9.04621e-21
-9.04299e-21
-9.04141e-21
-9.04314e-21
-9.04648e-21
-9.04692e-21
-9.04741e-21
-9.04553e-21
-9.04224e-21
-9.04513e-21
-9.04535e-21
-9.048e-21
-9.04787e-21
-9.05171e-21
-9.05002e-21
-9.05097e-21
-9.05287e-21
-9.05429e-21
-9.05332e-21
-9.05176e-21
-9.04859e-21
-9.04863e-21
-9.04815e-21
-9.04878e-21
-9.0479e-21
-9.04989e-21
-9.04842e-21
-9.04255e-21
-9.04413e-21
-9.03969e-21
-9.04084e-21
-9.0441e-21
-9.04483e-21
-9.04446e-21
-9.04353e-21
-9.03954e-21
-9.03766e-21
-9.03717e-21
-9.04103e-21
-9.0397e-21
-9.04218e-21
-9.04332e-21
-9.0443e-21
-9.05012e-21
-9.04772e-21
-9.04845e-21
-9.04934e-21
-9.05169e-21
-9.04655e-21
-9.04683e-21
-9.04663e-21
-9.04863e-21
-9.04649e-21
-9.04355e-21
-9.04313e-21
-9.04416e-21
-9.04599e-21
-9.04301e-21
-9.04516e-21
-9.04428e-21
-9.04473e-21
-9.04453e-21
-9.04761e-21
-9.04542e-21
-9.04323e-21
-9.04734e-21
-9.04744e-21
-9.04619e-21
-9.04535e-21
-9.04621e-21
-9.04687e-21
-9.04799e-21
-9.04682e-21
-9.04473e-21
-9.04457e-21
-9.04346e-21
-9.04084e-21
-9.03956e-21
-9.0372e-21
-9.03882e-21
-9.03658e-21
-9.03809e-21
-9.03852e-21
-9.04153e-21
-9.04584e-21
-9.04585e-21
-9.04718e-21
-9.04693e-21
-9.0466e-21
-9.04191e-21
-9.04103e-21
-9.04253e-21
-9.04129e-21
-9.03964e-21
-9.0399e-21
-9.04319e-21
-9.04312e-21
-9.04283e-21
-9.04222e-21
-9.04329e-21
-9.04696e-21
-9.05044e-21
-9.05155e-21
-9.04968e-21
-9.04912e-21
-9.04783e-21
-9.04872e-21
-9.04719e-21
-9.04506e-21
-9.04659e-21
-9.04734e-21
-9.04384e-21
-9.04334e-21
-9.04298e-21
-9.04108e-21
-9.03882e-21
-9.03908e-21
-9.03676e-21
-9.03744e-21
-9.03966e-21
-9.037e-21
-9.03963e-21
-9.04044e-21
-9.04126e-21
-9.0439e-21
-9.04323e-21
-9.04359e-21
-9.04311e-21
-9.04689e-21
-9.04921e-21
-9.049e-21
-9.04878e-21
-9.05004e-21
-9.05167e-21
-9.05156e-21
-9.05198e-21
-9.04609e-21
-9.04678e-21
-9.04384e-21
-9.04363e-21
-9.04553e-21
-9.04578e-21
-9.04766e-21
-9.04428e-21
-9.04318e-21
-9.04054e-21
-9.03889e-21
-9.04089e-21
-9.03919e-21
-9.03946e-21
-9.04021e-21
-9.04192e-21
-9.04595e-21
-9.04617e-21
-9.04935e-21
-9.05108e-21
-9.05341e-21
-9.05209e-21
-9.05265e-21
-9.05049e-21
-9.04785e-21
-9.05007e-21
-9.04845e-21
-9.0483e-21
-9.05184e-21
-9.05169e-21
-9.04857e-21
-9.0479e-21
-9.04436e-21
-9.0406e-21
-9.03913e-21
-9.03707e-21
-9.03706e-21
-9.03713e-21
-9.03914e-21
-9.03974e-21
-9.04109e-21
-9.04436e-21
-9.04842e-21
-9.04936e-21
-9.0492e-21
-9.05033e-21
-9.05228e-21
-9.05445e-21
-9.05137e-21
-9.04775e-21
-9.0452e-21
-9.04373e-21
-9.03927e-21
-9.03681e-21
-9.03214e-21
-9.03737e-21
-9.03769e-21
-9.03816e-21
-9.03603e-21
-9.03625e-21
-9.03423e-21
-9.03608e-21
-9.03977e-21
-9.04103e-21
-9.04246e-21
-9.04554e-21
-9.04905e-21
-9.05175e-21
-9.04611e-21
-9.04673e-21
-9.04416e-21
-9.04186e-21
-9.0378e-21
-9.03628e-21
-9.03392e-21
-9.03638e-21
-9.03966e-21
-9.04197e-21
-9.0417e-21
-9.03954e-21
-9.04214e-21
-9.04481e-21
-9.0433e-21
-9.04446e-21
-9.04133e-21
-9.04414e-21
-9.04441e-21
-9.04601e-21
-9.04897e-21
-9.04633e-21
-9.04388e-21
-9.05008e-21
-9.05506e-21
-9.05543e-21
-9.05699e-21
-9.04848e-21
-9.04767e-21
-9.04398e-21
-9.04453e-21
-9.04416e-21
-9.04091e-21
-9.03701e-21
-9.0346e-21
-9.03733e-21
-9.03869e-21
-9.03969e-21
-9.04196e-21
-9.0417e-21
-9.04192e-21
-9.04392e-21
-9.04741e-21
-9.05011e-21
-9.04516e-21
-9.04461e-21
-9.04511e-21
-9.0465e-21
-9.04158e-21
-9.0471e-21
-9.04958e-21
-9.04657e-21
-9.04572e-21
-9.04724e-21
-9.04665e-21
-9.04929e-21
-9.04666e-21
-9.04805e-21
-9.05036e-21
-9.04569e-21
-9.04162e-21
-9.03762e-21
-9.04283e-21
-9.0406e-21
-9.04116e-21
-9.03918e-21
-9.03737e-21
-9.03956e-21
-9.03784e-21
-9.03665e-21
-9.03541e-21
-9.03542e-21
-9.04153e-21
-9.04094e-21
-9.04269e-21
-9.04014e-21
-9.03964e-21
-9.03884e-21
-9.03955e-21
-9.04185e-21
-9.04139e-21
-9.04554e-21
-9.04926e-21
-9.04965e-21
-9.05031e-21
-9.04744e-21
-9.04862e-21
-9.048e-21
-9.04505e-21
-9.04669e-21
-9.04595e-21
-9.0425e-21
-9.03982e-21
-9.04079e-21
-9.04329e-21
-9.04391e-21
-9.04445e-21
-9.04248e-21
-9.04487e-21
-9.04576e-21
-9.04633e-21
-9.04245e-21
-9.04182e-21
-9.03815e-21
-9.03487e-21
-9.03703e-21
-9.03508e-21
-9.03702e-21
-9.04199e-21
-9.04305e-21
-9.04248e-21
-9.04387e-21
-9.04459e-21
-9.04757e-21
-9.04605e-21
-9.04565e-21
-9.04331e-21
-9.04452e-21
-9.04661e-21
-9.05115e-21
-9.05155e-21
-9.04822e-21
-9.04859e-21
-9.0468e-21
-9.04831e-21
-9.04783e-21
-9.04584e-21
-9.04542e-21
-9.04369e-21
-9.04586e-21
-9.04436e-21
-9.04513e-21
-9.04449e-21
-9.04471e-21
-9.04756e-21
-9.04465e-21
-9.04045e-21
-9.04056e-21
-9.03915e-21
-9.04206e-21
-9.04527e-21
-9.04746e-21
-9.0474e-21
-9.05102e-21
-9.05301e-21
-9.05388e-21
-9.05721e-21
-9.0553e-21
-9.05285e-21
-9.05046e-21
-9.04671e-21
-9.04722e-21
-9.04578e-21
-9.04309e-21
-9.04085e-21
-9.03952e-21
-9.03951e-21
-9.03956e-21
-9.03851e-21
-9.03906e-21
-9.04182e-21
-9.04518e-21
-9.04796e-21
-9.0468e-21
-9.04749e-21
-9.05163e-21
-9.0519e-21
-9.05221e-21
-9.0532e-21
-9.05045e-21
-9.05184e-21
-9.05189e-21
-9.04907e-21
-9.04898e-21
-9.04698e-21
-9.04745e-21
-9.04971e-21
-9.05251e-21
-9.04981e-21
-9.04911e-21
-9.0468e-21
-9.04513e-21
-9.04733e-21
-9.04738e-21
-9.04451e-21
-9.04285e-21
-9.03974e-21
-9.03643e-21
-9.03641e-21
-9.03672e-21
-9.03967e-21
-9.03667e-21
-9.03457e-21
-9.03644e-21
-9.03676e-21
-9.03974e-21
-9.04267e-21
-9.04394e-21
-9.03873e-21
-9.03929e-21
-9.03908e-21
-9.03752e-21
-9.03791e-21
-9.03724e-21
-9.03835e-21
-9.0386e-21
-9.04052e-21
-9.04769e-21
-9.05038e-21
-9.05028e-21
-9.05023e-21
-9.05089e-21
-9.04638e-21
-9.04462e-21
-9.04548e-21
-9.0467e-21
-9.04504e-21
-9.04425e-21
