           0           0           0
   0.0256496           0           0
   0.0512993           0           0
   0.0769489           0           0
    0.102599           0           0
    0.128248           0           0
    0.153898           0           0
    0.179547           0           0
    0.205197           0           0
    0.230847           0           0
    0.256496           0           0
    0.282146           0           0
    0.307796           0           0
    0.333445           0           0
    0.359095           0           0
    0.384745           0           0
    0.410394           0           0
    0.436044           0           0
    0.461694           0           0
    0.487343           0           0
    0.512993           0           0
    0.538642           0           0
    0.564292           0           0
    0.589942           0           0
    0.615591           0           0
    0.641241           0           0
    0.666891           0           0
     0.69254           0           0
     0.71819           0           0
     0.74384           0           0
    0.769489           0           0
    0.795139           0           0
    0.820788           0           0
    0.846438 9.72615e-05 9.72128e-05
    0.872088 0.000825347 0.000273875
    0.897737   0.0242513  0.00139011
    0.923387    0.141659  0.00341719
    0.949037    0.533483  0.00672518
    0.974686     1.17125  0.00961283
     1.00034     1.79914   0.0111063
     1.02599     2.30753   0.0120297
     1.05164     2.52565   0.0125313
     1.07728     2.54472   0.0117678
     1.10293     2.41061   0.0107518
     1.12858     2.23393    0.010931
     1.15423      1.9992   0.0105481
     1.17988     1.78268  0.00971796
     1.20553     1.58162  0.00906193
     1.23118     1.43131  0.00845864
     1.25683     1.26898  0.00776351
     1.28248     1.15309   0.0074577
     1.30813     1.03339  0.00657122
     1.33378    0.978557   0.0060889
     1.35943    0.904487  0.00547216
     1.38508    0.825699  0.00531987
     1.41073    0.779238  0.00526495
     1.43638    0.740855  0.00482328
     1.46203    0.708344  0.00463839
     1.48768    0.687142  0.00451985
     1.51333    0.659984  0.00451588
     1.53898    0.665367  0.00429072
     1.56463    0.653285  0.00443752
     1.59028    0.668204  0.00448698
     1.61593    0.673367  0.00428358
     1.64158    0.702686  0.00423559
     1.66723    0.706303  0.00435372
     1.69288    0.723135  0.00427267
     1.71853    0.763535  0.00434668
     1.74418    0.802286  0.00436125
     1.76983    0.826529  0.00436961
     1.79547    0.878007  0.00445057
     1.82112    0.923826  0.00446651
     1.84677    0.966862  0.00446824
     1.87242     1.00291  0.00430773
     1.89807     1.04999  0.00429672
     1.92372     1.08713   0.0044609
     1.94937     1.14197  0.00448347
     1.97502     1.16534  0.00436157
     2.00067     1.18491  0.00460057
     2.02632     1.19917  0.00468509
     2.05197     1.22295  0.00430343
     2.07762     1.23345  0.00444537
     2.10327     1.22647  0.00428647
     2.12892     1.21122  0.00450259
     2.15457     1.19388  0.00454695
     2.18022     1.17315  0.00452568
     2.20587     1.15031  0.00434989
     2.23152     1.11239  0.00425038
     2.25717     1.07923  0.00397321
     2.28282      1.0468  0.00379502
     2.30847     1.02137  0.00373157
     2.33412     0.99605  0.00376134
     2.35977    0.976008  0.00323701
     2.38542    0.948637  0.00346917
     2.41107    0.922237  0.00314439
     2.43672    0.908267  0.00320181
     2.46237    0.898813  0.00309801
     2.48802    0.885971  0.00325428
     2.51366    0.880167  0.00306201
     2.53931    0.867868  0.00296944
           0           0           0
   0.0230664           0           0
   0.0461329           0           0
   0.0691993           0           0
   0.0922657           0           0
    0.115332           0           0
    0.138399           0           0
    0.161465           0           0
    0.184531           0           0
    0.207598           0           0
    0.230664           0           0
    0.253731           0           0
    0.276797           0           0
    0.299864           0           0
     0.32293           0           0
    0.345996           0           0
    0.369063           0           0
    0.392129           0           0
    0.415196           0           0
    0.438262           0           0
    0.461329           0           0
    0.484395           0           0
    0.507461           0           0
    0.530528           0           0
    0.553594           0           0
    0.576661           0           0
    0.599727           0           0
    0.622794           0           0
     0.64586           0           0
    0.668926           0           0
    0.691993           0           0
    0.715059           0           0
    0.738126           0           0
    0.761192           0           0
    0.784259           0           0
    0.807325           0           0
    0.830391 8.19313e-05 8.18903e-05
    0.853458  0.00131954 0.000470297
    0.876524  0.00942598  0.00192822
    0.899591   0.0632432  0.00446907
    0.922657    0.378321   0.0108367
    0.945724     1.20737   0.0138983
     0.96879     2.46785   0.0151022
    0.991856     3.55607   0.0139468
     1.01492      3.9787   0.0149501
     1.03799     3.80136   0.0156708
     1.06106     3.30034   0.0158182
     1.08412     2.67513   0.0146829
     1.10719     2.13008   0.0118719
     1.13026     1.69593   0.0104771
     1.15332     1.36102  0.00876234
     1.17639     1.10908  0.00682389
     1.19945     0.90541   0.0056663
     1.22252    0.772992  0.00519592
     1.24559    0.672378  0.00501424
     1.26865    0.588088  0.00488024
     1.29172    0.534424  0.00456278
     1.31479    0.506852  0.00444619
     1.33785    0.494775  0.00436873
     1.36092    0.473135  0.00419308
     1.38399    0.461382  0.00420307
     1.40705    0.452012  0.00416669
     1.43012    0.470917  0.00395687
     1.45319    0.470171  0.00365877
     1.47625    0.489133  0.00380408
     1.49932    0.512299  0.00363195
     1.52238    0.526628  0.00373947
     1.54545    0.561667  0.00396303
     1.56852    0.589356  0.00380899
     1.59158    0.657399  0.00422772
     1.61465    0.689571  0.00411027
     1.63772    0.756403  0.00435849
     1.66078    0.835239  0.00411229
     1.68385    0.933115  0.00416909
     1.70692     1.02138  0.00435879
     1.72998     1.12606  0.00436598
     1.75305       1.193  0.00470825
     1.77612     1.28482  0.00514099
     1.79918     1.33101  0.00484755
     1.82225     1.38954  0.00530206
     1.84531      1.3835  0.00500413
     1.86838     1.38185  0.00486849
     1.89145      1.3571  0.00445117
     1.91451     1.35693  0.00458377
     1.93758     1.34511  0.00407682
     1.96065     1.34016  0.00416099
     1.98371      1.3306  0.00420461
     2.00678     1.32587  0.00409204
     2.02985     1.28353  0.00415189
     2.05291      1.2351  0.00429264
     2.07598     1.17668  0.00401863
     2.09905      1.1229  0.00399369
     2.12211     1.03966  0.00354262
     2.14518     0.99656  0.00338199
     2.16824    0.926613  0.00329899
     2.19131    0.841086  0.00322667
     2.21438     0.78178   0.0028999
     2.23744    0.758442  0.00297518
     2.26051    0.729214  0.00286302
     2.28358    0.714564  0.00285698
