0        26.8587
1        16.0852
2         11.669
3        7.59646
4        6.52713
5        5.27138
6        3.41008
7        3.25847
8        3.25847
9        3.22981
10        3.20619
11        3.11894
12        3.11892
13        3.11892
14        3.11892
15        3.11892
16        3.11892
17        3.11892
18        3.11892
19        3.11892
20        3.11892
21        3.11892
22        3.11892
23        3.11892
24        3.11892
25        3.11892
26        3.11892
27        3.11892
28        3.11892
29        3.11892
