           1   -0.999576   -0.999576           0
           2          -1   -0.999788 0.000149907
           3          -1   -0.999859 0.000115398
           4          -1   -0.999894 9.17987e-05
           5          -1   -0.999915 7.58474e-05
           6          -1   -0.999929 6.45095e-05
           7          -1   -0.999939 5.60782e-05
           8          -1   -0.999947  4.9577e-05
           9          -1   -0.999953 4.44168e-05
          10          -1   -0.999958 4.02242e-05
          11          -1   -0.999961 3.67516e-05
          12          -1   -0.999965 3.38291e-05
          13          -1   -0.999967 3.13358e-05
          14          -1    -0.99997  2.9184e-05
          15          -1   -0.999972 2.73082e-05
          16          -1   -0.999974 2.56585e-05
          17          -1   -0.999975 2.41965e-05
          18          -1   -0.999976 2.28919e-05
          19          -1   -0.999978 2.17206e-05
          20          -1   -0.999979 2.06632e-05
           1   -0.999576   -0.999576           0
           2          -1   -0.999788 0.000149907
           3          -1   -0.999859 0.000115398
           4          -1   -0.999894 9.17987e-05
           5          -1   -0.999915 7.58474e-05
           6          -1   -0.999929 6.45095e-05
           7          -1   -0.999939 5.60782e-05
           8          -1   -0.999947  4.9577e-05
           9          -1   -0.999953 4.44168e-05
          10          -1   -0.999958 4.02242e-05
          11          -1   -0.999961 3.67516e-05
          12          -1   -0.999965 3.38291e-05
          13          -1   -0.999967 3.13358e-05
          14          -1    -0.99997  2.9184e-05
          15          -1   -0.999972 2.73082e-05
          16          -1   -0.999974 2.56585e-05
          17          -1   -0.999975 2.41965e-05
          18          -1   -0.999976 2.28919e-05
          19          -1   -0.999978 2.17206e-05
          20          -1   -0.999979 2.06632e-05
           1   -0.999576   -0.999576           0
           2          -1   -0.999788 0.000149907
           3          -1   -0.999859 0.000115398
           4          -1   -0.999894 9.17987e-05
           5          -1   -0.999915 7.58474e-05
           6          -1   -0.999929 6.45095e-05
           7          -1   -0.999939 5.60782e-05
           8          -1   -0.999947  4.9577e-05
           9          -1   -0.999953 4.44168e-05
          10          -1   -0.999958 4.02242e-05
          11          -1   -0.999961 3.67516e-05
          12          -1   -0.999965 3.38291e-05
          13          -1   -0.999967 3.13358e-05
          14          -1    -0.99997  2.9184e-05
          15          -1   -0.999972 2.73082e-05
          16          -1   -0.999974 2.56585e-05
          17          -1   -0.999975 2.41965e-05
          18          -1   -0.999976 2.28919e-05
          19          -1   -0.999978 2.17206e-05
          20          -1   -0.999979 2.06632e-05
           1   -0.999576   -0.999576           0
           2          -1   -0.999788 0.000149907
           3          -1   -0.999859 0.000115398
           4          -1   -0.999894 9.17987e-05
           5          -1   -0.999915 7.58474e-05
           6          -1   -0.999929 6.45095e-05
           7          -1   -0.999939 5.60782e-05
           8          -1   -0.999947  4.9577e-05
           9          -1   -0.999953 4.44168e-05
          10          -1   -0.999958 4.02242e-05
          11          -1   -0.999961 3.67516e-05
          12          -1   -0.999965 3.38291e-05
          13          -1   -0.999967 3.13358e-05
          14          -1    -0.99997  2.9184e-05
          15          -1   -0.999972 2.73082e-05
          16          -1   -0.999974 2.56585e-05
          17          -1   -0.999975 2.41965e-05
          18          -1   -0.999976 2.28919e-05
          19          -1   -0.999978 2.17206e-05
          20          -1   -0.999979 2.06632e-05
           1   -0.999576   -0.999576           0
           2          -1   -0.999788 0.000149907
           3          -1   -0.999859 0.000115398
           4          -1   -0.999894 9.17987e-05
           5          -1   -0.999915 7.58474e-05
           6          -1   -0.999929 6.45095e-05
           7          -1   -0.999939 5.60782e-05
           8          -1   -0.999947  4.9577e-05
           9          -1   -0.999953 4.44168e-05
          10          -1   -0.999958 4.02242e-05
          11          -1   -0.999961 3.67516e-05
          12          -1   -0.999965 3.38291e-05
          13          -1   -0.999967 3.13358e-05
          14          -1    -0.99997  2.9184e-05
          15          -1   -0.999972 2.73082e-05
          16          -1   -0.999974 2.56585e-05
          17          -1   -0.999975 2.41965e-05
          18          -1   -0.999976 2.28919e-05
          19          -1   -0.999978 2.17206e-05
          20          -1   -0.999979 2.06632e-05
           1   -0.999576   -0.999576           0
           2          -1   -0.999788 0.000149907
           3          -1   -0.999859 0.000115398
           4          -1   -0.999894 9.17987e-05
           5   -0.999936   -0.999902 7.38223e-05
           6          -1   -0.999919 6.32854e-05
           7          -1    -0.99993 5.53009e-05
           8          -1   -0.999939 4.90701e-05
           9          -1   -0.999946 4.40835e-05
          10          -1   -0.999951 4.00072e-05
          11          -1   -0.999956 3.66153e-05
          12          -1   -0.999959 3.37502e-05
          13          -1   -0.999962 3.12986e-05
          14          -1   -0.999965 2.91777e-05
          15          -1   -0.999967 2.73249e-05
          16          -1   -0.999969 2.56926e-05
          17          -1   -0.999971 2.42438e-05
          18          -1   -0.999973 2.29493e-05
          19          -1   -0.999974 2.17858e-05
          20          -1   -0.999976 2.07343e-05
           1   -0.999552   -0.999552           0
           2   -0.999976   -0.999764 0.000149907
           3          -1   -0.999843 0.000118799
           4    -0.99996   -0.999872 9.26499e-05
           5   -0.999808   -0.999859 7.49989e-05
           6          -1   -0.999883 6.60684e-05
           7          -1   -0.999899 5.87179e-05
           8          -1   -0.999912 5.27067e-05
           9          -1   -0.999922 4.77488e-05
          10   -0.999984   -0.999928 4.33774e-05
          11   -0.999984   -0.999933 3.97316e-05
          12          -1   -0.999939 3.68098e-05
          13          -1   -0.999943 3.42793e-05
          14          -1   -0.999947 3.20684e-05
          15   -0.999976   -0.999949 2.99871e-05
          16          -1   -0.999953 2.82796e-05
          17   -0.999936   -0.999952 2.66327e-05
          18   -0.999984   -0.999953 2.52141e-05
          19          -1   -0.999956 2.40064e-05
          20          -1   -0.999958 2.29076e-05
           1   -0.998848   -0.998848           0
           2   -0.998816   -0.998832 1.13137e-05
           3   -0.999952   -0.999205 0.000304919
           4   -0.999944    -0.99939 0.000279061
           5    -0.99976   -0.999464 0.000232854
           6   -0.999992   -0.999552 0.000210016
           7   -0.997856    -0.99931 0.000287613
           8          -1   -0.999396 0.000264288
           9    -0.99992   -0.999454  0.00024125
          10   -0.999936   -0.999502 0.000221884
          11   -0.999888   -0.999537 0.000204463
          12   -0.999088     -0.9995 0.000190824
          13   -0.999936   -0.999534 0.000179068
          14   -0.999936   -0.999562 0.000168569
          15   -0.999384    -0.99955  0.00015775
          16    -0.99992   -0.999574 0.000149572
          17    -0.99936   -0.999561   0.0001413
          18    -0.99996   -0.999583 0.000135178
          19   -0.998904   -0.999547 0.000132705
          20    -0.99988   -0.999564 0.000127108
           1    -0.99296    -0.99296           0
           2   -0.992664   -0.992812 0.000104652
           3    -0.99232   -0.992648 0.000150991
           4     -0.9996   -0.994386  0.00150941
           5   -0.997088   -0.994926  0.00130067
           6   -0.997144   -0.995296  0.00113519
           7    -0.99224   -0.994859  0.00105363
           8   -0.998344   -0.995295  0.00100795
           9   -0.997952    -0.99559 0.000938191
          10   -0.999304   -0.995962 0.000914928
          11   -0.998416   -0.996185 0.000858529
          12   -0.996776   -0.996234 0.000788398
          13   -0.998744   -0.996427 0.000751022
          14   -0.994656   -0.996301 0.000707952
          15   -0.998096    -0.99642 0.000670797
          16   -0.998912   -0.996576 0.000646697
          17   -0.992248   -0.996321  0.00065686
          18   -0.996288    -0.99632  0.00062037
          19   -0.995592   -0.996281   0.0005889
          20   -0.994304   -0.996182 0.000567693
           1   -0.979192   -0.979192           0
           2   -0.990912   -0.985052  0.00414365
           3   -0.979856    -0.98332  0.00310337
           4   -0.992368   -0.985582  0.00304218
           5   -0.984136   -0.985293  0.00244745
           6   -0.980776    -0.98454  0.00215221
           7    -0.98392   -0.984451  0.00184657
           8   -0.978848   -0.983751  0.00174354
           9   -0.990552   -0.984507  0.00170572
          10   -0.990168   -0.985073  0.00162639
          11   -0.987512   -0.985295  0.00149358
          12   -0.989304   -0.985629  0.00140599
          13   -0.991912   -0.986112  0.00137841
          14   -0.983944   -0.985957  0.00128862
          15   -0.987024   -0.986028  0.00120468
          16   -0.988032   -0.986154  0.00113587
          17   -0.984368   -0.986048   0.0010739
          18   -0.992472   -0.986405   0.0010719
          19   -0.986616   -0.986416  0.00101554
          20   -0.992952   -0.986743  0.00101598
           1   -0.965304   -0.965304           0
           2   -0.981144   -0.973224  0.00560029
           3   -0.976552   -0.974333  0.00384182
           4   -0.971808   -0.973702  0.00293278
           5   -0.969624   -0.972886  0.00245702
           6     -0.9688   -0.972205  0.00213983
           7    -0.96656   -0.971399  0.00198029
           8   -0.975104   -0.971862  0.00178609
           9   -0.978328    -0.97258   0.0017261
          10   -0.971896   -0.972512  0.00155484
          11   -0.973624   -0.972613  0.00141678
          12    -0.97256   -0.972609  0.00129872
          13   -0.973112   -0.972647  0.00119939
          14   -0.964048   -0.972033  0.00126124
          15   -0.976048   -0.972301  0.00120522
          16   -0.975472   -0.972499  0.00114608
          17   -0.971832    -0.97246  0.00107933
          18    -0.97996   -0.972876  0.00109685
          19   -0.977192   -0.973104  0.00106238
          20     -0.9806   -0.973478  0.00107335
           1   -0.950824   -0.950824           0
           2   -0.955376     -0.9531  0.00160938
           3   -0.964392   -0.956864  0.00325519
           4   -0.956216   -0.956702  0.00244542
           5   -0.946008   -0.954563  0.00273621
           6    -0.95092   -0.953956  0.00234658
           7   -0.943888   -0.952518  0.00241219
           8   -0.950672   -0.952287  0.00212168
           9   -0.955632   -0.952659  0.00191821
          10   -0.954816   -0.952874  0.00173848
          11    -0.95704   -0.953253  0.00162116
          12   -0.952688   -0.953206  0.00148674
          13    -0.94844   -0.952839  0.00141686
          14   -0.946608   -0.952394   0.0013838
          15   -0.955232   -0.952583  0.00130442
          16     -0.9478   -0.952285  0.00125668
          17   -0.948848   -0.952082  0.00119891
          18   -0.959912   -0.952517  0.00120864
          19   -0.960168    -0.95292  0.00121024
          20   -0.952568   -0.952902  0.00114986
           1   -0.937296   -0.937296           0
           2   -0.941248   -0.939272  0.00139724
           3   -0.943304   -0.940616  0.00143941
           4   -0.932328   -0.938544  0.00209412
           5   -0.928352   -0.936506  0.00247602
           6   -0.926712   -0.934873  0.00254512
           7   -0.924272   -0.933359  0.00259327
           8   -0.930536   -0.933006    0.002293
           9   -0.934288   -0.933148  0.00204264
          10   -0.934272   -0.933261  0.00184146
          11   -0.935584   -0.933472  0.00168612
          12   -0.937664   -0.933821  0.00158139
          13   -0.931024   -0.933606  0.00147431
          14   -0.931288   -0.933441  0.00137827
          15   -0.936456   -0.933642  0.00130096
          16   -0.929136    -0.93336  0.00124976
          17   -0.936696   -0.933556  0.00119155
          18      -0.938   -0.933803  0.00115064
          19    -0.94316   -0.934296  0.00119081
          20   -0.935808   -0.934371  0.00113367
           1   -0.918528   -0.918528           0
           2      -0.914   -0.916264  0.00160089
           3    -0.92256   -0.918363  0.00201874
           4   -0.909128   -0.916054  0.00250795
           5    -0.91248   -0.915339  0.00210576
           6    -0.91176   -0.914743  0.00183736
           7   -0.905168   -0.913375  0.00202086
           8   -0.909208   -0.912854  0.00183415
           9   -0.907632   -0.912274  0.00171968
          10   -0.920352   -0.913082  0.00172706
          11   -0.905536   -0.912396  0.00170083
          12   -0.918392   -0.912895  0.00163085
          13   -0.909968    -0.91267  0.00152087
          14   -0.912488   -0.912657  0.00141229
          15    -0.91492   -0.912808  0.00132617
          16   -0.913192   -0.912832   0.0012435
          17    -0.91256   -0.912816  0.00117046
          18   -0.922976    -0.91338  0.00123405
          19   -0.914168   -0.913422  0.00116979
          20   -0.911488   -0.913325  0.00111529
           1    -0.89444    -0.89444           0
           2    -0.89264    -0.89354 0.000636396
           3   -0.898648   -0.895243  0.00145352
           4   -0.888632    -0.89359  0.00179913
           5   -0.890616   -0.892995  0.00153448
           6   -0.887008   -0.891997  0.00157001
           7    -0.88352   -0.890786   0.0017516
           8   -0.889448   -0.890619  0.00154062
           9   -0.894376   -0.891036  0.00142487
          10   -0.895448   -0.891478  0.00134895
          11   -0.888376   -0.891196  0.00125544
          12   -0.901352   -0.892042  0.00140749
          13   -0.888808   -0.891793  0.00132102
          14    -0.89044   -0.891697  0.00123019
          15   -0.890968   -0.891648  0.00114914
          16   -0.889744   -0.891529  0.00108346
          17   -0.892288   -0.891574  0.00102065
          18   -0.897688   -0.891913  0.00101891
          19   -0.898232   -0.892246  0.00101811
          20   -0.896976   -0.892482 0.000994291
           1   -0.872248   -0.872248           0
           2   -0.872616   -0.872432 0.000130108
           3   -0.877056   -0.873973  0.00126148
           4   -0.864944   -0.871716  0.00217182
           5   -0.874704   -0.872314  0.00181781
           6   -0.864256   -0.870971  0.00194875
           7   -0.871048   -0.870982  0.00167039
           8   -0.871448    -0.87104  0.00146261
           9   -0.872952   -0.871252  0.00131544
          10   -0.873016   -0.871429  0.00119566
          11    -0.86456   -0.870804  0.00123934
          12   -0.876384   -0.871269  0.00122017
          13   -0.869304   -0.871118  0.00113564
          14   -0.871112   -0.871118  0.00105452
          15   -0.866056    -0.87078   0.0010368
          16   -0.870256   -0.870748 0.000972522
          17   -0.872304   -0.870839 0.000919615
          18   -0.866888    -0.87062 0.000894338
          19    -0.87132   -0.870656 0.000848027
          20   -0.876376   -0.870942 0.000852483
           1    -0.85056    -0.85056           0
           2   -0.848928   -0.849744 0.000576999
           3   -0.848832    -0.84944 0.000457798
           4   -0.845432   -0.848438 0.000933215
           5    -0.84936   -0.848622 0.000764574
           6   -0.847488   -0.848433 0.000660108
           7   -0.849504   -0.848586 0.000583257
           8   -0.853896    -0.84925 0.000803685
           9    -0.85076   -0.849418  0.00073169
          10   -0.850912   -0.849567 0.000673605
          11   -0.846776   -0.849313 0.000658429
          12   -0.857688   -0.850011 0.000900407
          13   -0.850216   -0.850027 0.000831283
          14   -0.849408   -0.849983  0.00077308
          15   -0.843632   -0.849559 0.000829416
          16   -0.851624   -0.849689 0.000787551
          17   -0.847392   -0.849553 0.000752721
          18   -0.845432   -0.849324 0.000744914
          19    -0.84968   -0.849343 0.000705943
          20   -0.848016   -0.849277 0.000673757
           1   -0.823072   -0.823072           0
           2   -0.829024   -0.826048  0.00210435
           3   -0.828984   -0.827027  0.00161451
           4   -0.823048   -0.826032  0.00148602
           5   -0.825216   -0.825869  0.00119775
           6    -0.82796   -0.826217  0.00104761
           7   -0.825168   -0.826067 0.000908609
           8   -0.830736   -0.826651 0.000964398
           9    -0.82792   -0.826792 0.000867489
          10   -0.824976    -0.82661 0.000799522
          11    -0.82436   -0.826406 0.000752558
          12   -0.831488   -0.826829  0.00080019
          13   -0.826904   -0.826835 0.000738657
          14   -0.832904   -0.827269 0.000803087
          15   -0.821128   -0.826859 0.000847487
          16   -0.826296   -0.826824  0.00079525
          17   -0.825856   -0.826767 0.000750506
          18   -0.822144    -0.82651 0.000751474
          19   -0.828824   -0.826632 0.000721723
          20   -0.824456   -0.826523 0.000693789
           1   -0.804112   -0.804112           0
           2   -0.804664   -0.804388 0.000195161
           3   -0.807456   -0.805411  0.00084508
           4   -0.801456   -0.804422  0.00106528
           5   -0.805688   -0.804675 0.000881798
           6   -0.804984   -0.804727 0.000736332
           7      -0.803    -0.80448 0.000671187
           8     -0.8062   -0.804695  0.00062077
           9   -0.802136   -0.804411 0.000613466
          10   -0.804864   -0.804456 0.000553792
          11   -0.801072   -0.804148 0.000582662
          12   -0.811608    -0.80477 0.000799687
          13   -0.801376   -0.804509 0.000779626
          14    -0.80956    -0.80487 0.000803094
          15    -0.80144   -0.804641 0.000781426
          16   -0.806016   -0.804727 0.000737296
          17   -0.804288   -0.804701 0.000694378
          18   -0.802288   -0.804567 0.000668618
          19   -0.804496   -0.804563 0.000633438
          20   -0.808168   -0.804744 0.000626883
           1   -0.780496   -0.780496           0
           2    -0.78172   -0.781108 0.000432749
           3   -0.787504    -0.78324  0.00176452
           4   -0.776888   -0.781652  0.00190858
           5   -0.784536   -0.782229  0.00161166
           6   -0.784168   -0.782552  0.00137508
           7    -0.78368   -0.782713  0.00118804
           8     -0.7848   -0.782974  0.00106779
           9    -0.78168    -0.78283 0.000958779
          10   -0.782664   -0.782814 0.000863045
          11   -0.778632   -0.782433 0.000864262
          12   -0.787616   -0.782865 0.000893656
          13   -0.782008   -0.782799 0.000827343
          14   -0.785696   -0.783006 0.000793696
          15   -0.775448   -0.782502 0.000886416
          16    -0.78224   -0.782486 0.000831167
          17   -0.780288   -0.782357 0.000792267
          18    -0.78328   -0.782408 0.000749911
          19   -0.783184   -0.782449 0.000711554
          20   -0.784096   -0.782531 0.000680725
           1   -0.761304   -0.761304           0
           2   -0.761704   -0.761504 0.000141421
           3   -0.765352   -0.762787  0.00105153
           4   -0.756768   -0.761282  0.00152315
           5    -0.76196   -0.761418  0.00122454
           6   -0.761968   -0.761509  0.00102388
           7   -0.763904   -0.761851 0.000933012
           8   -0.763336   -0.762037 0.000834636
           9   -0.762736   -0.762115 0.000745504
          10    -0.76644   -0.762547 0.000786483
          11       -0.76   -0.762316 0.000748298
          12   -0.766448    -0.76266 0.000761063
          13   -0.760056    -0.76246 0.000728403
          14   -0.762944   -0.762494 0.000677195
          15   -0.757408   -0.762155 0.000711899
          16   -0.760352   -0.762043 0.000676267
          17   -0.759672   -0.761903 0.000650704
          18   -0.760264   -0.761812 0.000620892
          19   -0.762152    -0.76183 0.000588471
          20   -0.763608   -0.761919 0.000565724
           1   -0.740392   -0.740392           0
           2   -0.741888    -0.74114 0.000528916
           3    -0.74396    -0.74208 0.000844631
           4   -0.738048   -0.741072  0.00107858
           5   -0.739656   -0.740789 0.000899276
           6    -0.74324   -0.741197 0.000837065
           7   -0.739488   -0.740953 0.000752259
           8   -0.744816   -0.741436 0.000798292
           9   -0.740448   -0.741326 0.000717101
          10    -0.74396    -0.74159  0.00069207
          11   -0.737904   -0.741255 0.000705614
          12   -0.741984   -0.741315 0.000649426
          13   -0.743008   -0.741446 0.000612384
          14   -0.743624   -0.741601 0.000588079
          15    -0.73556   -0.741198 0.000672793
          16   -0.739224   -0.741075 0.000641961
          17   -0.738344   -0.740914 0.000623975
          18   -0.739504   -0.740836 0.000594209
          19   -0.739296   -0.740755 0.000568436
          20   -0.740824   -0.740758 0.000540024
           1    -0.71628    -0.71628           0
           2   -0.724888   -0.720584  0.00304339
           3   -0.724928   -0.722032  0.00234826
           4   -0.719888   -0.721496  0.00182134
           5   -0.719136   -0.721024    0.001517
           6   -0.721792   -0.721152  0.00126956
           7    -0.72028   -0.721027  0.00109429
           8   -0.722496   -0.721211 0.000972775
           9   -0.720728   -0.721157 0.000866168
          10   -0.723984    -0.72144 0.000824385
          11   -0.717952   -0.721123 0.000808126
          12   -0.719384   -0.720978 0.000753663
          13   -0.721424   -0.721012 0.000696469
          14     -0.7222   -0.721097 0.000651867
          15   -0.719184    -0.72097 0.000620762
          16   -0.718528   -0.720817 0.000600428
          17   -0.718392   -0.720674 0.000581806
          18   -0.720648   -0.720673 0.000549486
          19   -0.719864    -0.72063 0.000522212
          20   -0.721072   -0.720652 0.000496568
           1   -0.701824   -0.701824           0
           2   -0.707544   -0.704684  0.00202233
           3   -0.700752   -0.703373  0.00172131
           4   -0.697728   -0.701962  0.00177779
           5   -0.699616   -0.701493  0.00148286
           6    -0.70188   -0.701557  0.00123712
           7   -0.700432   -0.701397  0.00107078
           8   -0.699288   -0.701133 0.000968829
           9    -0.70008   -0.701016 0.000868217
          10   -0.702128   -0.701127 0.000788485
          11   -0.699992   -0.701024 0.000723526
          12   -0.699664   -0.700911  0.00067205
          13   -0.700616   -0.700888 0.000620736
          14    -0.70216   -0.700979 0.000583009
          15   -0.699752   -0.700897 0.000549849
          16   -0.701176   -0.700915  0.00051576
          17   -0.700056   -0.700864 0.000487887
          18    -0.69948   -0.700787 0.000466802
          19   -0.702968   -0.700902 0.000456127
          20   -0.702248   -0.700969 0.000438258
           1   -0.682104   -0.682104           0
           2   -0.687328   -0.684716  0.00184696
           3   -0.683944   -0.684459  0.00124911
           4   -0.677816   -0.682798  0.00171639
           5   -0.681064   -0.682451  0.00140772
           6   -0.683016   -0.682545  0.00117624
           7   -0.683304   -0.682654  0.00101319
           8    -0.68324   -0.682727 0.000889184
           9   -0.682936    -0.68275 0.000790689
          10   -0.683144    -0.68279   0.0007126
          11    -0.68272   -0.682783 0.000647846
          12   -0.680088   -0.682559 0.000631595
          13   -0.682008   -0.682516  0.00058443
          14   -0.684456   -0.682655 0.000558866
          15   -0.681904   -0.682605 0.000523846
          16   -0.684864   -0.682746  0.00050978
          17    -0.68068   -0.682624 0.000494067
          18   -0.680536   -0.682508 0.000480049
          19    -0.68468   -0.682623 0.000468191
          20   -0.684544   -0.682719  0.00045453
           1     -0.6638     -0.6638           0
           2    -0.66768    -0.66574  0.00137179
           3   -0.666032   -0.665837 0.000917971
           4   -0.661336   -0.664712  0.00119322
           5   -0.663792   -0.664528 0.000968662
           6   -0.666872   -0.664919 0.000882488
           7     -0.6644   -0.664845 0.000759523
           8     -0.6636   -0.664689 0.000680329
           9   -0.664328   -0.664649 0.000605918
          10   -0.664728   -0.664657 0.000545378
          11   -0.663208   -0.664525 0.000511455
          12   -0.664256   -0.664503 0.000469325
          13     -0.6644   -0.664495 0.000433289
          14   -0.665896   -0.664595 0.000413738
          15   -0.662024   -0.664423 0.000420158
          16   -0.664344   -0.664419 0.000393927
          17   -0.664488   -0.664423 0.000370776
          18   -0.661768   -0.664275 0.000378372
          19    -0.66624   -0.664379 0.000372322
          20   -0.664056   -0.664362 0.000354055
           1   -0.646224   -0.646224           0
           2   -0.648544   -0.647384 0.000820244
           3   -0.646504   -0.647091  0.00059698
           4    -0.64292   -0.646048  0.00100788
           5   -0.645648   -0.645968 0.000809477
           6   -0.646968   -0.646135 0.000691509
           7   -0.647992     -0.6464  0.00064161
           8    -0.64624    -0.64638 0.000561721
           9    -0.64704   -0.646453 0.000504071
          10   -0.646152   -0.646423 0.000454564
          11   -0.647184   -0.646492 0.000418469
          12   -0.645392   -0.646401 0.000393515
          13    -0.64784   -0.646511   0.0003785
          14   -0.649744   -0.646742 0.000415973
          15     -0.6452   -0.646639 0.000400748
          16   -0.645984   -0.646599 0.000377789
          17    -0.64684   -0.646613 0.000355833
          18   -0.643888   -0.646461 0.000366852
          19    -0.64988   -0.646641 0.000389175
          20   -0.642848   -0.646452 0.000413357
           1   -0.631416   -0.631416           0
           2   -0.631664    -0.63154 8.76812e-05
           3    -0.62744   -0.630173  0.00111741
           4   -0.626912   -0.629358  0.00109586
           5    -0.63088   -0.629662 0.000917994
           6   -0.633328   -0.630273 0.000946705
           7   -0.633864   -0.630786 0.000940213
           8    -0.63016   -0.630708 0.000825939
           9   -0.629248   -0.630546  0.00074993
          10   -0.627304   -0.630222 0.000741702
          11    -0.62732   -0.629958 0.000719654
          12   -0.631288   -0.630069 0.000668165
          13   -0.628872   -0.629977 0.000623077
          14   -0.632896   -0.630185 0.000612472
          15   -0.629712   -0.630154 0.000572452
          16   -0.627096   -0.629963 0.000567676
          17    -0.62832   -0.629866 0.000542443
          18   -0.628928   -0.629814 0.000514804
          19   -0.630944   -0.629873 0.000491133
          20   -0.628536   -0.629806 0.000471106
           1   -0.613512   -0.613512           0
           2   -0.614464   -0.613988 0.000336583
           3   -0.612024   -0.613333  0.00057972
           4   -0.610216   -0.612554 0.000802847
           5   -0.610064   -0.612056 0.000781616
           6   -0.615032   -0.612552 0.000793263
           7    -0.61704   -0.613193 0.000902584
           8   -0.615392   -0.613468 0.000830558
           9   -0.613456   -0.613467 0.000738275
          10   -0.609896    -0.61311 0.000745813
          11   -0.611752   -0.612986 0.000688148
          12   -0.614128   -0.613081 0.000637346
          13   -0.613024   -0.613077 0.000588335
          14   -0.612592   -0.613042  0.00054733
          15   -0.611744   -0.612956 0.000517639
          16   -0.611864   -0.612888 0.000489763
          17   -0.610976   -0.612775 0.000473685
          18    -0.61208   -0.612736 0.000448941
          19   -0.613528   -0.612778 0.000427241
          20   -0.612576   -0.612768 0.000405998
           1   -0.598616   -0.598616           0
           2   -0.600696   -0.599656 0.000735391
           3   -0.596528   -0.598613 0.000982408
           4   -0.595296   -0.597784  0.00102895
           5   -0.596464    -0.59752 0.000856354
           6   -0.600104   -0.597951 0.000814756
           7   -0.600408   -0.598302 0.000770285
           8   -0.599344   -0.598432 0.000684929
           9   -0.598688    -0.59846 0.000609416
          10   -0.594848   -0.598099  0.00064674
          11   -0.596464   -0.597951 0.000604788
          12    -0.59624   -0.597808 0.000570941
          13   -0.597672   -0.597798 0.000527118
          14     -0.5984   -0.597841  0.00049122
          15   -0.597632   -0.597827 0.000458669
          16   -0.596744   -0.597759 0.000434965
          17   -0.596464   -0.597683 0.000415996
          18    -0.59668   -0.597627 0.000396598
          19    -0.59948   -0.597725 0.000387529
          20   -0.594384   -0.597558 0.000402543
           1   -0.584656   -0.584656           0
           2   -0.583696   -0.584176 0.000339411
           3   -0.582352   -0.583568 0.000545566
           4   -0.580472   -0.582794 0.000785322
           5   -0.580352   -0.582306 0.000765203
           6   -0.584728   -0.582709 0.000736516
           7     -0.5858   -0.583151 0.000752086
           8   -0.584472   -0.583316 0.000675963
           9   -0.584424   -0.583439 0.000611964
          10   -0.581368   -0.583232 0.000584766
          11    -0.58216   -0.583135 0.000539665
          12   -0.583416   -0.583158 0.000495202
          13   -0.582832   -0.583133 0.000457744
          14     -0.5854   -0.583295 0.000452786
          15   -0.582584   -0.583247 0.000425073
          16   -0.581896   -0.583163 0.000406812
          17    -0.58284   -0.583144 0.000383325
          18   -0.579624   -0.582948  0.00040888
          19   -0.584984   -0.583056  0.00040115
          20   -0.582664   -0.583036  0.00038157
           1    -0.57004    -0.57004           0
           2   -0.568776   -0.569408 0.000446891
           3    -0.56744   -0.568752 0.000612904
           4   -0.563768   -0.567506   0.0011729
           5   -0.566976     -0.5674 0.000943097
           6   -0.570992   -0.567999 0.000957251
           7   -0.571104   -0.568442 0.000917554
           8   -0.568488   -0.568448 0.000802877
           9   -0.569632    -0.56858 0.000724367
          10   -0.567432   -0.568465 0.000660957
          11   -0.568336   -0.568453 0.000600974
          12   -0.568792   -0.568481 0.000551556
          13   -0.569936   -0.568593 0.000520356
          14   -0.570632   -0.568739 0.000503152
          15    -0.56672   -0.568604 0.000487277
          16   -0.567816   -0.568555 0.000459306
          17   -0.568496   -0.568552 0.000432302
          18   -0.567312   -0.568483 0.000413733
          19   -0.569248   -0.568523 0.000393914
          20   -0.565944   -0.568394  0.00039476
           1   -0.554424   -0.554424           0
           2   -0.556736    -0.55558 0.000817415
           3    -0.55388   -0.555013 0.000714869
           4   -0.549376   -0.553604  0.00133309
           5   -0.553216   -0.553526  0.00106873
           6     -0.5554   -0.553839 0.000935113
           7   -0.556432   -0.554209 0.000871831
           8    -0.55584   -0.554413 0.000786324
           9   -0.556104   -0.554601 0.000721053
          10   -0.554304   -0.554571 0.000649559
          11     -0.5516   -0.554301 0.000644225
          12   -0.552536   -0.554154   0.0006071
          13    -0.55724   -0.554391 0.000605033
          14    -0.55756   -0.554618 0.000602664
          15   -0.554216   -0.554591 0.000563081
          16   -0.552544   -0.554463 0.000542227
          17     -0.5528   -0.554365  0.00051908
          18   -0.552544   -0.554264 0.000500006
          19   -0.556128   -0.554362 0.000483218
          20   -0.553064   -0.554297 0.000463396
           1   -0.541488   -0.541488           0
           2   -0.543928   -0.542708  0.00086267
           3   -0.539912   -0.541776 0.000953854
           4    -0.53804   -0.540842  0.00107984
           5   -0.539984    -0.54067   0.0008774
           6   -0.543216   -0.541095 0.000827409
           7   -0.543928   -0.541499 0.000802124
           8   -0.541424    -0.54149 0.000701914
           9   -0.544288   -0.541801 0.000689343
          10     -0.5406   -0.541681 0.000630782
          11   -0.537744   -0.541323 0.000667288
          12   -0.540408   -0.541247 0.000616021
          13   -0.541384   -0.541257 0.000568725
          14   -0.542712   -0.541361 0.000537511
          15   -0.540904   -0.541331  0.00050254
          16   -0.539504   -0.541217 0.000483926
          17    -0.54192   -0.541258 0.000457226
          18   -0.539272   -0.541148 0.000444936
          19   -0.540016   -0.541088 0.000425485
          20    -0.53824   -0.540946 0.000427376
           1   -0.527912   -0.527912           0
           2   -0.531064   -0.529488   0.0011144
           3   -0.527096   -0.528691 0.000987814
           4   -0.525696   -0.527942 0.000984505
           5    -0.52676   -0.527706 0.000815493
           6   -0.529048   -0.527929 0.000709605
           7     -0.5318   -0.528482 0.000794999
           8   -0.528656   -0.528504 0.000695921
           9   -0.529704   -0.528637  0.00063124
          10   -0.527552   -0.528529 0.000577371
          11   -0.526056   -0.528304 0.000566959
          12   -0.526944   -0.528191 0.000530919
          13   -0.528496   -0.528214 0.000490599
          14   -0.530912   -0.528407 0.000491948
          15   -0.529616   -0.528487 0.000465709
          16   -0.526752   -0.528379 0.000449056
          17   -0.524664    -0.52816 0.000472833
          18   -0.526472   -0.528067 0.000455775
          19   -0.528928   -0.528112 0.000434035
          20   -0.525664    -0.52799 0.000429245
           1    -0.51552    -0.51552           0
           2    -0.51752    -0.51652 0.000707107
           3     -0.5168   -0.516613 0.000477524
           4   -0.513688   -0.515882 0.000727601
           5    -0.51484   -0.515674 0.000611197
           6   -0.516456   -0.515804 0.000523057
           7   -0.519752   -0.516368 0.000688228
           8   -0.515568   -0.516268 0.000609421
           9   -0.518136   -0.516476 0.000575969
          10    -0.51632    -0.51646 0.000518582
          11   -0.515064   -0.516333 0.000486719
          12   -0.513112   -0.516065 0.000514884
          13   -0.516616   -0.516107 0.000477021
          14   -0.518968   -0.516311 0.000484747
          15     -0.5184   -0.516451 0.000472004
          16    -0.51508   -0.516365 0.000450211
          17   -0.516096   -0.516349 0.000424006
          18   -0.514624   -0.516253  0.00041114
          19   -0.515136   -0.516195 0.000393684
          20   -0.514208   -0.516095 0.000386327
           1    -0.50336    -0.50336           0
           2   -0.506776   -0.505068  0.00120774
           3    -0.50456   -0.504899 0.000816944
           4    -0.49984   -0.503634  0.00125497
           5   -0.502776   -0.503462  0.00101564
           6   -0.504992   -0.503717 0.000877778
           7   -0.508032   -0.504334 0.000944314
           8   -0.505728   -0.504508 0.000842204
           9   -0.504952   -0.504557 0.000750069
          10    -0.50412   -0.504514 0.000676336
          11   -0.503832   -0.504452 0.000617683
          12   -0.501664   -0.504219 0.000608326
          13    -0.50568   -0.504332 0.000571814
          14   -0.506464   -0.504484 0.000550881
          15     -0.5052   -0.504532  0.00051622
          16   -0.503888   -0.504492 0.000485521
          17   -0.505224   -0.504535 0.000458869
          18   -0.504712   -0.504544 0.000433482
          19    -0.50652   -0.504648 0.000422954
          20   -0.501216   -0.504477 0.000435235
           1   -0.491808   -0.491808           0
           2     -0.4962   -0.494004  0.00155281
           3    -0.49632   -0.494776  0.00121201
           4   -0.490728   -0.493764   0.0012627
           5    -0.49024   -0.493059  0.00119072
           6     -0.4944   -0.493283  0.00101302
           7   -0.496688   -0.493769 0.000978161
           8   -0.494536   -0.493865 0.000860575
           9   -0.493688   -0.493845  0.00076518
          10    -0.49388   -0.493849  0.00068867
          11   -0.491152   -0.493604 0.000668279
          12   -0.491776   -0.493451 0.000629705
          13   -0.493624   -0.493465 0.000581406
          14   -0.496128   -0.493655 0.000570153
          15   -0.495784   -0.493797 0.000549527
          16   -0.491712   -0.493667 0.000530405
          17   -0.494184   -0.493697 0.000500077
          18   -0.493816   -0.493704 0.000472339
          19   -0.492808   -0.493656 0.000449825
          20   -0.491072   -0.493527 0.000445508
           1    -0.48216    -0.48216           0
           2   -0.484328   -0.483244 0.000766504
           3   -0.483128   -0.483205 0.000511977
           4   -0.479544    -0.48229 0.000880806
           5   -0.480408   -0.481914 0.000780939
           6   -0.483752    -0.48222 0.000708345
           7    -0.48488     -0.4826 0.000701716
           8   -0.482808   -0.482626 0.000614483
           9   -0.484888   -0.482877 0.000595392
          10   -0.482392   -0.482829 0.000537828
          11   -0.480136   -0.482584 0.000541789
          12   -0.480656   -0.482423 0.000519917
          13   -0.485512   -0.482661 0.000531445
          14   -0.484864   -0.482818 0.000516257
          15   -0.484048     -0.4829 0.000488306
          16   -0.481536   -0.482815 0.000465171
          17   -0.481592   -0.482743 0.000443337
          18    -0.48252   -0.482731  0.00041888
          19   -0.481672   -0.482675 0.000400522
          20   -0.479688   -0.482526  0.00040739
           1   -0.472312   -0.472312           0
           2    -0.47376   -0.473036 0.000511945
           3    -0.47228   -0.472784 0.000398522
           4   -0.470136   -0.472122 0.000646544
           5    -0.46904   -0.471506  0.00075597
           6   -0.473472   -0.471833 0.000697407
           7   -0.473664   -0.472095 0.000644951
           8    -0.47132   -0.471998 0.000571559
           9   -0.475632   -0.472402 0.000634853
          10   -0.473072   -0.472469 0.000574895
          11   -0.470632   -0.472302 0.000546344
          12   -0.471784   -0.472259 0.000502517
          13    -0.47364   -0.472365 0.000474963
          14   -0.473784   -0.472466 0.000451723
          15   -0.474872   -0.472627 0.000449178
          16    -0.47228   -0.472605 0.000421627
          17   -0.472064   -0.472573 0.000398024
          18   -0.471936   -0.472538 0.000377483
          19   -0.470384   -0.472424 0.000374249
          20   -0.469528    -0.47228 0.000382532
           1   -0.461072   -0.461072           0
           2   -0.464176   -0.462624  0.00109743
           3   -0.461696   -0.462315 0.000773989
           4    -0.45804   -0.461246  0.00109248
           5   -0.459968    -0.46099 0.000903388
           6   -0.462968    -0.46132 0.000810724
           7   -0.462848   -0.461538 0.000723696
           8    -0.46156   -0.461541 0.000633239
           9   -0.465184   -0.461946 0.000680054
          10   -0.461416   -0.461893 0.000614108
          11   -0.461584   -0.461865 0.000558922
          12   -0.461976   -0.461874 0.000512422
          13   -0.463024   -0.461962  0.00048058
          14   -0.464712   -0.462159 0.000484724
          15    -0.46508   -0.462354  0.00048997
          16   -0.463104   -0.462401 0.000461586
          17    -0.46172    -0.46236 0.000436166
          18   -0.463656   -0.462432 0.000417831
          19   -0.460896   -0.462352 0.000403589
          20    -0.46016   -0.462242 0.000398008
           1   -0.451168   -0.451168           0
           2   -0.451784   -0.451476 0.000217789
           3   -0.451368    -0.45144 0.000148138
           4     -0.4486    -0.45073 0.000624835
           5   -0.451672   -0.450918 0.000527507
           6    -0.45196   -0.451092 0.000467282
           7   -0.454232   -0.451541 0.000576969
           8    -0.45152   -0.451538 0.000504854
           9   -0.456424   -0.452081  0.00068071
          10   -0.453488   -0.452222 0.000627013
          11   -0.452184   -0.452218 0.000570021
          12   -0.453304   -0.452309 0.000529653
          13    -0.45304   -0.452365 0.000491889
          14   -0.456352    -0.45265 0.000532857
          15   -0.454552   -0.452777 0.000512202
          16   -0.452896   -0.452784 0.000480244
          17   -0.453704   -0.452838 0.000455034
          18   -0.452712   -0.452831 0.000429808
          19    -0.45008   -0.452686 0.000430886
          20   -0.449544   -0.452529 0.000437049
           1   -0.442744   -0.442744           0
           2   -0.443712   -0.443228  0.00034224
           3   -0.442528   -0.442995 0.000297243
           4   -0.439504   -0.442122 0.000787946
           5   -0.442464    -0.44219 0.000633319
           6    -0.44248   -0.442239 0.000529602
           7     -0.4448   -0.442605 0.000566414
           8   -0.442152   -0.442548  0.00049843
           9    -0.44516   -0.442838 0.000520732
          10   -0.444048   -0.442959 0.000482507
          11   -0.442424   -0.442911 0.000441089
          12    -0.44352   -0.442961 0.000407245
          13   -0.443224   -0.442982  0.00037642
          14   -0.448088   -0.443346 0.000495692
          15   -0.444592   -0.443429 0.000469551
          16   -0.443912    -0.44346 0.000441172
          17   -0.444704   -0.443533 0.000421251
          18      -0.444   -0.443559 0.000398647
          19   -0.443088   -0.443534 0.000378435
          20   -0.441864    -0.44345 0.000368609
           1     -0.4316     -0.4316           0
           2      -0.434     -0.4328 0.000848528
           3   -0.433752   -0.433117 0.000622201
           4   -0.431872   -0.432806 0.000538942
           5   -0.433328    -0.43291  0.00044115
           6   -0.436208    -0.43346 0.000621985
           7   -0.435728   -0.433784 0.000611724
           8   -0.433888   -0.433797 0.000535397
           9   -0.437008   -0.434154 0.000582783
          10   -0.435616     -0.4343 0.000542538
          11   -0.434152   -0.434287 0.000493383
          12    -0.43664   -0.434483 0.000489699
          13    -0.43476   -0.434504 0.000452494
          14   -0.437752   -0.434736 0.000475946
          15   -0.434552   -0.434724 0.000444374
          16   -0.435896   -0.434797 0.000422598
          17    -0.43612   -0.434875 0.000404842
          18   -0.435288   -0.434898 0.000383001
          19     -0.4334   -0.434819 0.000370866
          20    -0.43204    -0.43468 0.000377455
           1   -0.423144   -0.423144           0
           2   -0.426528   -0.424836  0.00119642
           3   -0.424328   -0.424667 0.000809511
           4   -0.421016   -0.423754  0.00099666
           5   -0.423976   -0.423798 0.000798316
           6    -0.42604   -0.424172 0.000747589
           7   -0.427512   -0.424649 0.000778302
           8   -0.426584   -0.424891  0.00071761
           9   -0.429744    -0.42543 0.000815683
          10   -0.426576   -0.425545 0.000742118
          11   -0.425064   -0.425501 0.000675939
          12   -0.427552   -0.425672 0.000640854
          13   -0.423632   -0.425515 0.000610467
          14   -0.427112   -0.425629 0.000577421
          15   -0.427528   -0.425756 0.000552628
          16   -0.426888   -0.425827 0.000522601
          17   -0.429304   -0.426031 0.000530385
          18   -0.426656   -0.426066 0.000502054
          19   -0.425288   -0.426025 0.000477297
          20    -0.42248   -0.425848 0.000485226
           1    -0.41548    -0.41548           0
           2    -0.41768    -0.41658 0.000777817
           3   -0.415648   -0.416269 0.000577262
           4   -0.413856   -0.415666 0.000678565
           5   -0.418568   -0.416246 0.000751119
           6   -0.417784   -0.416503 0.000668221
           7   -0.418064   -0.416726 0.000608849
           8     -0.4182    -0.41691 0.000559939
           9    -0.42108   -0.417373 0.000662234
          10   -0.417352   -0.417371 0.000596014
          11   -0.417984   -0.417427 0.000544428
          12   -0.418896   -0.417549 0.000512639
          13   -0.416056   -0.417434 0.000485905
          14   -0.417904   -0.417468 0.000452353
          15   -0.418024   -0.417505 0.000423712
          16   -0.418528   -0.417569 0.000402025
          17   -0.420064   -0.417716 0.000404279
          18    -0.41688   -0.417669 0.000384476
          19   -0.417376   -0.417654  0.00036455
          20    -0.41444   -0.417493 0.000380094
           1   -0.406376   -0.406376           0
           2   -0.407952   -0.407164   0.0005572
           3   -0.407008   -0.407112 0.000373885
           4   -0.405544    -0.40672 0.000440318
           5   -0.408632   -0.407102 0.000490986
           6   -0.411768    -0.40788 0.000819324
           7   -0.410592   -0.408267 0.000788576
           8   -0.410312   -0.408523 0.000730245
           9   -0.412552   -0.408971 0.000774259
          10   -0.408048   -0.408878  0.00070231
          11   -0.409544   -0.408939 0.000641065
          12   -0.410096   -0.409035  0.00059485
          13   -0.407856   -0.408945 0.000555967
          14   -0.412048   -0.409166 0.000558701
          15    -0.41008   -0.409227 0.000524765
          16   -0.412416   -0.409427 0.000528459
          17    -0.41232   -0.409597 0.000524067
          18    -0.40828   -0.409524 0.000500031
          19   -0.410136   -0.409556 0.000474752
          20   -0.407712   -0.409464 0.000459878
           1   -0.400304   -0.400304           0
           2   -0.399904   -0.400104 0.000141421
           3   -0.401696   -0.400635 0.000443426
           4   -0.397856    -0.39994 0.000687404
           5   -0.402368   -0.400426 0.000700758
           6   -0.403848   -0.400996 0.000782397
           7    -0.40256   -0.401219 0.000701803
           8   -0.401896   -0.401304 0.000619153
           9   -0.404272   -0.401634  0.00063211
          10   -0.400872   -0.401558 0.000573471
          11   -0.402936   -0.401683 0.000534853
          12   -0.401512   -0.401669 0.000490471
          13   -0.399944   -0.401536 0.000470343
          14   -0.403544   -0.401679 0.000458094
          15    -0.40352   -0.401802 0.000443684
          16   -0.404672   -0.401982 0.000450754
          17   -0.404384   -0.402123 0.000445844
          18   -0.399016    -0.40195 0.000453255
          19   -0.402928   -0.402002 0.000432311
          20   -0.400712   -0.401937 0.000415477
           1      -0.392      -0.392           0
           2   -0.392384   -0.392192 0.000135765
           3   -0.393624   -0.392669 0.000400113
           4   -0.391496   -0.392376 0.000393172
           5    -0.39384   -0.392669 0.000409291
           6   -0.395776   -0.393187 0.000582942
           7   -0.395472   -0.393513 0.000583973
           8   -0.394416   -0.393626 0.000521768
           9   -0.396744   -0.393972 0.000567267
          10   -0.391976   -0.393773  0.00054454
          11   -0.394544   -0.393843 0.000499529
          12   -0.393424   -0.393808  0.00045912
          13   -0.395184   -0.393914 0.000435833
          14   -0.394352   -0.393945 0.000405824
          15   -0.395328   -0.394037   0.0003891
          16    -0.39608   -0.394165 0.000385156
          17   -0.397608   -0.394368 0.000412325
          18   -0.392848   -0.394283 0.000397966
          19   -0.393472    -0.39424 0.000379303
          20    -0.39224    -0.39414 0.000373293
           1    -0.38712    -0.38712           0
           2   -0.386648   -0.386884 0.000166877
           3   -0.387216   -0.386995 0.000143324
           4   -0.384616     -0.3864 0.000526095
           5   -0.386088   -0.386338 0.000424561
           6   -0.387376   -0.386511 0.000387472
           7    -0.38712   -0.386598 0.000341757
           8   -0.387416     -0.3867 0.000313971
           9   -0.390384   -0.387109 0.000476262
          10   -0.386832   -0.387082 0.000429443
          11   -0.387872   -0.387153 0.000396368
          12   -0.387048   -0.387145 0.000363435
          13   -0.389064   -0.387292 0.000364235
          14   -0.389008   -0.387415 0.000358241
          15   -0.387976   -0.387452 0.000336306
          16   -0.389736   -0.387595 0.000344246
          17   -0.390952   -0.387792 0.000376397
          18   -0.386632   -0.387728 0.000360965
          19   -0.386816    -0.38768 0.000345143
          20    -0.38696   -0.387644 0.000329758
           1   -0.380944   -0.380944           0
           2   -0.379216    -0.38008  0.00061094
           3   -0.381056   -0.380405  0.00048626
           4    -0.37588   -0.379274  0.00104544
           5   -0.378128   -0.379045 0.000861108
           6   -0.378576   -0.378967 0.000721126
           7   -0.380456   -0.379179 0.000648736
           8   -0.381312   -0.379446 0.000619998
           9   -0.382136   -0.379745 0.000618975
          10      -0.379    -0.37967 0.000561542
          11   -0.379968   -0.379697 0.000511144
          12   -0.379712   -0.379699  0.00046855
          13   -0.380784   -0.379782 0.000439883
          14   -0.382416    -0.37997 0.000446886
          15   -0.381264   -0.380057 0.000425335
          16   -0.383216   -0.380254  0.00044222
          17    -0.38304   -0.380418  0.00044554
          18   -0.379128   -0.380346 0.000426512
          19   -0.379008   -0.380276 0.000409838
          20    -0.37852   -0.380188 0.000398638
           1   -0.374144   -0.374144           0
           2   -0.372688   -0.373416 0.000514774
           3   -0.374656   -0.373829 0.000481322
           4   -0.370864   -0.373088 0.000736543
           5   -0.371096    -0.37269 0.000688604
           6    -0.37116   -0.372435 0.000619232
           7   -0.375912   -0.372931 0.000702308
           8   -0.374424   -0.373118  0.00063882
           9     -0.3752   -0.373349 0.000608286
          10   -0.374256    -0.37344 0.000554173
          11   -0.375248   -0.373604 0.000527606
          12   -0.374768   -0.373701 0.000492469
          13   -0.371808   -0.373556 0.000475635
          14    -0.37416   -0.373599 0.000443615
          15     -0.3744   -0.373652 0.000417244
          16   -0.376728   -0.373845 0.000433192
          17   -0.376096   -0.373977 0.000427476
          18   -0.374568    -0.37401 0.000404987
          19   -0.373888   -0.374003 0.000383723
          20   -0.372944    -0.37395 0.000368174
           1     -0.3674     -0.3674           0
           2     -0.3666      -0.367 0.000282843
           3     -0.3656   -0.366533 0.000425136
           4    -0.36356    -0.36579 0.000718384
           5   -0.365312   -0.365694 0.000581033
           6   -0.364792   -0.365544 0.000503283
           7    -0.37036   -0.366232 0.000769297
           8   -0.367312   -0.366367 0.000684877
           9   -0.368296   -0.366581 0.000641442
          10    -0.36616   -0.366539  0.00057868
          11   -0.368616   -0.366728 0.000556019
          12   -0.365752   -0.366647 0.000515598
          13   -0.365104   -0.366528 0.000489402
          14   -0.368912   -0.366698 0.000483163
          15    -0.36708   -0.366724 0.000451621
          16   -0.368936   -0.366862 0.000444057
          17   -0.370632   -0.367084  0.00047006
          18   -0.368576   -0.367167 0.000451197
          19   -0.365728   -0.367091 0.000433757
          20   -0.364632   -0.366968  0.00042914
           1   -0.360888   -0.360888           0
           2   -0.360248   -0.360568 0.000226274
           3   -0.361904   -0.361013 0.000393662
           4   -0.356792   -0.359958 0.000960451
           5    -0.35748   -0.359462 0.000887059
           6   -0.359736   -0.359508 0.000740387
           7    -0.36156   -0.359801 0.000690215
           8   -0.361392       -0.36 0.000631935
           9   -0.362568   -0.360285 0.000622815
          10   -0.358768   -0.360134 0.000578721
          11    -0.36304   -0.360398 0.000583315
          12   -0.359344    -0.36031 0.000541276
          13   -0.359656    -0.36026 0.000501972
          14   -0.362112   -0.360392 0.000483239
          15   -0.360344   -0.360389 0.000451033
          16   -0.361368    -0.36045 0.000426976
          17   -0.362936   -0.360596 0.000426166
          18   -0.361312   -0.360636 0.000404342
          19   -0.358392   -0.360518 0.000399937
          20   -0.358096   -0.360397 0.000397851
           1   -0.354328   -0.354328           0
           2   -0.353256   -0.353792 0.000379009
           3      -0.356   -0.354528   0.0006519
           4   -0.349192   -0.353194  0.00125448
           5   -0.350088   -0.352573  0.00114712
           6   -0.354064   -0.352821  0.00098249
           7   -0.357088   -0.353431  0.00101372
           8   -0.355152   -0.353646 0.000909551
           9   -0.356184   -0.353928 0.000851084
          10   -0.353032   -0.353838 0.000770678
          11   -0.356248   -0.354057 0.000731085
          12    -0.35356   -0.354016 0.000671336
          13   -0.352768    -0.35392 0.000626521
          14   -0.356576    -0.35411 0.000609817
          15   -0.354832   -0.354158  0.00057106
          16     -0.3572   -0.354348 0.000566137
          17   -0.358456    -0.35459 0.000582126
          18   -0.355712   -0.354652 0.000553115
          19   -0.354376   -0.354637 0.000524195
          20   -0.353312   -0.354571 0.000502157
           1    -0.34844    -0.34844           0
           2   -0.345544   -0.346992  0.00102389
           3   -0.348088   -0.347357 0.000744925
           4   -0.344104   -0.346544 0.000899039
           5   -0.345752   -0.346386 0.000733053
           6   -0.349088   -0.346836 0.000736357
           7   -0.352736   -0.347679  0.00100364
           8   -0.350136   -0.347986 0.000923986
           9     -0.3492   -0.348121 0.000831108
          10   -0.346352   -0.347944  0.00076659
          11   -0.349104   -0.348049 0.000704116
          12   -0.347736   -0.348023 0.000645924
          13    -0.34696   -0.347942 0.000601394
          14   -0.349744    -0.34807 0.000572053
          15   -0.347752   -0.348049 0.000534309
          16   -0.351104    -0.34824 0.000533941
          17    -0.35336   -0.348541 0.000581301
          18   -0.350104   -0.348628 0.000555453
          19   -0.347216   -0.348554 0.000531166
          20   -0.347544   -0.348503 0.000507002
           1   -0.343584   -0.343584           0
           2   -0.339784   -0.341684   0.0013435
           3   -0.344152   -0.342507  0.00111956
           4   -0.338144   -0.341416  0.00126381
           5   -0.340936    -0.34132  0.00101469
           6   -0.342984   -0.341597 0.000882658
           7   -0.345784   -0.342195 0.000937552
           8   -0.344056   -0.342428 0.000848714
           9   -0.344384   -0.342645 0.000781744
          10   -0.342208   -0.342602 0.000704792
          11    -0.34416   -0.342743 0.000654804
          12   -0.341864    -0.34267 0.000604323
          13   -0.342104   -0.342626 0.000559403
          14   -0.344488   -0.342759 0.000535015
          15    -0.34208   -0.342714 0.000501261
          16     -0.3462   -0.342932 0.000515107
          17   -0.345624    -0.34309 0.000508565
          18   -0.343688   -0.343124 0.000481394
          19   -0.341344    -0.34303  0.00046508
          20   -0.342288   -0.342993 0.000443302
           1   -0.338272   -0.338272           0
           2   -0.336136   -0.337204  0.00075519
           3   -0.338768   -0.337725 0.000659291
           4   -0.333816   -0.336748 0.000980247
           5   -0.335424   -0.336483 0.000819183
           6   -0.337736   -0.336692 0.000708764
           7   -0.341048   -0.337314 0.000837251
           8   -0.338736   -0.337492 0.000751219
           9   -0.338024   -0.337551 0.000670072
          10   -0.337688   -0.337565 0.000603204
          11   -0.339352   -0.337727 0.000569829
          12   -0.335952   -0.337579 0.000541206
          13   -0.336544     -0.3375 0.000505401
          14   -0.338784   -0.337591 0.000477554
          15   -0.335824   -0.337474 0.000460024
          16   -0.339896   -0.337625 0.000455505
          17   -0.339752    -0.33775 0.000445563
          18   -0.336776   -0.337696 0.000424083
          19   -0.336568   -0.337637 0.000405897
          20    -0.33628   -0.337569 0.000391229
           1   -0.331408   -0.331408           0
           2   -0.329312    -0.33036 0.000741048
           3   -0.332536   -0.331085 0.000771237
           4   -0.328784    -0.33051 0.000763436
           5    -0.32912   -0.330232 0.000659425
           6   -0.332088   -0.330541 0.000617829
           7    -0.33388   -0.331018 0.000689513
           8   -0.333848   -0.331372 0.000688094
           9   -0.332992   -0.331552 0.000634746
          10   -0.331672   -0.331564 0.000571385
          11   -0.334456   -0.331827 0.000576764
          12    -0.33156   -0.331805 0.000529129
          13   -0.331744     -0.3318 0.000488447
          14   -0.333832   -0.331945 0.000474633
          15    -0.33088   -0.331874 0.000448271
          16   -0.335328    -0.33209 0.000469361
          17   -0.335152    -0.33227 0.000475056
          18   -0.332904   -0.332305 0.000449968
          19   -0.330512   -0.332211 0.000436072
          20    -0.33032   -0.332116 0.000424394
           1   -0.324952   -0.324952           0
           2   -0.325336   -0.325144 0.000135765
           3    -0.32652   -0.325603 0.000385282
           4     -0.3238   -0.325152 0.000485617
           5   -0.324736   -0.325069 0.000395557
           6   -0.324872   -0.325036 0.000330988
           7   -0.328328   -0.325506 0.000519674
           8   -0.328128   -0.325834 0.000548395
           9   -0.328128   -0.326089 0.000543479
          10   -0.326328   -0.326113 0.000489657
          11    -0.32948   -0.326419 0.000532293
          12   -0.325264   -0.326323  0.00049656
          13   -0.326824   -0.326361 0.000459858
          14   -0.327128   -0.326416  0.00043026
          15   -0.326408   -0.326415 0.000401577
          16   -0.329712   -0.326622 0.000426066
          17   -0.328472    -0.32673 0.000414675
          18    -0.32596   -0.326688  0.00039384
          19   -0.326488   -0.326677 0.000373252
          20   -0.326272   -0.326657 0.000355138
