           1       0.184       0.184           0
           2      0.1034      0.1437   0.0284964
           3     -0.1966   0.0302667   0.0945462
           4      0.1604      0.0628    0.076302
           5      0.3264     0.11552   0.0771336
           6      -0.003   0.0957667   0.0667595
           7     -0.6298 -0.00788571    0.111729
           8     -0.2846   -0.042475    0.102978
           9      0.0938  -0.0273333   0.0926425
          10      0.2766     0.00306   0.0882231
          11      0.1316   0.0147455    0.080973
          12     -0.3226  -0.0133667   0.0789545
          13     -0.2794  -0.0338308   0.0754866
          14      -0.004     -0.0317   0.0701247
          15       0.237  -0.0137867   0.0676991
          16      0.6998   0.0308125   0.0767655
          17      0.1918   0.0402824   0.0728316
          18     -0.2154   0.0260778   0.0701569
          19     -0.3468  0.00645263   0.0691549
          20      0.0168     0.00697   0.0656991
          21      0.2738   0.0196762   0.0637874
          22      0.2954   0.0322091    0.062107
          23     -0.1162   0.0257565    0.059741
          24     -0.0868   0.0210667   0.0574355
          25      0.0984     0.02416   0.0552214
          26     -0.0736      0.0204   0.0532253
          27     -0.2444   0.0105926   0.0521497
          28      0.0204   0.0109429   0.0502884
          29      -0.075  0.00797931   0.0486416
          30     -0.0508     0.00602   0.0470597
          31      -0.046  0.00434194   0.0455715
          32     -0.1408 -0.00019375   0.0443725
          33     -0.2162 -0.00673939    0.043508
          34      0.1616 -0.00178824   0.0425092
          35      0.0556-0.000148571   0.0413262
          36     -0.3028 -0.00855556   0.0410245
          37      -0.372  -0.0183784   0.0410749
          38      0.0334  -0.0170158   0.0400165
          39     -0.2098   -0.021959   0.0392946
          40      0.1628    -0.01734   0.0385828
          41     -0.4982  -0.0290683    0.039384
          42     -0.1908   -0.032919    0.038634
          43      0.1472  -0.0287302    0.037962
          44      0.1162  -0.0254364   0.0372418
          45     -0.3316    -0.03224   0.0370305
          46     -0.4358   -0.041013   0.0372502
          47      -0.084  -0.0419277   0.0364689
          48      0.2524  -0.0357958   0.0362209
          49     -0.5784  -0.0468694   0.0371359
          50      0.3812   -0.038308    0.037367
