           1   -0.461072   -0.461072           0
           2   -0.464176   -0.462624  0.00109743
           3   -0.461696   -0.462315 0.000773989
           4    -0.45804   -0.461246  0.00109248
           5   -0.459968    -0.46099 0.000903388
           6   -0.462968    -0.46132 0.000810724
           7   -0.462848   -0.461538 0.000723696
           8    -0.46156   -0.461541 0.000633239
           9   -0.465184   -0.461946 0.000680054
          10   -0.461416   -0.461893 0.000614108
          11   -0.461584   -0.461865 0.000558922
          12   -0.461976   -0.461874 0.000512422
          13   -0.463024   -0.461962  0.00048058
          14   -0.464712   -0.462159 0.000484724
          15    -0.46508   -0.462354  0.00048997
          16   -0.463104   -0.462401 0.000461586
          17    -0.46172    -0.46236 0.000436166
          18   -0.463656   -0.462432 0.000417831
          19   -0.460896   -0.462352 0.000403589
          20    -0.46016   -0.462242 0.000398008
          21   -0.464752   -0.462362 0.000396596
          22    -0.46128   -0.462312 0.000381604
          23   -0.461968   -0.462297 0.000365306
          24    -0.46288   -0.462322  0.00035089
          25   -0.463872   -0.462384 0.000342291
          26   -0.460248   -0.462302 0.000338838
          27   -0.462696   -0.462316 0.000326604
          28   -0.463816    -0.46237 0.000319302
          29   -0.460544   -0.462307 0.000314436
          30   -0.462344   -0.462308 0.000303958
          31   -0.461064   -0.462268  0.00029679
          32    -0.46408   -0.462325 0.000292868
          33   -0.463512    -0.46236 0.000286195
          34    -0.46196   -0.462349  0.00027802
          35   -0.462984   -0.462367 0.000270668
          36   -0.465104   -0.462443  0.00027362
          37    -0.46244   -0.462443 0.000266225
          38   -0.461152   -0.462409 0.000261377
          39   -0.460416   -0.462358 0.000259622
          40   -0.463432   -0.462385 0.000254517
          41    -0.46032   -0.462334 0.000253242
          42    -0.46404   -0.462375 0.000250448
          43   -0.463928   -0.462411 0.000247214
          44   -0.464152   -0.462451 0.000244742
          45   -0.458704   -0.462367 0.000253068
          46   -0.462944    -0.46238 0.000247877
          47   -0.463232   -0.462398 0.000243265
          48   -0.460944   -0.462368 0.000240076
          49   -0.459568   -0.462311  0.00024188
          50    -0.46292   -0.462323 0.000237349
