0.0453265   -0.32807   0.278919
-0.341809   -0.413637   -0.25276
0.311329   0.442234   0.33313
-0.0116904   0.228544   0.0370902
0.0573408   -0.129401   -0.195379
-0.264951   -0.260437   -0.391158
0.352897   0.100925   -0.210368
-0.226937   -0.0785287   0.0280467
-0.323368   0.188936   -0.462653
-0.0179876   0.0626271   0.369618
0.268368   0.277894   0.480933
0.153615   0.285777   0.102079
0.145727   0.280823   0.317948
-0.455314   -0.430659   -0.0815701
-0.345214   -0.415108   -0.481479
-0.400831   0.375638   -0.227528
-0.183161   0.387694   -0.470805
-0.399932   0.218178   -0.0160754
-0.077828   -0.375512   0.0729132
0.443864   -0.0991888   -0.342575
-0.490235   -0.322408   -0.404432
-0.3785   0.00491516   -0.34518
0.121251   0.0701281   0.143256
0.212735   0.121092   -0.059643
-0.385798   0.153034   0.344125
0.297792   0.135329   0.163753
-0.497569   -0.209154   0.43396
-0.104261   -0.372051   -0.349861
0.454064   0.0621228   0.0130446
0.0339422   -0.348076   -0.124587
0.234031   -0.253738   -0.105864
0.328367   -0.0632221   0.435322
0.26301   -0.0878465   -0.26339
-0.154248   0.110068   -0.0661185
0.0552138   0.448013   -0.280439
0.322171   -0.128308   0.238524
0.0707387   0.17314   -0.495241
0.449192   0.0345487   0.25393
-0.0591911   0.292539   -0.313347
0.496727   -0.221721   0.227817
-0.061438   -0.016339   0.189425
-0.290266   0.279524   0.218975
-0.376433   -0.358107   0.294183
-0.181886   -0.423046   -0.102402
0.0182609   0.357716   0.466073
-0.44805   -0.0104547   0.437001
0.33827   -0.361809   0.212364
-0.113155   0.120028   -0.46047
-0.0434524   0.229533   0.230323
0.163468   -0.185147   0.451257
-0.218215   -0.277876   0.417995
-0.0660067   -0.187311   -0.393831
-0.0381644   0.396826   0.14528
0.0103206   -0.191022   0.0445007
-0.207558   0.0574506   0.330059
-0.16346   0.344911   -0.099868
0.243417   -0.415087   -0.230415
0.0134859   0.413264   -0.0475602
-0.488177   0.206189   -0.334746
0.382422   0.267691   -0.0197279
0.347264   -0.479839   -0.0627758
-0.197992   0.270992   0.379281
0.292544   -0.317226   -0.434049
0.382061   0.247716   0.319734
0.254844   0.069961   -0.400133
-0.403402   -0.219253   -0.167887
-0.234857   -0.0349487   -0.48182
-0.39621   0.439055   0.292738
-0.206732   0.496448   0.177482
-0.142778   -0.268339   0.224078
0.403078   -0.255663   -0.243568
0.384668   0.445031   -0.431283
0.166653   -0.499549   0.218912
-0.181727   0.458831   -0.27549
-0.455023   -0.168769   0.0222797
0.0271353   0.0218273   -0.0126728
0.465787   0.16178   0.495607
-0.479373   0.245309   0.165861
-0.42158   0.376679   -0.435687
0.185181   -0.35302   0.0552
-0.00434658   -0.404414   0.465984
0.0596901   0.2326   -0.153974
0.40189   -0.0899726   -0.124701
0.0996004   -0.122124   0.248527
-0.262067   0.166006   -0.265561
-0.0263489   0.0379241   -0.290368
0.153867   -0.487484   -0.434581
0.326395   0.31345   -0.230062
-0.304613   0.0940462   0.116834
0.213171   -0.379746   0.368581
-0.0643463   -0.123025   0.371249
-0.327984   -0.306476   0.10132
0.150005   0.264578   -0.324854
0.0935217   -0.300299   -0.351717
0.213337   -0.0789895   0.0320355
-0.332698   -0.0948715   0.260975
0.457261   -0.445829   0.401363
0.179216   0.0759282   0.354392
-0.114842   -0.226691   -0.133198
-0.319063   0.411741   -0.00107859
0.22285   0.372832   -0.0596279
-0.362691   0.0602857   -0.141411
-0.129167   0.479687   0.359884
-0.468599   -0.457021   0.128985
-0.215757   -0.0737941   -0.182751
0.37397   0.415792   0.141297
0.380011   -0.283478   0.0415852
0.0402077   -0.0247783   -0.464962
