0.0      0.0
10.0      496.614
20.0      248.692
30.0      165.965
40.0      124.582
50.0      99.735
60.0      83.1636
70.0      71.3227
80.0      62.4395
90.0      55.5321
100.0      50.0061
110.0      45.4867
120.0      41.7146
130.0      38.5239
140.0      35.788
150.0      33.4153
160.0      31.3382
170.0      29.5049
180.0      27.8763
190.0      26.4164
200.0      25.1013
210.0      23.9097
220.0      22.8284
230.0      21.8423
240.0      20.9355
250.0      37.8803
260.0      19.3343
270.0      18.6199
280.0      17.9581
290.0      17.3436
300.0      16.7682
310.0      16.2302
320.0      15.7264
330.0      15.252
340.0      14.8049
350.0      14.3857
360.0      13.9905
370.0      13.6164
380.0      13.2632
390.0      12.9266
400.0      12.6058
410.0      12.3018
420.0      12.013
430.0      11.7364
440.0      11.4729
450.0      11.2217
460.0      10.9811
470.0      10.7505
480.0      10.5299
490.0      10.3176
